[BASH] Running the CPU only (default) graph500 for scale 16
file:(null)	benchmark:GRAPH500	vertices:65536	edges:2097150	partitioning:RANDOM	platform:CPU	alpha:50	repeat:1	gpu_count:1	thread_count:1	thread_sched:GUIDED	thread_bind:false	gpu_graph_mem:DEVICE	gpu_par_randomized:false	sorted:false	edge_sort_key:id	edge_order:asc	separate_singletons:false	lambda:0	time_init:192.22	time_par:5.02	rmt_vertex:0	rmt_edge:0	beta:0	pid0:100,100,0,0	
total	exec	init	comp	comm	finalize	cpu_comp	gpu_comp	gpu_total_comp	scatter	gather	aggr	trv_edges	exec_rate
9.88	9.42	0.19	9.38	0.03	0.00	9.38	0.00	0.00	0.00	0.00	0.00	2097150	0.2226
11.87	11.42	0.18	11.39	0.02	0.00	11.39	0.00	0.00	0.01	0.00	0.00	2097150	0.1836
10.00	9.54	0.18	9.51	0.03	0.00	9.51	0.00	0.00	0.00	0.00	0.00	2097150	0.2197
11.93	11.49	0.18	11.45	0.03	0.00	11.45	0.00	0.00	0.00	0.00	0.00	2097150	0.1826
10.63	10.17	0.18	10.14	0.03	0.00	10.14	0.00	0.00	0.01	0.00	0.00	2097150	0.2061
9.06	8.61	0.18	8.58	0.03	0.00	8.58	0.00	0.00	0.00	0.00	0.00	2097150	0.2435
9.35	8.88	0.20	8.82	0.05	0.00	8.82	0.00	0.00	0.00	0.00	0.00	2097150	0.2362
9.65	9.20	0.18	9.16	0.03	0.00	9.16	0.00	0.00	0.00	0.00	0.00	2097150	0.2280
10.00	9.54	0.18	9.51	0.03	0.00	9.51	0.00	0.00	0.01	0.00	0.00	2097150	0.2199
9.28	8.83	0.18	8.80	0.03	0.00	8.80	0.00	0.00	0.00	0.00	0.00	2097150	0.2374
9.21	8.76	0.18	8.73	0.02	0.00	8.73	0.00	0.00	0.01	0.00	0.00	2097150	0.2393
11.14	10.69	0.18	10.66	0.03	0.00	10.66	0.00	0.00	0.00	0.00	0.00	2097150	0.1961
9.33	8.88	0.18	8.85	0.03	0.00	8.85	0.00	0.00	0.00	0.00	0.00	2097150	0.2361
9.56	9.12	0.18	9.08	0.03	0.00	9.08	0.00	0.00	0.00	0.00	0.00	2097150	0.2301
13.48	13.02	0.19	12.98	0.03	0.00	12.98	0.00	0.00	0.01	0.00	0.00	2097150	0.1611
11.94	11.49	0.18	11.45	0.03	0.00	11.45	0.00	0.00	0.00	0.00	0.00	2097150	0.1825
9.46	8.95	0.18	8.92	0.03	0.00	8.92	0.00	0.00	0.00	0.00	0.00	2097150	0.2343
13.81	13.35	0.18	13.32	0.03	0.00	13.32	0.00	0.00	0.00	0.00	0.00	2097150	0.1570
9.67	9.22	0.18	9.19	0.03	0.00	9.19	0.00	0.00	0.00	0.00	0.00	2097150	0.2274
9.98	9.52	0.18	9.49	0.02	0.00	9.49	0.00	0.00	0.00	0.00	0.00	2097150	0.2204
9.62	9.17	0.18	9.14	0.03	0.00	9.14	0.00	0.00	0.01	0.00	0.00	2097150	0.2287
12.41	11.97	0.18	11.93	0.03	0.00	11.93	0.00	0.00	0.00	0.00	0.00	2097150	0.1752
9.21	8.77	0.18	8.74	0.03	0.00	8.74	0.00	0.00	0.00	0.00	0.00	2097150	0.2390
9.50	9.05	0.18	9.02	0.03	0.00	9.02	0.00	0.00	0.00	0.00	0.00	2097150	0.2317
9.33	8.88	0.18	8.84	0.03	0.00	8.84	0.00	0.00	0.00	0.00	0.00	2097150	0.2362
11.92	11.47	0.18	11.43	0.03	0.00	11.43	0.00	0.00	0.00	0.00	0.00	2097150	0.1829
11.33	10.88	0.18	10.84	0.03	0.00	10.84	0.00	0.00	0.00	0.00	0.00	2097150	0.1927
9.44	8.98	0.18	8.94	0.03	0.00	8.94	0.00	0.00	0.00	0.00	0.00	2097150	0.2336
10.47	10.02	0.18	9.99	0.03	0.00	9.99	0.00	0.00	0.00	0.00	0.00	2097150	0.2092
11.86	11.41	0.18	11.38	0.03	0.00	11.38	0.00	0.00	0.00	0.00	0.00	2097150	0.1838
9.97	9.53	0.18	9.50	0.03	0.00	9.50	0.00	0.00	0.00	0.00	0.00	2097150	0.2201
9.98	9.54	0.18	9.51	0.03	0.00	9.51	0.00	0.00	0.00	0.00	0.00	2097150	0.2198
15.89	15.44	0.18	15.41	0.03	0.00	15.41	0.00	0.00	0.00	0.00	0.00	2097150	0.1358
9.90	9.46	0.18	9.42	0.03	0.00	9.42	0.00	0.00	0.01	0.00	0.00	2097150	0.2217
9.01	8.56	0.18	8.53	0.03	0.00	8.53	0.00	0.00	0.00	0.00	0.00	2097150	0.2449
9.51	9.06	0.18	9.03	0.03	0.00	9.03	0.00	0.00	0.00	0.00	0.00	2097150	0.2314
9.22	8.78	0.18	8.75	0.03	0.00	8.75	0.00	0.00	0.00	0.00	0.00	2097150	0.2387
9.80	9.35	0.18	9.32	0.03	0.00	9.32	0.00	0.00	0.00	0.00	0.00	2097150	0.2242
9.26	8.81	0.18	8.78	0.03	0.00	8.78	0.00	0.00	0.00	0.00	0.00	2097150	0.2380
9.09	8.65	0.18	8.60	0.04	0.00	8.60	0.00	0.00	0.00	0.00	0.00	2097150	0.2425
9.68	9.23	0.18	9.19	0.03	0.00	9.19	0.00	0.00	0.00	0.00	0.00	2097150	0.2273
12.72	12.28	0.18	12.24	0.03	0.00	12.24	0.00	0.00	0.01	0.00	0.00	2097150	0.1708
10.34	9.88	0.20	9.84	0.03	0.00	9.84	0.00	0.00	0.00	0.00	0.00	2097150	0.2122
9.66	9.22	0.18	9.18	0.03	0.00	9.18	0.00	0.00	0.00	0.00	0.00	2097150	0.2276
11.17	10.41	0.19	10.38	0.03	0.00	10.38	0.00	0.00	0.00	0.00	0.00	2097150	0.2014
9.32	8.88	0.18	8.84	0.03	0.00	8.84	0.00	0.00	0.00	0.00	0.00	2097150	0.2362
10.54	10.09	0.18	10.05	0.03	0.00	10.05	0.00	0.00	0.00	0.00	0.00	2097150	0.2079
11.60	11.16	0.18	11.12	0.03	0.00	11.12	0.00	0.00	0.00	0.00	0.00	2097150	0.1880
9.49	9.04	0.18	9.00	0.03	0.00	9.00	0.00	0.00	0.00	0.00	0.00	2097150	0.2321
9.66	9.21	0.18	9.18	0.03	0.00	9.18	0.00	0.00	0.00	0.00	0.00	2097150	0.2277
9.79	9.35	0.18	9.32	0.03	0.00	9.32	0.00	0.00	0.00	0.00	0.00	2097150	0.2243
9.92	9.46	0.20	9.42	0.03	0.00	9.42	0.00	0.00	0.00	0.00	0.00	2097150	0.2218
9.55	9.11	0.18	9.08	0.03	0.00	9.08	0.00	0.00	0.01	0.00	0.00	2097150	0.2302
14.04	13.59	0.18	13.55	0.04	0.00	13.55	0.00	0.00	0.00	0.00	0.00	2097150	0.1543
9.94	9.49	0.18	9.46	0.03	0.00	9.46	0.00	0.00	0.00	0.00	0.00	2097150	0.2209
9.57	9.13	0.18	9.09	0.03	0.00	9.09	0.00	0.00	0.00	0.00	0.00	2097150	0.2298
9.73	9.27	0.18	9.24	0.03	0.00	9.24	0.00	0.00	0.00	0.00	0.00	2097150	0.2261
9.94	9.49	0.18	9.46	0.03	0.00	9.46	0.00	0.00	0.00	0.00	0.00	2097150	0.2210
9.27	8.83	0.18	8.79	0.03	0.00	8.79	0.00	0.00	0.00	0.00	0.00	2097150	0.2375
9.39	8.95	0.18	8.91	0.03	0.00	8.91	0.00	0.00	0.00	0.00	0.00	2097150	0.2344
9.15	8.69	0.18	8.66	0.03	0.00	8.66	0.00	0.00	0.00	0.00	0.00	2097150	0.2412
9.76	9.31	0.18	9.28	0.03	0.00	9.28	0.00	0.00	0.01	0.00	0.00	2097150	0.2252
12.22	11.78	0.18	11.69	0.03	0.00	11.69	0.00	0.00	0.00	0.00	0.00	2097150	0.1781
9.15	8.70	0.18	8.67	0.03	0.00	8.67	0.00	0.00	0.00	0.00	0.00	2097150	0.2409
9.75	9.31	0.18	9.27	0.03	0.00	9.27	0.00	0.00	0.00	0.00	0.00	2097150	0.2254
9.18	8.70	0.19	8.67	0.03	0.00	8.67	0.00	0.00	0.00	0.00	0.00	2097150	0.2410
9.65	9.20	0.18	9.17	0.03	0.00	9.17	0.00	0.00	0.00	0.00	0.00	2097150	0.2280
11.31	10.87	0.18	10.83	0.03	0.00	10.83	0.00	0.00	0.00	0.00	0.00	2097150	0.1930
9.35	8.90	0.18	8.87	0.03	0.00	8.87	0.00	0.00	0.00	0.00	0.00	2097150	0.2356
10.68	10.23	0.18	10.20	0.02	0.00	10.20	0.00	0.00	0.01	0.00	0.00	2097150	0.2049
9.21	8.76	0.18	8.72	0.03	0.00	8.72	0.00	0.00	0.00	0.00	0.00	2097150	0.2395
9.30	8.86	0.18	8.82	0.03	0.00	8.82	0.00	0.00	0.00	0.00	0.00	2097150	0.2368
10.42	9.96	0.19	9.93	0.03	0.00	9.93	0.00	0.00	0.00	0.00	0.00	2097150	0.2105
9.52	9.08	0.18	9.05	0.02	0.00	9.05	0.00	0.00	0.00	0.00	0.00	2097150	0.2310
9.42	8.92	0.23	8.89	0.03	0.00	8.89	0.00	0.00	0.00	0.00	0.00	2097150	0.2350
9.53	9.09	0.18	9.05	0.03	0.00	9.05	0.00	0.00	0.00	0.00	0.00	2097150	0.2308
10.57	10.12	0.18	10.08	0.03	0.00	10.08	0.00	0.00	0.00	0.00	0.00	2097150	0.2073
9.33	8.89	0.18	8.85	0.03	0.00	8.85	0.00	0.00	0.00	0.00	0.00	2097150	0.2360
9.71	9.26	0.18	9.23	0.03	0.00	9.23	0.00	0.00	0.00	0.00	0.00	2097150	0.2264
9.26	8.81	0.19	8.78	0.03	0.00	8.78	0.00	0.00	0.01	0.00	0.00	2097150	0.2380
9.63	9.17	0.19	9.14	0.03	0.00	9.14	0.00	0.00	0.00	0.00	0.00	2097150	0.2287
9.64	9.20	0.18	9.16	0.03	0.00	9.16	0.00	0.00	0.00	0.00	0.00	2097150	0.2280
12.17	11.72	0.18	11.69	0.03	0.00	11.69	0.00	0.00	0.00	0.00	0.00	2097150	0.1789
9.89	9.43	0.19	9.40	0.03	0.00	9.40	0.00	0.00	0.00	0.00	0.00	2097150	0.2223
9.34	8.90	0.18	8.86	0.03	0.00	8.86	0.00	0.00	0.00	0.00	0.00	2097150	0.2357
12.76	12.31	0.17	12.28	0.03	0.00	12.28	0.00	0.00	0.00	0.00	0.00	2097150	0.1703
9.37	8.92	0.18	8.89	0.02	0.00	8.89	0.00	0.00	0.00	0.00	0.00	2097150	0.2351
10.00	9.54	0.19	9.51	0.03	0.00	9.51	0.00	0.00	0.00	0.00	0.00	2097150	0.2198
10.10	9.65	0.18	9.61	0.03	0.00	9.61	0.00	0.00	0.01	0.00	0.00	2097150	0.2174
9.71	9.25	0.18	9.22	0.03	0.00	9.22	0.00	0.00	0.00	0.00	0.00	2097150	0.2267
9.45	9.01	0.18	8.97	0.03	0.00	8.97	0.00	0.00	0.00	0.00	0.00	2097150	0.2328
12.24	11.77	0.19	11.74	0.03	0.00	11.74	0.00	0.00	0.00	0.00	0.00	2097150	0.1781
10.17	9.72	0.18	9.68	0.03	0.00	9.68	0.00	0.00	0.00	0.00	0.00	2097150	0.2157
9.41	8.96	0.18	8.93	0.03	0.00	8.93	0.00	0.00	0.00	0.00	0.00	2097150	0.2341
9.22	8.77	0.18	8.74	0.03	0.00	8.74	0.00	0.00	0.00	0.00	0.00	2097150	0.2390
9.32	8.88	0.18	8.84	0.03	0.00	8.84	0.00	0.00	0.00	0.00	0.00	2097150	0.2361
10.03	9.58	0.18	9.54	0.03	0.00	9.54	0.00	0.00	0.00	0.00	0.00	2097150	0.2190
9.18	8.73	0.18	8.70	0.02	0.00	8.70	0.00	0.00	0.00	0.00	0.00	2097150	0.2401
11.64	11.20	0.18	11.16	0.03	0.00	11.16	0.00	0.00	0.00	0.00	0.00	2097150	0.1873
9.30	8.80	0.23	8.77	0.02	0.00	8.77	0.00	0.00	0.00	0.00	0.00	2097150	0.2383
SCALE: 16
nvtx: 65536
edgefactor: 16
terasize: 1.67772159999999997e-05
A: 5.69999999999999951e-01
B: 1.90000000000000002e-01
C: 1.90000000000000002e-01
D: 5.00000000000000444e-02
generation_time: 0.00000000000000000e+00
construction_time: 7.40565333000000048e-01
nbfs: 100
min_time: 8.74699997901916444e-03
firstquartile_time: 9.08450025320053055e-03
median_time: 9.43799996376037606e-03
thirdquartile_time: 1.02877500653266903e-02
max_time: 1.56259999275207527e-02
mean_time: 9.93221998929977486e-03
stddev_time: 1.27581356839886182e-03
min_nedge: 1.00000000000000000e+00
firstquartile_nedge: 1.04856600000000000e+06
median_nedge: 1.04856600000000000e+06
thirdquartile_nedge: 1.04856600000000000e+06
max_nedge: 1.04856600000000000e+06
mean_nedge: 1.03808034999999998e+06
stddev_nedge: 1.04856500000000000e+05
min_TEPS: 1.03114047154515490e+02
firstquartile_TEPS: 1.02269941165770814e+08
median_TEPS: 1.11525849785392404e+08
thirdquartile_TEPS: 1.15544464479489937e+08
max_TEPS: 1.19877215332699686e+08
harmonic_mean_TEPS: 1.03104075141100584e+04
harmonic_stddev_TEPS: 1.03613371917812237e+04
