[BASH] Running the CPU only (default) graph500 for scale 14
file:(null)	benchmark:GRAPH500	vertices:16384	edges:524286	partitioning:RANDOM	platform:CPU	alpha:50	repeat:1	gpu_count:1	thread_count:1	thread_sched:GUIDED	thread_bind:false	gpu_graph_mem:DEVICE	gpu_par_randomized:false	sorted:false	edge_sort_key:id	edge_order:asc	separate_singletons:false	lambda:0	time_init:113.50	time_par:1.24	rmt_vertex:0	rmt_edge:0	beta:0	pid0:100,100,0,0	
total	exec	init	comp	comm	finalize	cpu_comp	gpu_comp	gpu_total_comp	scatter	gather	aggr	trv_edges	exec_rate
2.60	2.47	0.05	2.44	0.03	0.00	2.44	0.00	0.00	0.00	0.00	0.00	524286	0.2120
2.29	2.15	0.06	2.11	0.03	0.00	2.11	0.00	0.00	0.00	0.00	0.00	524286	0.2442
2.22	2.09	0.05	2.06	0.02	0.00	2.06	0.00	0.00	0.00	0.00	0.00	524286	0.2506
3.02	2.89	0.05	2.86	0.03	0.00	2.86	0.00	0.00	0.00	0.00	0.00	524286	0.1811
2.35	2.23	0.05	2.19	0.03	0.00	2.19	0.00	0.00	0.00	0.00	0.00	524286	0.2355
2.05	1.92	0.05	1.89	0.03	0.00	1.89	0.00	0.00	0.00	0.00	0.00	524286	0.2726
2.26	2.13	0.05	2.10	0.02	0.00	2.10	0.00	0.00	0.00	0.00	0.00	524286	0.2457
2.55	2.42	0.05	2.39	0.02	0.00	2.39	0.00	0.00	0.00	0.00	0.00	524286	0.2164
2.09	1.96	0.05	1.93	0.02	0.00	1.93	0.00	0.00	0.00	0.00	0.00	524286	0.2674
2.09	1.96	0.05	1.92	0.03	0.00	1.92	0.00	0.00	0.00	0.00	0.00	524286	0.2679
2.10	1.97	0.05	1.94	0.03	0.00	1.94	0.00	0.00	0.00	0.00	0.00	524286	0.2659
1.99	1.86	0.05	1.83	0.02	0.00	1.83	0.00	0.00	0.01	0.00	0.00	524286	0.2820
1.89	1.77	0.05	1.74	0.03	0.00	1.74	0.00	0.00	0.00	0.00	0.00	524286	0.2969
2.27	2.13	0.07	2.09	0.03	0.00	2.09	0.00	0.00	0.00	0.00	0.00	524286	0.2465
2.25	2.11	0.05	2.07	0.03	0.00	2.07	0.00	0.00	0.00	0.00	0.00	524286	0.2489
2.72	2.58	0.06	2.54	0.03	0.00	2.54	0.00	0.00	0.00	0.00	0.00	524286	0.2034
2.17	2.02	0.06	1.99	0.03	0.00	1.99	0.00	0.00	0.00	0.00	0.00	524286	0.2594
2.58	2.40	0.08	2.37	0.03	0.00	2.37	0.00	0.00	0.00	0.00	0.00	524286	0.2182
2.24	2.08	0.07	2.04	0.03	0.00	2.04	0.00	0.00	0.00	0.00	0.00	524286	0.2521
2.34	2.19	0.06	2.16	0.03	0.00	2.16	0.00	0.00	0.00	0.00	0.00	524286	0.2389
2.13	1.98	0.06	1.95	0.03	0.00	1.95	0.00	0.00	0.01	0.00	0.00	524286	0.2645
2.63	2.48	0.06	2.45	0.03	0.00	2.45	0.00	0.00	0.00	0.00	0.00	524286	0.2111
2.12	1.97	0.06	1.94	0.03	0.00	1.94	0.00	0.00	0.01	0.00	0.00	524286	0.2656
2.58	2.43	0.06	2.40	0.03	0.00	2.40	0.00	0.00	0.01	0.00	0.00	524286	0.2154
2.29	2.15	0.06	2.11	0.03	0.00	2.11	0.00	0.00	0.00	0.00	0.00	524286	0.2444
2.72	2.55	0.08	2.52	0.03	0.00	2.52	0.00	0.00	0.00	0.00	0.00	524286	0.2055
2.14	1.99	0.06	1.95	0.03	0.00	1.95	0.00	0.00	0.00	0.00	0.00	524286	0.2635
2.23	2.09	0.06	2.05	0.03	0.00	2.05	0.00	0.00	0.00	0.00	0.00	524286	0.2515
2.15	2.01	0.06	1.97	0.03	0.00	1.97	0.00	0.00	0.00	0.00	0.00	524286	0.2612
2.20	2.06	0.06	2.03	0.03	0.00	2.03	0.00	0.00	0.01	0.00	0.00	524286	0.2546
2.13	1.99	0.06	1.95	0.03	0.00	1.95	0.00	0.00	0.00	0.00	0.00	524286	0.2639
2.52	2.37	0.06	2.31	0.06	0.00	2.31	0.00	0.00	0.03	0.00	0.00	524286	0.2210
2.21	2.07	0.06	2.03	0.03	0.00	2.03	0.00	0.00	0.00	0.00	0.00	524286	0.2538
2.49	2.35	0.06	2.31	0.03	0.00	2.31	0.00	0.00	0.00	0.00	0.00	524286	0.2234
2.34	2.19	0.06	2.15	0.03	0.00	2.15	0.00	0.00	0.00	0.00	0.00	524286	0.2398
2.81	2.64	0.08	2.60	0.03	0.00	2.60	0.00	0.00	0.00	0.00	0.00	524286	0.1986
2.43	2.28	0.06	2.24	0.03	0.00	2.24	0.00	0.00	0.00	0.00	0.00	524286	0.2303
2.88	2.71	0.08	2.67	0.03	0.00	2.67	0.00	0.00	0.00	0.00	0.00	524286	0.1937
2.44	2.30	0.06	2.26	0.03	0.00	2.26	0.00	0.00	0.01	0.00	0.00	524286	0.2282
2.20	2.06	0.06	2.02	0.03	0.00	2.02	0.00	0.00	0.01	0.00	0.00	524286	0.2549
2.77	2.62	0.06	2.58	0.03	0.00	2.58	0.00	0.00	0.00	0.00	0.00	524286	0.2003
2.93	2.78	0.06	2.75	0.03	0.00	2.75	0.00	0.00	0.00	0.00	0.00	524286	0.1883
2.48	2.33	0.06	2.30	0.03	0.00	2.30	0.00	0.00	0.01	0.00	0.00	524286	0.2247
2.23	2.08	0.06	2.04	0.03	0.00	2.04	0.00	0.00	0.00	0.00	0.00	524286	0.2518
2.26	2.11	0.06	2.08	0.03	0.00	2.08	0.00	0.00	0.00	0.00	0.00	524286	0.2482
2.15	2.01	0.06	1.97	0.03	0.00	1.97	0.00	0.00	0.01	0.00	0.00	524286	0.2615
2.11	1.97	0.06	1.93	0.03	0.00	1.93	0.00	0.00	0.00	0.00	0.00	524286	0.2664
2.73	2.57	0.06	2.53	0.03	0.00	2.53	0.00	0.00	0.00	0.00	0.00	524286	0.2041
2.22	2.07	0.06	2.03	0.04	0.00	2.03	0.00	0.00	0.00	0.00	0.00	524286	0.2529
2.29	2.14	0.06	2.11	0.03	0.00	2.11	0.00	0.00	0.00	0.00	0.00	524286	0.2450
2.80	2.65	0.06	2.62	0.03	0.00	2.62	0.00	0.00	0.00	0.00	0.00	524286	0.1978
2.30	2.16	0.06	2.13	0.03	0.00	2.13	0.00	0.00	0.00	0.00	0.00	524286	0.2426
2.39	2.25	0.06	2.22	0.03	0.00	2.22	0.00	0.00	0.00	0.00	0.00	524286	0.2330
2.11	1.97	0.06	1.93	0.03	0.00	1.93	0.00	0.00	0.00	0.00	0.00	524286	0.2663
2.83	2.69	0.06	2.65	0.02	0.00	2.65	0.00	0.00	0.00	0.00	0.00	524286	0.1951
2.19	2.05	0.06	2.01	0.03	0.00	2.01	0.00	0.00	0.00	0.00	0.00	524286	0.2556
2.65	2.50	0.06	2.47	0.03	0.00	2.47	0.00	0.00	0.01	0.00	0.00	524286	0.2097
2.67	2.53	0.06	2.49	0.03	0.00	2.49	0.00	0.00	0.00	0.00	0.00	524286	0.2076
2.11	1.96	0.06	1.92	0.03	0.00	1.92	0.00	0.00	0.00	0.00	0.00	524286	0.2674
2.11	1.96	0.06	1.93	0.03	0.00	1.93	0.00	0.00	0.00	0.00	0.00	524286	0.2669
2.61	2.47	0.06	2.43	0.03	0.00	2.43	0.00	0.00	0.00	0.00	0.00	524286	0.2125
2.27	2.11	0.06	2.07	0.03	0.00	2.07	0.00	0.00	0.00	0.00	0.00	524286	0.2486
2.17	2.03	0.06	1.99	0.03	0.00	1.99	0.00	0.00	0.00	0.00	0.00	524286	0.2584
2.21	2.07	0.06	2.03	0.03	0.00	2.03	0.00	0.00	0.00	0.00	0.00	524286	0.2528
2.51	2.37	0.06	2.33	0.03	0.00	2.33	0.00	0.00	0.00	0.00	0.00	524286	0.2213
2.12	1.97	0.06	1.94	0.03	0.00	1.94	0.00	0.00	0.00	0.00	0.00	524286	0.2657
2.58	2.41	0.08	2.38	0.02	0.00	2.38	0.00	0.00	0.00	0.00	0.00	524286	0.2174
3.12	2.95	0.07	2.92	0.03	0.00	2.92	0.00	0.00	0.00	0.00	0.00	524286	0.1776
2.19	2.04	0.06	2.01	0.03	0.00	2.01	0.00	0.00	0.00	0.00	0.00	524286	0.2564
5.03	4.77	0.10	4.71	0.05	0.00	4.71	0.00	0.00	0.01	0.00	0.00	524286	0.1098
4.09	3.84	0.10	3.78	0.06	0.00	3.78	0.00	0.00	0.01	0.00	0.00	524286	0.1364
3.80	3.54	0.10	3.48	0.05	0.00	3.48	0.00	0.00	0.00	0.00	0.00	524286	0.1482
4.73	4.48	0.10	4.40	0.07	0.00	4.40	0.00	0.00	0.01	0.00	0.00	524286	0.1170
4.81	4.55	0.10	4.49	0.05	0.00	4.49	0.00	0.00	0.00	0.00	0.00	524286	0.1152
3.75	3.50	0.10	3.44	0.05	0.00	3.44	0.00	0.00	0.01	0.00	0.00	524286	0.1498
3.81	3.54	0.10	3.49	0.05	0.00	3.49	0.00	0.00	0.01	0.00	0.00	524286	0.1479
3.71	3.47	0.10	3.40	0.05	0.00	3.40	0.00	0.00	0.00	0.00	0.00	524286	0.1512
4.06	3.80	0.10	3.74	0.05	0.02	3.74	0.00	0.00	0.00	0.00	0.00	524286	0.1379
4.81	4.56	0.10	4.50	0.05	0.00	4.50	0.00	0.00	0.01	0.00	0.00	524286	0.1149
3.85	3.60	0.10	3.54	0.05	0.00	3.54	0.00	0.00	0.00	0.00	0.00	524286	0.1455
3.66	3.41	0.10	3.36	0.05	0.00	3.36	0.00	0.00	0.00	0.00	0.00	524286	0.1537
3.69	3.45	0.10	3.39	0.05	0.00	3.39	0.00	0.00	0.01	0.00	0.00	524286	0.1521
4.95	4.70	0.10	4.64	0.05	0.00	4.64	0.00	0.00	0.00	0.00	0.00	524286	0.1115
3.73	3.48	0.10	3.40	0.07	0.00	3.40	0.00	0.00	0.01	0.00	0.00	524286	0.1507
4.20	3.95	0.10	3.89	0.05	0.00	3.89	0.00	0.00	0.00	0.00	0.00	524286	0.1327
3.84	3.58	0.10	3.42	0.15	0.00	3.42	0.00	0.00	0.01	0.10	0.00	524286	0.1466
3.79	3.55	0.10	3.47	0.06	0.00	3.47	0.00	0.00	0.01	0.00	0.00	524286	0.1478
3.85	3.59	0.10	3.53	0.05	0.00	3.53	0.00	0.00	0.01	0.00	0.00	524286	0.1462
4.80	4.55	0.10	4.49	0.05	0.00	4.49	0.00	0.00	0.01	0.00	0.00	524286	0.1152
4.23	3.99	0.10	3.92	0.05	0.00	3.92	0.00	0.00	0.00	0.00	0.00	524286	0.1315
3.81	3.56	0.10	3.50	0.05	0.00	3.50	0.00	0.00	0.00	0.00	0.00	524286	0.1471
7.53	7.12	0.12	6.99	0.11	0.00	6.99	0.00	0.00	0.01	0.01	0.00	524286	0.0736
8.23	7.68	0.23	7.55	0.11	0.00	7.55	0.00	0.00	0.01	0.01	0.00	524286	0.0683
8.58	8.08	0.20	7.96	0.10	0.00	7.96	0.00	0.00	0.01	0.01	0.01	524286	0.0649
7.59	7.06	0.24	6.94	0.09	0.00	6.94	0.00	0.00	0.01	0.00	0.01	524286	0.0743
8.25	7.71	0.23	7.58	0.11	0.00	7.58	0.00	0.00	0.01	0.01	0.00	524286	0.0680
9.61	9.10	0.20	8.98	0.10	0.01	8.98	0.00	0.00	0.01	0.01	0.00	524286	0.0576
7.64	7.15	0.20	7.02	0.11	0.01	7.02	0.00	0.00	0.01	0.00	0.00	524286	0.0733
8.07	7.58	0.20	7.46	0.10	0.00	7.46	0.00	0.00	0.01	0.00	0.00	524286	0.0692
7.77	7.27	0.20	7.16	0.10	0.00	7.16	0.00	0.00	0.01	0.00	0.00	524286	0.0721
SCALE: 14
nvtx: 16384
edgefactor: 16
terasize: 4.19430399999999992e-06
A: 5.69999999999999951e-01
B: 1.90000000000000002e-01
C: 1.90000000000000002e-01
D: 5.00000000000000444e-02
generation_time: 0.00000000000000000e+00
construction_time: 1.98399416000000023e-01
nbfs: 100
min_time: 1.81799983978271477e-03
firstquartile_time: 2.13475018739700279e-03
median_time: 2.48899996280670154e-03
thirdquartile_time: 3.64525002241134627e-03
max_time: 9.29299974441528259e-03
mean_time: 3.16104003190994251e-03
stddev_time: 1.67444524114326128e-03
min_nedge: 2.62140000000000000e+05
firstquartile_nedge: 2.62140000000000000e+05
median_nedge: 2.62140000000000000e+05
thirdquartile_nedge: 2.62140000000000000e+05
max_nedge: 2.62140000000000000e+05
mean_nedge: 2.62140000000000000e+05
stddev_nedge: 0.00000000000000000e+00
min_TEPS: 2.82083296254834756e+07
firstquartile_TEPS: 7.22708896486672759e+07
median_TEPS: 1.06916487169255793e+08
thirdquartile_TEPS: 1.23331163588046700e+08
max_TEPS: 1.44191431849262804e+08
harmonic_mean_TEPS: 8.29284024731605798e+07
harmonic_stddev_TEPS: 4.41495880482542049e+06
