[BASH] Running the GPU only graph500 for scale 14
file:/dev/null	benchmark:GRAPH500	vertices:16384	edges:524286	partitioning:RANDOM	platform:GPU	alpha:50	repeat:1	gpu_count:1	thread_count:1	thread_sched:GUIDED	thread_bind:false	gpu_graph_mem:DEVICE	gpu_par_randomized:false	sorted:false	edge_sort_key:id	edge_order:asc	separate_singletons:false	lambda:0	time_init:129.21	time_par:1.49	rmt_vertex:0	rmt_edge:0	beta:0	pid0:100,100,0,0	
total	exec	init	comp	comm	finalize	cpu_comp	gpu_comp	gpu_total_comp	scatter	gather	aggr	trv_edges	exec_rate
113.85	111.23	0.50	110.06	1.16	0.00	0.00	110.06	110.06	0.00	0.00	0.12	524286	0.0047
52.41	49.84	0.51	49.02	0.81	0.00	0.00	49.02	49.02	0.00	0.00	0.09	524286	0.0105
54.50	51.99	0.45	50.81	1.14	0.00	0.00	50.81	50.81	0.00	0.00	0.10	524286	0.0101
35.21	32.69	0.47	31.94	0.74	0.00	0.00	31.94	31.94	0.00	0.00	0.10	524286	0.0160
30.04	27.49	0.47	26.48	1.00	0.00	0.00	26.48	26.48	0.00	0.00	0.09	524286	0.0191
26.40	23.87	0.48	23.06	0.80	0.00	0.00	23.06	23.06	0.00	0.00	0.09	524286	0.0220
36.14	33.39	0.69	32.61	0.77	0.00	0.00	32.61	32.61	0.00	0.00	0.10	524286	0.0157
33.79	31.25	0.47	30.51	0.73	0.00	0.00	30.51	30.51	0.00	0.00	0.10	524286	0.0168
35.61	33.09	0.47	32.26	0.82	0.00	0.00	32.26	32.26	0.00	0.00	0.09	524286	0.0158
26.45	23.73	0.66	22.92	0.80	0.00	0.00	22.92	22.92	0.00	0.00	0.09	524286	0.0221
25.92	23.40	0.47	22.59	0.80	0.00	0.00	22.59	22.59	0.00	0.00	0.10	524286	0.0224
26.86	24.42	0.48	23.69	0.72	0.00	0.00	23.69	23.69	0.00	0.00	0.08	524286	0.0215
25.91	23.52	0.42	22.88	0.64	0.00	0.00	22.88	22.88	0.00	0.00	0.08	524286	0.0223
29.70	27.33	0.42	26.51	0.80	0.00	0.00	26.51	26.51	0.00	0.00	0.08	524286	0.0192
28.68	26.31	0.41	25.67	0.64	0.00	0.00	25.67	25.67	0.00	0.00	0.09	524286	0.0199
27.48	25.09	0.41	24.42	0.66	0.00	0.00	24.42	24.42	0.00	0.00	0.08	524286	0.0209
24.70	22.30	0.42	21.64	0.65	0.00	0.00	21.64	21.64	0.00	0.00	0.08	524286	0.0235
29.52	27.14	0.42	26.42	0.71	0.00	0.00	26.42	26.42	0.00	0.00	0.08	524286	0.0193
26.28	23.89	0.43	23.18	0.71	0.00	0.00	23.18	23.18	0.00	0.00	0.08	524286	0.0219
31.63	29.20	0.47	28.39	0.81	0.00	0.00	28.39	28.39	0.00	0.00	0.08	524286	0.0180
25.62	23.20	0.45	22.55	0.65	0.00	0.00	22.55	22.55	0.00	0.00	0.08	524286	0.0226
29.57	27.19	0.42	26.46	0.72	0.00	0.00	26.46	26.46	0.00	0.00	0.09	524286	0.0193
24.60	22.22	0.42	21.57	0.65	0.00	0.00	21.57	21.57	0.00	0.00	0.09	524286	0.0236
29.45	27.08	0.42	26.36	0.71	0.00	0.00	26.36	26.36	0.00	0.00	0.08	524286	0.0194
29.16	26.78	0.42	26.13	0.65	0.00	0.00	26.13	26.13	0.00	0.00	0.08	524286	0.0196
27.65	25.26	0.43	24.45	0.80	0.00	0.00	24.45	24.45	0.00	0.00	0.09	524286	0.0208
25.30	22.89	0.42	22.14	0.74	0.00	0.00	22.14	22.14	0.00	0.00	0.08	524286	0.0229
24.63	22.25	0.42	21.61	0.64	0.00	0.00	21.61	21.61	0.00	0.00	0.08	524286	0.0236
25.53	23.16	0.41	22.50	0.66	0.00	0.00	22.50	22.50	0.00	0.01	0.08	524286	0.0226
25.29	22.91	0.41	22.11	0.79	0.00	0.00	22.11	22.11	0.00	0.00	0.08	524286	0.0229
25.32	22.95	0.41	22.23	0.72	0.00	0.00	22.23	22.23	0.00	0.00	0.08	524286	0.0228
27.15	24.71	0.45	23.75	0.96	0.00	0.00	23.75	23.75	0.00	0.00	0.08	524286	0.0212
28.83	26.45	0.41	25.72	0.73	0.00	0.00	25.72	25.72	0.00	0.00	0.08	524286	0.0198
32.77	30.40	0.42	29.58	0.81	0.00	0.00	29.58	29.58	0.00	0.00	0.08	524286	0.0172
27.43	25.05	0.42	24.40	0.65	0.00	0.00	24.40	24.40	0.00	0.00	0.08	524286	0.0209
28.73	26.36	0.41	25.63	0.72	0.00	0.00	25.63	25.63	0.00	0.00	0.08	524286	0.0199
29.95	27.52	0.42	26.87	0.64	0.00	0.00	26.87	26.87	0.00	0.00	0.09	524286	0.0190
27.43	25.04	0.43	24.18	0.85	0.00	0.00	24.18	24.18	0.00	0.00	0.08	524286	0.0209
29.40	26.98	0.43	26.32	0.65	0.00	0.00	26.32	26.32	0.00	0.00	0.09	524286	0.0194
25.24	22.86	0.41	22.14	0.71	0.00	0.00	22.14	22.14	0.00	0.00	0.09	524286	0.0229
28.35	25.98	0.41	25.32	0.65	0.00	0.00	25.32	25.32	0.00	0.00	0.08	524286	0.0202
28.97	26.56	0.43	25.69	0.86	0.00	0.00	25.69	25.69	0.00	0.00	0.09	524286	0.0197
27.73	25.36	0.42	24.70	0.65	0.00	0.00	24.70	24.70	0.00	0.00	0.08	524286	0.0207
25.26	22.85	0.45	22.13	0.71	0.00	0.00	22.13	22.13	0.00	0.00	0.08	524286	0.0229
25.52	23.14	0.42	22.24	0.89	0.00	0.00	22.24	22.24	0.00	0.00	0.08	524286	0.0227
26.29	23.89	0.43	23.16	0.72	0.00	0.00	23.16	23.16	0.00	0.00	0.08	524286	0.0219
26.62	24.24	0.42	23.43	0.80	0.00	0.00	23.43	23.43	0.00	0.00	0.09	524286	0.0216
27.98	25.59	0.42	24.92	0.67	0.00	0.00	24.92	24.92	0.00	0.00	0.08	524286	0.0205
24.98	22.59	0.43	21.87	0.72	0.00	0.00	21.87	21.87	0.00	0.00	0.09	524286	0.0232
27.52	25.13	0.42	24.48	0.65	0.00	0.00	24.48	24.48	0.00	0.00	0.09	524286	0.0209
26.20	23.83	0.42	23.17	0.65	0.00	0.00	23.17	23.17	0.00	0.00	0.08	524286	0.0220
29.20	26.78	0.42	26.12	0.66	0.00	0.00	26.12	26.12	0.00	0.00	0.08	524286	0.0196
29.01	26.64	0.42	25.98	0.65	0.00	0.00	25.98	25.98	0.00	0.00	0.09	524286	0.0197
25.02	22.63	0.42	21.91	0.72	0.00	0.00	21.91	21.91	0.00	0.00	0.09	524286	0.0232
25.87	23.49	0.42	22.80	0.69	0.00	0.00	22.80	22.80	0.00	0.00	0.08	524286	0.0223
24.83	22.45	0.42	21.73	0.71	0.00	0.00	21.73	21.73	0.00	0.00	0.08	524286	0.0234
27.85	25.46	0.42	24.80	0.65	0.00	0.00	24.80	24.80	0.00	0.00	0.09	524286	0.0206
28.85	26.46	0.43	25.55	0.90	0.00	0.00	25.55	25.55	0.00	0.00	0.08	524286	0.0198
26.87	24.48	0.42	23.77	0.71	0.00	0.00	23.77	23.77	0.00	0.00	0.09	524286	0.0214
24.82	22.22	0.64	21.55	0.66	0.00	0.00	21.55	21.55	0.00	0.00	0.08	524286	0.0236
27.71	25.32	0.42	24.67	0.65	0.00	0.00	24.67	24.67	0.00	0.00	0.09	524286	0.0207
25.83	23.44	0.43	22.73	0.71	0.00	0.00	22.73	22.73	0.00	0.00	0.09	524286	0.0224
25.73	23.35	0.41	22.59	0.75	0.00	0.00	22.59	22.59	0.00	0.00	0.08	524286	0.0225
27.17	24.79	0.41	23.88	0.90	0.00	0.00	23.88	23.88	0.00	0.00	0.08	524286	0.0211
32.75	30.33	0.45	29.69	0.64	0.00	0.00	29.69	29.69	0.00	0.00	0.09	524286	0.0173
26.77	24.36	0.43	23.55	0.81	0.00	0.00	23.55	23.55	0.00	0.00	0.08	524286	0.0215
28.73	26.34	0.42	25.70	0.64	0.00	0.00	25.70	25.70	0.00	0.00	0.08	524286	0.0199
27.51	25.14	0.41	24.49	0.64	0.00	0.00	24.49	24.49	0.00	0.00	0.08	524286	0.0209
26.37	23.99	0.41	23.26	0.72	0.00	0.00	23.26	23.26	0.00	0.00	0.09	524286	0.0219
31.31	28.93	0.43	28.03	0.89	0.00	0.00	28.03	28.03	0.00	0.00	0.08	524286	0.0181
25.22	22.82	0.44	22.11	0.71	0.00	0.00	22.11	22.11	0.00	0.00	0.09	524286	0.0230
25.75	23.38	0.41	22.69	0.68	0.00	0.00	22.69	22.69	0.00	0.00	0.09	524286	0.0224
27.62	25.24	0.42	24.56	0.68	0.00	0.00	24.56	24.56	0.00	0.00	0.08	524286	0.0208
26.48	24.08	0.42	23.43	0.64	0.00	0.00	23.43	23.43	0.00	0.00	0.08	524286	0.0218
25.20	22.82	0.42	22.10	0.71	0.00	0.00	22.10	22.10	0.00	0.00	0.09	524286	0.0230
26.42	24.00	0.43	23.15	0.85	0.00	0.00	23.15	23.15	0.00	0.00	0.08	524286	0.0218
26.51	24.14	0.42	23.42	0.71	0.00	0.00	23.42	23.42	0.00	0.00	0.08	524286	0.0217
29.25	26.88	0.41	26.07	0.80	0.00	0.00	26.07	26.07	0.00	0.00	0.08	524286	0.0195
27.04	24.66	0.41	23.93	0.72	0.00	0.00	23.93	23.93	0.00	0.00	0.09	524286	0.0213
25.21	22.83	0.41	22.13	0.70	0.00	0.00	22.13	22.13	0.00	0.00	0.08	524286	0.0230
25.76	23.39	0.41	22.75	0.64	0.00	0.00	22.75	22.75	0.00	0.00	0.08	524286	0.0224
26.98	24.43	0.41	23.77	0.66	0.00	0.00	23.77	23.77	0.00	0.00	0.25	524286	0.0215
27.73	25.17	0.59	24.53	0.64	0.00	0.00	24.53	24.53	0.00	0.00	0.08	524286	0.0208
25.69	23.30	0.42	22.64	0.66	0.00	0.00	22.64	22.64	0.00	0.00	0.09	524286	0.0225
27.98	25.58	0.44	24.92	0.65	0.00	0.00	24.92	24.92	0.00	0.00	0.08	524286	0.0205
24.75	22.37	0.42	21.70	0.66	0.00	0.00	21.70	21.70	0.00	0.00	0.08	524286	0.0234
25.95	23.57	0.42	22.92	0.64	0.00	0.00	22.92	22.92	0.00	0.00	0.08	524286	0.0222
26.71	24.32	0.42	23.58	0.74	0.00	0.00	23.58	23.58	0.00	0.00	0.08	524286	0.0216
27.96	25.55	0.42	24.67	0.87	0.00	0.00	24.67	24.67	0.00	0.00	0.08	524286	0.0205
30.77	28.39	0.42	27.67	0.71	0.00	0.00	27.67	27.67	0.00	0.00	0.08	524286	0.0185
25.86	23.49	0.41	22.55	0.93	0.00	0.00	22.55	22.55	0.00	0.00	0.08	524286	0.0223
27.54	25.16	0.42	24.50	0.66	0.00	0.00	24.50	24.50	0.00	0.00	0.08	524286	0.0208
25.77	23.39	0.42	22.68	0.70	0.00	0.00	22.68	22.68	0.00	0.00	0.08	524286	0.0224
28.62	26.23	0.42	25.59	0.64	0.00	0.00	25.59	25.59	0.00	0.00	0.08	524286	0.0200
26.43	24.04	0.43	23.23	0.81	0.00	0.00	23.23	23.23	0.00	0.00	0.08	524286	0.0218
25.33	22.88	0.43	22.17	0.71	0.00	0.00	22.17	22.17	0.00	0.00	0.09	524286	0.0229
28.22	25.84	0.42	25.18	0.65	0.00	0.00	25.18	25.18	0.00	0.00	0.09	524286	0.0203
26.03	23.64	0.44	22.91	0.72	0.00	0.00	22.91	22.91	0.00	0.00	0.08	524286	0.0222
25.89	23.49	0.41	22.76	0.71	0.00	0.00	22.76	22.76	0.00	0.00	0.08	524286	0.0223
26.09	23.71	0.42	22.91	0.80	0.00	0.00	22.91	22.91	0.00	0.00	0.08	524286	0.0221
SCALE: 14
nvtx: 16384
edgefactor: 16
terasize: 4.19430399999999992e-06
A: 5.69999999999999951e-01
B: 1.90000000000000002e-01
C: 1.90000000000000002e-01
D: 5.00000000000000444e-02
generation_time: 0.00000000000000000e+00
construction_time: 2.10238332999999999e-01
nbfs: 100
min_time: 2.26420001983642580e-02
firstquartile_time: 2.38669999837875374e-02
median_time: 2.51179999113082877e-02
thirdquartile_time: 2.69565001726150555e-02
max_time: 1.11730999946594245e-01
mean_time: 2.69060100221633902e-02
stddev_time: 9.60838991529003837e-03
min_nedge: 2.62140000000000000e+05
firstquartile_nedge: 2.62140000000000000e+05
median_nedge: 2.62140000000000000e+05
thirdquartile_nedge: 2.62140000000000000e+05
max_nedge: 2.62140000000000000e+05
mean_nedge: 2.62140000000000000e+05
stddev_nedge: 0.00000000000000000e+00
min_TEPS: 2.34617071471032221e+06
firstquartile_TEPS: 9.76533410626330785e+06
median_TEPS: 1.05277108200377189e+07
thirdquartile_TEPS: 1.10122039467421807e+07
max_TEPS: 1.15775990505882055e+07
harmonic_mean_TEPS: 9.74280466646917537e+06
harmonic_stddev_TEPS: 3.49677523141471844e+05
