[BASH] Running the GPU only graph500 for scale 21
file:/dev/null	benchmark:GRAPH500	vertices:2097152	edges:67108862	partitioning:RANDOM	platform:GPU	alpha:50	repeat:1	gpu_count:1	thread_count:1	thread_sched:GUIDED	thread_bind:false	gpu_graph_mem:DEVICE	gpu_par_randomized:false	sorted:false	edge_sort_key:id	edge_order:asc	separate_singletons:false	lambda:0	time_init:7538.17	time_par:163.73	rmt_vertex:0	rmt_edge:0	beta:0	pid0:100,100,0,0	
total	exec	init	comp	comm	finalize	cpu_comp	gpu_comp	gpu_total_comp	scatter	gather	aggr	trv_edges	exec_rate
3260.55	3015.03	0.49	3007.58	7.45	0.00	0.00	3007.58	3007.58	0.00	0.00	1.35	67108862	0.0223
3223.32	2980.39	0.37	2977.40	2.99	0.00	0.00	2977.40	2977.40	0.00	0.00	1.35	67108862	0.0225
4246.27	4003.40	0.38	4000.01	3.39	0.00	0.00	4000.01	4000.01	0.00	0.00	1.35	67108862	0.0168
3410.12	3167.06	0.38	3163.99	3.07	0.00	0.00	3163.99	3163.99	0.00	0.00	1.35	67108862	0.0212
3888.64	3645.50	0.38	3642.10	3.39	0.00	0.00	3642.10	3642.10	0.00	0.00	1.35	67108862	0.0184
3193.26	2950.29	0.36	2946.92	3.37	0.00	0.00	2946.92	2946.92	0.00	0.00	1.35	67108862	0.0227
3879.61	3636.55	0.44	3633.23	3.32	0.00	0.00	3633.23	3633.23	0.00	0.00	1.35	67108862	0.0185
4107.14	3864.09	0.37	3860.99	3.10	0.00	0.00	3860.99	3860.99	0.00	0.00	1.35	67108862	0.0174
3745.29	3501.73	0.43	3498.50	3.22	0.00	0.00	3498.50	3498.50	0.00	0.00	1.35	67108862	0.0192
2981.86	2738.70	0.43	2735.73	2.94	0.00	0.00	2735.73	2735.73	0.00	0.00	1.35	67108862	0.0245
3009.32	2765.71	0.36	2762.33	3.38	0.00	0.00	2762.33	2762.33	0.00	0.00	1.35	67108862	0.0243
3764.36	3521.28	0.37	3517.86	3.42	0.00	0.00	3517.86	3517.86	0.00	0.00	1.35	67108862	0.0191
2967.13	2723.88	0.37	2720.78	3.09	0.00	0.00	2720.78	2720.78	0.00	0.00	1.35	67108862	0.0246
3682.45	3439.40	0.36	3436.02	3.37	0.00	0.00	3436.02	3436.02	0.00	0.00	1.35	67108862	0.0195
3913.47	3670.47	0.36	3666.78	3.68	0.00	0.00	3666.78	3666.78	0.00	0.00	1.35	67108862	0.0183
3891.77	3648.69	0.36	3645.32	3.36	0.00	0.00	3645.32	3645.32	0.00	0.00	1.35	67108862	0.0184
4042.34	3799.30	0.37	3795.92	3.37	0.00	0.00	3795.92	3795.92	0.00	0.00	1.35	67108862	0.0177
3439.23	3196.13	0.38	3193.00	3.13	0.00	0.00	3193.00	3193.00	0.00	0.00	1.35	67108862	0.0210
3094.89	2851.75	0.42	2848.64	3.10	0.00	0.00	2848.64	2848.64	0.00	0.00	1.35	67108862	0.0235
3730.60	3487.43	0.36	3483.98	3.44	0.00	0.00	3483.98	3483.98	0.00	0.00	1.35	67108862	0.0192
3461.93	3218.75	0.42	3215.36	3.38	0.00	0.00	3215.36	3215.36	0.00	0.00	1.38	67108862	0.0208
3689.30	3446.04	0.58	3442.60	3.43	0.00	0.00	3442.60	3442.60	0.00	0.00	1.35	67108862	0.0195
3665.94	3422.71	0.44	3419.50	3.20	0.00	0.00	3419.50	3419.50	0.00	0.00	1.35	67108862	0.0196
4004.63	3761.55	0.36	3757.93	3.62	0.00	0.00	3757.93	3757.93	0.00	0.00	1.35	67108862	0.0178
4264.88	4021.84	0.38	4018.46	3.38	0.00	0.00	4018.46	4018.46	0.00	0.00	1.35	67108862	0.0167
4088.22	3845.19	0.36	3841.61	3.57	0.00	0.00	3841.61	3841.61	0.00	0.00	1.36	67108862	0.0175
4239.86	3996.81	0.36	3989.85	6.95	0.00	0.00	3989.85	3989.85	0.00	0.00	1.35	67108862	0.0168
3401.82	3158.21	0.43	3155.23	2.98	0.00	0.00	3155.23	3155.23	0.00	0.00	1.35	67108862	0.0212
4055.78	3812.70	0.36	3809.23	3.45	0.00	0.00	3809.23	3809.23	0.00	0.00	1.35	67108862	0.0176
4037.94	3794.81	0.42	3791.64	3.16	0.00	0.00	3791.64	3791.64	0.00	0.00	1.35	67108862	0.0177
3102.38	2859.30	0.36	2856.17	3.12	0.00	0.00	2856.17	2856.17	0.00	0.00	1.35	67108862	0.0235
4148.19	3905.06	0.45	3901.72	3.34	0.00	0.00	3901.72	3901.72	0.00	0.00	1.35	67108862	0.0172
3296.06	3052.97	0.37	3049.59	3.37	0.00	0.00	3049.59	3049.59	0.00	0.02	1.35	67108862	0.0220
4267.73	4024.50	0.56	4021.07	3.42	0.00	0.00	4021.07	4021.07	0.00	0.00	1.35	67108862	0.0167
3242.76	2999.64	0.37	2996.66	2.97	0.00	0.00	2996.66	2996.66	0.00	0.00	1.35	67108862	0.0224
3001.19	2758.03	0.37	2752.52	5.50	0.00	0.00	2752.52	2752.52	0.00	0.00	1.35	67108862	0.0243
3137.92	2894.78	0.37	2891.64	3.13	0.00	0.00	2891.64	2891.64	0.00	0.02	1.35	67108862	0.0232
3003.45	2760.28	0.36	2756.80	3.48	0.00	0.00	2756.80	2756.80	0.00	0.00	1.35	67108862	0.0243
3007.24	2764.08	0.37	2760.62	3.46	0.00	0.00	2760.62	2760.62	0.00	0.00	1.35	67108862	0.0243
3710.22	3467.10	0.38	3463.93	3.16	0.00	0.00	3463.93	3463.93	0.00	0.00	1.35	67108862	0.0194
3380.84	3137.63	0.43	3134.61	3.01	0.00	0.00	3134.61	3134.61	0.00	0.00	1.35	67108862	0.0214
3071.56	2828.31	0.37	2825.26	3.04	0.00	0.00	2825.26	2825.26	0.00	0.00	1.35	67108862	0.0237
3124.08	2880.77	0.55	2877.65	3.12	0.00	0.00	2877.65	2877.65	0.00	0.02	1.35	67108862	0.0233
3289.61	3046.46	0.37	3042.88	3.58	0.00	0.00	3042.88	3042.88	0.00	0.02	1.35	67108862	0.0220
3905.71	3662.10	0.43	3659.21	2.89	0.00	0.00	3659.21	3659.21	0.00	0.00	1.35	67108862	0.0183
3759.47	3516.35	0.36	3512.87	3.48	0.00	0.00	3512.87	3512.87	0.00	0.00	1.35	67108862	0.0191
3056.30	2813.21	0.36	2809.77	3.44	0.00	0.00	2809.77	2809.77	0.00	0.00	1.36	67108862	0.0239
4040.43	3797.35	0.36	3793.97	3.37	0.00	0.00	3793.97	3793.97	0.00	0.00	1.35	67108862	0.0177
3048.27	2805.15	0.37	2801.70	3.44	0.00	0.00	2801.70	2801.70	0.00	0.00	1.35	67108862	0.0239
3316.92	3073.74	0.38	3070.58	3.16	0.00	0.00	3070.58	3070.58	0.00	0.00	1.35	67108862	0.0218
3943.82	3700.71	0.36	3697.18	3.52	0.00	0.00	3697.18	3697.18	0.00	0.00	1.36	67108862	0.0181
4283.15	4039.91	0.45	4036.94	2.97	0.00	0.00	4036.94	4036.94	0.00	0.00	1.35	67108862	0.0166
3119.44	2876.20	0.47	2873.15	3.04	0.00	0.00	2873.15	2873.15	0.00	0.00	1.35	67108862	0.0233
3738.05	3494.87	0.38	3491.49	3.37	0.00	0.00	3491.49	3491.49	0.00	0.00	1.35	67108862	0.0192
4369.89	4126.77	0.37	4123.78	2.99	0.00	0.00	4123.78	4123.78	0.00	0.00	1.35	67108862	0.0163
3129.80	2886.72	0.37	2883.40	3.31	0.00	0.00	2883.40	2883.40	0.00	0.00	1.35	67108862	0.0232
3635.02	3391.93	0.37	3388.56	3.36	0.00	0.00	3388.56	3388.56	0.00	0.00	1.35	67108862	0.0198
3549.00	3305.87	0.37	3302.34	3.52	0.00	0.00	3302.34	3302.34	0.00	0.00	1.35	67108862	0.0203
3411.48	3157.93	10.60	3150.29	7.63	0.00	0.00	3150.29	3150.29	0.00	0.00	1.35	67108862	0.0213
3002.78	2759.62	0.38	2756.13	3.48	0.00	0.00	2756.13	2756.13	0.00	0.00	1.35	67108862	0.0243
4331.91	4088.83	0.35	4085.29	3.53	0.00	0.00	4085.29	4085.29	0.00	0.02	1.35	67108862	0.0164
3260.14	3017.01	0.37	3013.75	3.26	0.00	0.00	3013.75	3013.75	0.00	0.00	1.35	67108862	0.0222
3903.71	3660.65	0.37	3657.26	3.39	0.00	0.00	3657.26	3657.26	0.00	0.00	1.35	67108862	0.0183
3158.60	2907.25	8.66	2896.14	11.10	0.00	0.00	2896.14	2896.14	0.00	0.00	1.35	67108862	0.0231
3372.73	3129.66	0.37	3126.63	3.03	0.00	0.00	3126.63	3126.63	0.00	0.00	1.35	67108862	0.0214
4082.92	3839.80	0.37	3836.35	3.45	0.00	0.00	3836.35	3836.35	0.00	0.00	1.35	67108862	0.0175
3548.23	3305.18	0.36	3301.78	3.39	0.00	0.00	3301.78	3301.78	0.00	0.00	1.35	67108862	0.0203
3711.74	3468.58	0.37	3465.20	3.38	0.00	0.00	3465.20	3465.20	0.00	0.00	1.35	67108862	0.0193
3814.30	3571.17	0.36	3567.58	3.59	0.00	0.00	3567.58	3567.58	0.00	0.00	1.35	67108862	0.0188
4034.34	3791.17	0.38	3783.06	8.10	0.00	0.00	3783.06	3783.06	0.00	0.00	1.35	67108862	0.0177
3061.27	2810.34	8.21	2799.51	10.82	0.00	0.00	2799.51	2799.51	0.00	0.00	1.35	67108862	0.0239
3240.24	2997.15	0.37	2993.82	3.32	0.00	0.00	2993.82	2993.82	0.00	0.00	1.35	67108862	0.0224
4093.22	3849.91	0.36	3846.36	3.54	0.00	0.00	3846.36	3846.36	0.00	0.00	1.38	67108862	0.0174
3946.25	3703.18	0.36	3699.80	3.38	0.00	0.00	3699.80	3699.80	0.00	0.00	1.35	67108862	0.0181
3431.10	3187.99	0.37	3184.46	3.52	0.00	0.00	3184.46	3184.46	0.00	0.00	1.35	67108862	0.0211
3822.86	3579.13	1.00	3571.47	7.66	0.00	0.00	3571.47	3571.47	0.00	0.00	1.35	67108862	0.0188
3326.11	3082.92	0.37	3079.46	3.45	0.00	0.00	3079.46	3079.46	0.00	0.00	1.36	67108862	0.0218
3901.87	3658.81	0.37	3655.27	3.53	0.00	0.00	3655.27	3655.27	0.00	0.00	1.35	67108862	0.0183
4244.43	4001.34	0.42	3998.17	3.16	0.00	0.00	3998.17	3998.17	0.00	0.00	1.35	67108862	0.0168
3464.00	3220.81	0.36	3217.36	3.45	0.00	0.00	3217.36	3217.36	0.00	0.00	1.35	67108862	0.0208
4029.98	3786.88	0.36	3783.50	3.37	0.00	0.00	3783.50	3783.50	0.00	0.00	1.35	67108862	0.0177
2998.19	2755.04	0.37	2751.59	3.45	0.00	0.00	2751.59	2751.59	0.00	0.00	1.36	67108862	0.0244
3291.44	3048.28	0.38	3044.91	3.37	0.00	0.00	3044.91	3044.91	0.00	0.00	1.35	67108862	0.0220
3040.25	2797.10	0.37	2793.67	3.43	0.00	0.00	2793.67	2793.67	0.00	0.00	1.35	67108862	0.0240
3090.73	2847.56	0.37	2844.13	3.42	0.00	0.00	2844.13	2844.13	0.00	0.00	1.35	67108862	0.0236
3745.68	3502.58	0.37	3499.26	3.32	0.00	0.00	3499.26	3499.26	0.00	0.00	1.35	67108862	0.0192
2990.66	2747.52	0.37	2744.05	3.46	0.00	0.00	2744.05	2744.05	0.00	0.00	1.35	67108862	0.0244
3148.87	2885.39	20.73	2870.60	14.77	0.00	0.00	2870.60	2870.60	0.00	0.00	1.35	67108862	0.0233
3881.62	3638.53	0.37	3635.15	3.38	0.00	0.00	3635.15	3635.15	0.00	0.00	1.35	67108862	0.0184
4223.78	3979.62	0.37	3976.26	3.35	0.00	0.00	3976.26	3976.26	0.00	0.00	1.35	67108862	0.0169
3552.21	3309.10	0.37	3303.56	5.54	0.00	0.00	3303.56	3303.56	0.00	0.00	1.35	67108862	0.0203
3983.28	3740.24	0.36	3736.75	3.48	0.00	0.00	3736.75	3736.75	0.00	0.00	1.35	67108862	0.0179
3266.22	3023.13	0.37	3019.69	3.43	0.00	0.00	3019.69	3019.69	0.00	0.00	1.35	67108862	0.0222
3491.09	3247.97	0.35	3244.51	3.46	0.00	0.00	3244.51	3244.51	0.00	0.00	1.35	67108862	0.0207
3153.87	2910.67	0.36	2907.34	3.33	0.00	0.00	2907.34	2907.34	0.00	0.00	1.36	67108862	0.0231
3177.58	2934.42	0.35	2930.92	3.50	0.00	0.00	2930.92	2930.92	0.00	0.00	1.35	67108862	0.0229
3897.99	3654.85	0.37	3649.45	5.39	0.00	0.00	3649.45	3649.45	0.00	0.00	1.35	67108862	0.0184
3245.98	3002.67	0.35	2999.32	3.34	0.00	0.00	2999.32	2999.32	0.00	0.00	1.35	67108862	0.0223
3061.40	2818.24	0.35	2814.85	3.39	0.00	0.00	2814.85	2814.85	0.00	0.00	1.35	67108862	0.0238
4051.83	3808.71	0.36	3805.34	3.36	0.00	0.00	3805.34	3805.34	0.00	0.00	1.35	67108862	0.0176
SCALE: 21
nvtx: 2097152
edgefactor: 16
terasize: 5.36870911999999989e-04
A: 5.69999999999999951e-01
B: 1.90000000000000002e-01
C: 1.90000000000000002e-01
D: 5.00000000000000444e-02
generation_time: 0.00000000000000000e+00
construction_time: 4.05234009910000026e+01
nbfs: 100
min_time: 2.72424500036239614e+00
firstquartile_time: 2.93874300003051747e+00
median_time: 3.30785400032997146e+00
thirdquartile_time: 3.70292024976015055e+00
max_time: 4.12714299988746625e+00
mean_time: 3.33267872000932686e+00
stddev_time: 4.21507823720910335e-01
min_nedge: 3.35540490000000000e+07
firstquartile_nedge: 3.35540490000000000e+07
median_nedge: 3.35540490000000000e+07
thirdquartile_nedge: 3.35540490000000000e+07
max_nedge: 3.35540490000000000e+07
mean_nedge: 3.35540490000000000e+07
stddev_nedge: 0.00000000000000000e+00
min_TEPS: 8.13009120374915749e+06
firstquartile_TEPS: 9.14590590651845373e+06
median_TEPS: 1.02402464392737336e+07
thirdquartile_TEPS: 1.15216995437491126e+07
max_TEPS: 1.23168250269474406e+07
harmonic_mean_TEPS: 1.00681919317761622e+07
harmonic_stddev_TEPS: 1.27981171239986783e+05
