[BASH] Running the GPU only graph500 for scale 15
file:/dev/null	benchmark:GRAPH500	vertices:32768	edges:1048574	partitioning:RANDOM	platform:HYBRID	alpha:50	repeat:1	gpu_count:1	thread_count:1	thread_sched:GUIDED	thread_bind:false	gpu_graph_mem:DEVICE	gpu_par_randomized:false	sorted:false	edge_sort_key:id	edge_order:asc	separate_singletons:false	lambda:0Initializing the shares for Hybrid platform.
	time_init:157.99	time_par:4.05	rmt_vertex:64	rmt_edge:50	beta:2	pid0:50,48,32,25	pid1:50,52,33,25	
total	exec	init	comp	comm	finalize	cpu_comp	gpu_comp	gpu_total_comp	scatter	gather	aggr	trv_edges	exec_rate
46.01	43.27	0.74	37.48	5.79	0.00	3.26	37.48	37.48	1.67	0.73	0.10	1048574	0.0242
18.72	16.00	0.75	11.53	4.46	0.00	6.03	11.53	11.53	0.54	0.67	0.09	1048574	0.0655
16.99	14.41	0.60	8.67	5.73	0.00	3.67	8.67	8.67	1.68	0.68	0.09	1048574	0.0727
21.21	18.35	0.83	12.48	5.85	0.00	4.37	12.48	12.48	0.92	0.64	0.10	1048574	0.0572
19.74	17.02	0.73	11.53	5.48	0.00	4.20	11.53	11.53	0.23	0.65	0.10	1048574	0.0616
27.74	25.00	0.72	19.67	5.33	0.00	6.80	19.67	19.67	0.30	0.69	0.10	1048574	0.0419
27.13	24.48	0.63	17.85	6.62	0.00	5.01	17.85	17.85	0.25	0.65	0.11	1048574	0.0428
51.33	48.65	0.63	43.02	5.62	0.00	9.60	43.02	43.02	0.33	0.70	0.08	1048574	0.0216
15.62	12.87	0.73	8.61	4.25	0.00	4.96	8.61	8.61	0.23	0.66	0.08	1048574	0.0815
16.80	14.08	0.75	9.69	4.38	0.00	5.31	9.69	9.69	0.57	0.64	0.08	1048574	0.0745
36.25	33.61	0.62	28.69	4.91	0.00	13.50	28.69	28.69	0.45	0.92	0.09	1048574	0.0312
21.59	18.98	0.63	14.45	4.52	0.00	6.37	14.45	14.45	0.25	0.68	0.09	1048574	0.0552
23.83	21.18	0.62	15.92	5.25	0.00	6.59	15.92	15.92	0.31	0.68	0.10	1048574	0.0495
25.16	22.41	0.74	16.50	5.90	0.00	3.15	16.50	16.50	1.67	0.64	0.10	1048574	0.0468
37.47	34.90	0.61	29.91	4.98	0.00	10.15	29.91	29.91	0.30	0.70	0.09	1048574	0.0300
36.28	33.65	0.63	29.13	4.51	0.00	11.69	29.13	29.13	0.26	0.68	0.09	1048574	0.0312
24.44	21.70	0.73	15.45	6.24	0.00	3.79	15.45	15.45	1.53	0.64	0.09	1048574	0.0483
21.74	19.09	0.67	12.93	6.15	0.00	3.11	12.93	12.93	1.60	0.64	0.10	1048574	0.0549
27.03	24.34	0.71	18.44	5.90	0.00	3.34	18.44	18.44	1.65	0.65	0.09	1048574	0.0431
17.07	14.39	0.71	8.82	5.55	0.00	3.23	8.82	8.82	1.53	0.64	0.09	1048574	0.0729
16.60	13.91	0.72	8.91	4.98	0.00	4.32	8.91	8.91	0.24	0.65	0.09	1048574	0.0754
71.33	68.71	0.60	63.17	5.53	0.00	18.29	63.17	63.17	0.43	0.81	0.08	1048574	0.0153
56.71	54.14	0.61	49.81	4.33	0.00	23.32	48.99	48.99	0.64	0.71	0.08	1048574	0.0194
51.36	48.77	0.62	44.57	4.20	0.00	26.72	43.66	43.66	0.68	0.71	0.09	1048574	0.0215
13.89	11.20	0.73	6.44	4.76	0.00	3.13	5.49	5.49	1.59	0.66	0.08	1048574	0.0936
13.88	11.26	0.65	6.61	4.64	0.00	4.26	5.49	5.49	0.87	0.67	0.08	1048574	0.0931
15.84	12.99	0.73	7.17	5.81	0.00	3.12	6.03	6.03	1.76	0.65	0.09	1048574	0.0807
16.05	13.36	0.71	8.90	4.46	0.00	4.63	8.90	8.90	0.28	0.65	0.09	1048574	0.0785
16.29	13.71	0.61	8.43	5.27	0.00	3.13	8.43	8.43	1.56	0.69	0.09	1048574	0.0765
19.26	16.55	0.73	11.02	5.52	0.00	3.21	11.02	11.02	1.58	0.88	0.09	1048574	0.0634
22.17	19.42	0.72	14.05	5.36	0.00	3.09	14.05	14.05	1.70	0.64	0.09	1048574	0.0540
40.65	38.06	0.62	33.19	4.86	0.00	13.64	32.80	32.80	0.39	0.72	0.08	1048574	0.0276
13.57	10.88	0.72	6.03	4.85	0.00	3.39	5.39	5.39	1.20	0.65	0.08	1048574	0.0963
19.31	16.57	0.73	11.73	4.84	0.00	3.51	11.63	11.63	1.92	0.64	0.13	1048574	0.0633
20.62	18.03	0.62	14.16	3.86	0.00	10.14	13.85	13.85	0.34	0.73	0.08	1048574	0.0582
12.19	9.49	0.73	5.32	4.16	0.00	3.32	4.47	4.47	0.22	0.77	0.09	1048574	0.1105
23.48	20.74	0.73	16.30	4.43	0.00	10.17	16.21	16.21	0.51	0.71	0.08	1048574	0.0506
17.34	14.76	0.61	9.75	5.01	0.00	4.06	9.75	9.75	2.48	0.59	0.08	1048574	0.0710
15.13	12.45	0.71	7.80	4.64	0.00	4.52	7.06	7.06	0.31	0.65	0.08	1048574	0.0842
14.35	11.77	0.61	6.98	4.78	0.00	4.08	6.86	6.86	0.22	0.65	0.08	1048574	0.0891
19.30	16.57	0.72	11.71	4.85	0.00	3.53	11.71	11.71	1.65	0.64	0.08	1048574	0.0633
18.07	15.38	0.72	10.01	5.36	0.00	3.08	10.01	10.01	1.60	0.69	0.09	1048574	0.0682
16.98	14.23	0.73	8.87	5.36	0.00	3.21	8.87	8.87	1.60	0.69	0.09	1048574	0.0737
29.65	26.88	0.79	22.13	4.74	0.00	11.37	22.13	22.13	0.37	0.74	0.09	1048574	0.0390
39.03	36.44	0.62	31.88	4.55	0.00	13.02	31.88	31.88	0.32	0.70	0.09	1048574	0.0288
14.67	11.51	1.18	6.50	5.01	0.00	3.17	5.87	5.87	1.58	0.65	0.08	1048574	0.0911
13.15	10.53	0.65	5.94	4.59	0.00	3.57	5.15	5.15	0.80	0.65	0.08	1048574	0.0996
29.03	26.47	0.59	22.38	4.08	0.00	15.35	21.76	21.76	0.34	0.72	0.08	1048574	0.0396
15.72	13.01	0.73	8.07	4.93	0.00	3.27	7.99	7.99	1.50	0.68	0.08	1048574	0.0806
21.38	18.64	0.73	13.53	5.11	0.00	3.01	13.53	13.53	1.71	0.64	0.08	1048574	0.0563
16.32	13.57	0.73	8.73	4.83	0.00	4.68	8.73	8.73	1.09	0.87	0.14	1048574	0.0773
32.49	29.78	0.73	24.27	5.51	0.00	5.04	24.27	24.27	3.11	0.61	0.09	1048574	0.0352
19.83	17.12	0.74	11.60	5.52	0.00	3.20	11.60	11.60	1.67	0.70	0.09	1048574	0.0613
23.94	21.22	0.71	15.85	5.36	0.00	3.06	15.85	15.85	1.67	0.65	0.09	1048574	0.0494
23.71	21.10	0.62	16.25	4.84	0.00	7.12	16.25	16.25	0.30	0.69	0.09	1048574	0.0497
51.83	49.24	0.62	44.67	4.57	0.00	17.82	44.11	44.11	0.48	0.71	0.08	1048574	0.0213
16.67	13.98	0.72	9.33	4.65	0.00	3.45	8.94	8.94	1.64	0.67	0.08	1048574	0.0750
22.08	19.50	0.62	14.60	4.89	0.00	4.97	14.60	14.60	3.10	0.59	0.09	1048574	0.0538
20.52	17.72	0.83	13.93	3.78	0.00	10.46	13.76	13.76	0.28	0.71	0.08	1048574	0.0592
13.19	10.48	0.73	5.62	4.85	0.00	3.44	5.00	5.00	1.16	0.65	0.09	1048574	0.1000
15.22	12.63	0.62	7.37	5.25	0.00	3.31	6.76	6.76	1.63	0.66	0.08	1048574	0.0830
14.18	11.20	1.01	6.73	4.46	0.00	3.72	6.73	6.73	0.17	0.72	0.09	1048574	0.0936
13.35	10.67	0.71	6.13	4.53	0.00	3.32	5.79	5.79	0.19	0.95	0.09	1048574	0.0983
22.29	19.72	0.60	15.19	4.52	0.00	8.10	15.19	15.19	0.38	0.70	0.09	1048574	0.0532
19.82	17.00	0.84	12.77	4.23	0.00	7.80	12.77	12.77	0.32	0.71	0.08	1048574	0.0617
19.07	16.37	0.73	11.29	5.07	0.00	3.05	11.21	11.21	1.71	0.64	0.08	1048574	0.0641
14.86	12.15	0.73	6.77	5.38	0.00	3.37	6.60	6.60	1.50	0.66	0.09	1048574	0.0863
15.54	12.93	0.63	7.49	5.43	0.00	3.54	7.39	7.39	0.22	0.63	0.09	1048574	0.0811
23.17	20.46	0.73	15.02	5.44	0.00	3.11	15.02	15.02	1.74	0.64	0.09	1048574	0.0512
43.99	41.40	0.62	36.98	4.41	0.00	15.44	36.98	36.98	0.38	0.98	0.09	1048574	0.0253
22.95	20.23	0.71	15.23	4.99	0.00	3.62	15.23	15.23	1.93	0.62	0.09	1048574	0.0518
17.50	14.57	0.91	10.74	3.83	0.00	6.11	10.74	10.74	0.24	0.72	0.08	1048574	0.0720
14.67	12.00	0.65	7.57	4.43	0.00	4.56	7.57	7.57	0.21	0.70	0.08	1048574	0.0874
14.40	11.81	0.62	7.14	4.66	0.00	4.31	7.04	7.04	0.24	0.64	0.09	1048574	0.0888
25.93	23.28	0.67	18.25	5.02	0.00	7.90	18.25	18.25	0.58	0.68	0.09	1048574	0.0450
21.60	18.89	0.73	13.36	5.52	0.00	3.51	13.36	13.36	1.69	0.64	0.10	1048574	0.0555
20.43	17.72	0.73	12.32	5.40	0.00	4.51	12.32	12.32	0.47	0.64	0.10	1048574	0.0592
18.21	15.50	0.73	9.74	5.76	0.00	3.20	9.74	9.74	1.44	0.64	0.10	1048574	0.0676
33.12	30.41	0.73	24.48	5.93	0.00	4.12	24.48	24.48	2.62	0.66	0.09	1048574	0.0345
14.56	11.82	0.75	7.15	4.67	0.00	3.40	6.82	6.82	0.15	0.64	0.09	1048574	0.0887
15.86	13.16	0.73	8.28	4.87	0.00	3.58	8.28	8.28	0.98	0.64	0.09	1048574	0.0797
20.90	18.18	0.74	12.30	5.87	0.00	2.94	12.30	12.30	1.70	0.72	0.10	1048574	0.0577
26.91	24.32	0.62	19.22	5.09	0.00	6.43	19.22	19.22	0.24	0.71	0.09	1048574	0.0431
37.58	34.94	0.62	29.45	5.48	0.00	9.97	29.28	29.28	0.40	0.72	0.09	1048574	0.0300
20.38	17.79	0.62	12.77	5.01	0.00	4.14	12.77	12.77	2.73	0.59	0.08	1048574	0.0590
15.60	13.02	0.60	7.12	5.90	0.00	3.24	6.69	6.69	1.54	0.65	0.09	1048574	0.0805
28.08	25.42	0.62	20.97	4.45	0.00	10.89	20.97	20.97	0.39	1.08	0.13	1048574	0.0412
18.37	15.78	0.61	9.99	5.79	0.00	4.09	9.99	9.99	1.35	0.64	0.09	1048574	0.0664
26.97	24.35	0.60	17.81	6.53	0.00	3.48	17.81	17.81	2.33	0.61	0.09	1048574	0.0431
20.38	17.67	0.72	11.57	6.10	0.00	3.32	11.57	11.57	1.51	0.64	0.10	1048574	0.0593
29.12	26.41	0.72	19.88	6.52	0.00	3.26	19.88	19.88	1.75	0.84	0.10	1048574	0.0397
25.50	22.90	0.62	15.50	7.39	0.00	3.18	15.50	15.50	1.55	0.65	0.11	1048574	0.0458
26.51	23.91	0.62	17.35	6.56	0.00	5.11	17.35	17.35	0.24	0.66	0.10	1048574	0.0438
22.16	19.44	0.74	14.05	5.38	0.00	5.18	14.05	14.05	0.26	0.66	0.10	1048574	0.0539
26.99	24.22	0.79	18.60	5.62	0.00	3.24	18.60	18.60	1.75	0.65	0.09	1048574	0.0433
16.70	14.12	0.60	9.07	5.04	0.00	4.18	9.07	9.07	0.21	0.64	0.09	1048574	0.0743
18.13	15.53	0.62	10.02	5.51	0.00	4.22	10.02	10.02	1.03	0.65	0.09	1048574	0.0675
21.12	18.42	0.67	11.65	6.76	0.00	3.77	11.65	11.65	1.47	0.63	0.10	1048574	0.0569
28.11	25.48	0.61	19.04	6.43	0.00	3.95	19.04	19.04	2.49	0.59	0.10	1048574	0.0412
26.38	23.67	0.72	16.29	7.38	0.00	3.08	16.29	16.29	1.62	0.65	0.11	1048574	0.0443
SCALE: 15
nvtx: 32768
edgefactor: 16
terasize: 8.38860799999999983e-06
A: 5.69999999999999951e-01
B: 1.90000000000000002e-01
C: 1.90000000000000002e-01
D: 5.00000000000000444e-02
generation_time: 0.00000000000000000e+00
construction_time: 3.37689834000000022e-01
nbfs: 100
min_time: 1.02209999561309814e-02
firstquartile_time: 1.46427502632141097e-02
median_time: 1.87810001373290986e-02
thirdquartile_time: 2.49959999918937699e-02
max_time: 6.93089997768402133e-02
mean_time: 2.15742099905013966e-02
stddev_time: 1.05504190162703810e-02
min_nedge: 5.24282000000000000e+05
firstquartile_nedge: 5.24282000000000000e+05
median_nedge: 5.24282000000000000e+05
thirdquartile_nedge: 5.24282000000000000e+05
max_nedge: 5.24282000000000000e+05
mean_nedge: 5.24282000000000000e+05
stddev_nedge: 0.00000000000000000e+00
min_TEPS: 7.56441445826765802e+06
firstquartile_TEPS: 2.11127338290776759e+07
median_TEPS: 2.83413155443674773e+07
thirdquartile_TEPS: 3.66579683939999118e+07
max_TEPS: 5.12945897906509489e+07
harmonic_mean_TEPS: 2.43013301636921354e+07
harmonic_stddev_TEPS: 1.19439301600007224e+06
