[BASH] Running the GPU only graph500 for scale 18
file:/dev/null	benchmark:GRAPH500	vertices:262143	edges:8388606	partitioning:RANDOM	platform:HYBRID	alpha:50	repeat:1	gpu_count:1	thread_count:1	thread_sched:GUIDED	thread_bind:false	gpu_graph_mem:DEVICE	gpu_par_randomized:false	sorted:false	edge_sort_key:id	edge_order:asc	separate_singletons:false	lambda:0Initializing the shares for Hybrid platform.
	time_init:1029.03	time_par:34.01	rmt_vertex:57	rmt_edge:50	beta:2	pid0:50,49,28,25	pid1:50,51,28,25	
total	exec	init	comp	comm	finalize	cpu_comp	gpu_comp	gpu_total_comp	scatter	gather	aggr	trv_edges	exec_rate
104.74	88.23	0.99	61.31	26.92	0.00	30.98	57.75	57.75	1.31	3.95	0.19	8388606	0.0951
116.04	99.53	1.13	72.57	26.95	0.00	28.43	71.83	71.83	12.25	3.59	0.25	8388606	0.0843
81.61	65.26	1.01	45.28	19.98	0.00	30.27	44.09	44.09	6.47	3.49	0.18	8388606	0.1285
100.89	84.44	1.11	57.56	26.87	0.00	28.09	56.89	56.89	11.03	3.58	0.19	8388606	0.0993
95.43	78.92	1.18	53.48	25.44	0.00	29.12	52.82	52.82	10.83	3.49	0.18	8388606	0.1063
92.61	76.22	1.02	52.28	23.93	0.00	30.16	43.50	43.50	8.89	3.46	0.25	8388606	0.1101
118.39	101.89	1.01	87.90	13.98	0.00	59.41	83.05	83.05	2.29	4.17	0.18	8388606	0.0823
135.13	118.60	1.03	107.05	11.55	0.00	87.41	98.91	98.91	2.95	4.10	0.18	8388606	0.0707
79.00	62.69	1.02	47.54	15.15	0.00	44.96	40.95	40.95	4.89	4.07	0.18	8388606	0.1338
87.34	70.90	1.10	44.84	26.05	0.00	28.15	43.66	43.66	10.72	3.53	0.18	8388606	0.1183
66.66	50.22	1.11	39.47	10.74	0.00	37.27	30.43	30.43	1.41	3.64	0.17	8388606	0.1671
213.29	196.97	1.03	174.65	22.31	0.00	42.25	173.01	173.01	22.06	3.16	0.18	8388606	0.0426
72.81	56.17	1.32	36.81	19.35	0.00	28.72	29.30	29.30	8.02	3.51	0.19	8388606	0.1493
87.12	70.51	1.16	48.45	22.04	0.00	30.78	40.13	40.13	9.52	3.51	0.21	8388606	0.1190
71.24	54.81	1.12	41.62	13.18	0.00	36.20	38.38	38.38	1.77	4.06	0.17	8388606	0.1530
94.98	78.62	1.02	57.37	21.24	0.00	34.20	56.03	56.03	5.66	3.48	0.19	8388606	0.1067
222.33	206.02	1.02	191.64	14.37	0.00	133.00	184.15	184.15	4.22	4.11	0.18	8388606	0.0407
86.36	69.85	1.22	47.98	21.86	0.00	26.49	41.80	41.80	11.43	4.24	0.18	8388606	0.1201
130.45	113.98	0.97	102.14	11.83	0.00	82.41	93.60	93.60	3.06	4.08	0.22	8388606	0.0736
100.37	83.99	1.02	62.90	21.09	0.00	35.14	60.10	60.10	16.56	3.48	0.18	8388606	0.0999
75.94	59.38	1.23	40.02	19.35	0.00	30.53	31.49	31.49	9.56	3.74	0.18	8388606	0.1413
100.32	83.98	1.03	57.40	26.57	0.00	26.53	56.78	56.78	11.53	3.61	0.20	8388606	0.0999
80.51	64.14	1.03	41.60	22.53	0.00	27.28	34.20	34.20	11.41	3.58	0.18	8388606	0.1308
94.94	78.60	1.04	65.76	12.82	0.00	58.51	60.67	60.67	2.64	4.08	0.18	8388606	0.1067
89.04	72.80	0.94	52.37	20.42	0.00	34.96	51.15	51.15	7.73	3.52	0.18	8388606	0.1152
128.08	111.76	0.95	86.29	25.46	0.00	34.29	85.16	85.16	16.45	3.62	0.20	8388606	0.0751
83.56	66.91	1.32	54.08	12.82	0.00	44.67	52.28	52.28	1.93	4.52	0.18	8388606	0.1254
81.86	65.32	1.04	46.87	18.43	0.00	30.72	34.40	34.40	4.38	4.02	0.21	8388606	0.1284
105.32	88.80	1.02	65.09	23.70	0.00	25.96	60.98	60.98	11.85	3.54	0.39	8388606	0.0945
354.44	337.97	1.14	322.07	15.89	0.00	146.81	311.48	311.48	4.86	4.19	0.18	8388606	0.0248
72.19	55.85	1.05	39.31	16.53	0.00	31.30	32.28	32.28	4.54	4.00	0.18	8388606	0.1502
102.12	85.72	0.92	58.97	26.75	0.00	26.48	57.82	57.82	11.98	3.47	0.36	8388606	0.0979
135.04	118.62	0.95	106.58	12.04	0.00	84.92	97.99	97.99	3.13	4.14	0.19	8388606	0.0707
87.72	71.37	1.05	49.17	22.19	0.00	26.70	42.38	42.38	11.66	3.65	0.20	8388606	0.1175
87.57	71.14	1.06	53.40	17.74	0.00	35.69	52.62	52.62	4.65	4.23	0.17	8388606	0.1179
116.25	99.99	0.96	82.74	17.25	0.00	43.82	81.22	81.22	1.61	3.64	0.18	8388606	0.0839
113.49	97.10	1.04	79.06	18.04	0.00	42.75	78.02	78.02	2.64	3.64	0.18	8388606	0.0864
86.91	70.67	0.95	51.92	18.75	0.00	29.20	47.14	47.14	1.27	3.50	0.18	8388606	0.1187
77.13	60.50	0.95	48.51	11.98	0.00	45.65	43.93	43.93	1.60	4.00	0.18	8388606	0.1387
96.49	80.14	1.03	49.59	30.54	0.00	32.26	48.71	48.71	7.11	3.90	0.17	8388606	0.1047
194.21	177.98	0.94	163.51	14.46	0.00	107.15	156.25	156.25	4.16	4.10	0.18	8388606	0.0471
155.68	139.17	1.15	126.24	12.93	0.00	92.40	117.53	117.53	3.28	4.12	0.18	8388606	0.0603
112.91	96.62	0.94	69.57	27.04	0.00	30.28	68.29	68.29	13.93	3.53	0.20	8388606	0.0868
96.99	80.63	1.05	56.41	24.22	0.00	29.31	55.76	55.76	10.62	4.01	0.18	8388606	0.1040
98.31	82.05	0.94	55.30	26.75	0.00	28.21	54.18	54.18	10.56	3.48	0.18	8388606	0.1022
96.23	79.91	0.95	53.57	26.33	0.00	27.85	52.45	52.45	11.21	3.45	0.18	8388606	0.1050
77.30	60.97	1.02	39.69	21.27	0.00	29.02	31.86	31.86	12.48	3.66	0.18	8388606	0.1376
221.50	205.10	1.05	190.63	14.46	0.00	123.11	183.32	183.32	4.44	4.00	0.18	8388606	0.0409
105.36	88.94	1.04	64.02	24.91	0.00	26.77	60.02	60.02	12.35	3.61	0.18	8388606	0.0943
83.88	67.55	1.04	45.21	22.34	0.00	27.67	38.85	38.85	11.38	3.57	0.18	8388606	0.1242
107.49	91.25	0.90	63.72	27.52	0.00	26.61	62.54	62.54	11.50	3.51	0.18	8388606	0.0919
104.59	88.31	0.95	61.57	26.73	0.00	29.66	60.39	60.39	10.79	3.43	0.18	8388606	0.0950
78.41	62.09	1.03	46.33	15.75	0.00	43.73	42.10	42.10	4.74	3.68	0.18	8388606	0.1351
99.01	82.49	0.94	56.09	26.40	0.00	28.57	54.88	54.88	12.46	3.59	0.44	8388606	0.1017
68.95	52.59	1.03	39.95	12.64	0.00	37.73	30.64	30.64	1.81	3.57	0.17	8388606	0.1595
90.32	74.08	0.95	51.75	22.32	0.00	33.86	50.53	50.53	9.50	3.48	0.18	8388606	0.1132
89.62	73.30	1.03	48.01	25.28	0.00	28.06	47.34	47.34	11.19	3.78	0.18	8388606	0.1144
87.16	70.66	1.05	49.39	21.26	0.00	32.88	41.44	41.44	7.96	3.60	0.21	8388606	0.1187
95.12	78.73	1.04	55.35	23.37	0.00	27.05	53.30	53.30	11.26	3.53	0.18	8388606	0.1065
124.98	108.69	0.95	85.06	23.61	0.00	37.68	83.84	83.84	4.55	3.58	0.18	8388606	0.0772
160.98	144.46	1.04	122.48	21.96	0.00	34.22	122.01	122.01	15.50	3.39	0.36	8388606	0.0581
77.23	60.42	1.46	45.70	14.71	0.00	37.90	42.30	42.30	1.72	3.52	0.17	8388606	0.1388
89.81	73.33	1.01	49.32	24.00	0.00	28.75	38.68	38.68	11.33	3.47	0.21	8388606	0.1144
108.32	91.84	1.02	77.67	14.16	0.00	58.35	73.40	73.40	3.42	4.15	0.18	8388606	0.0913
74.43	58.14	0.95	43.28	14.85	0.00	40.74	34.74	34.74	4.90	3.59	0.17	8388606	0.1443
129.10	112.79	0.96	96.91	15.88	0.00	90.40	91.39	91.39	2.88	4.82	0.18	8388606	0.0744
76.09	59.76	1.02	39.38	20.37	0.00	30.07	33.14	33.14	10.18	3.49	0.19	8388606	0.1404
86.33	69.83	1.02	45.25	24.57	0.00	27.24	43.16	43.16	12.05	3.79	0.24	8388606	0.1201
69.08	52.80	0.92	37.39	15.40	0.00	33.84	33.82	33.82	4.86	3.54	0.18	8388606	0.1589
101.63	85.32	0.95	67.91	17.40	0.00	44.57	66.07	66.07	4.72	3.64	0.18	8388606	0.0983
175.65	159.34	0.96	143.71	15.63	0.00	63.14	139.55	139.55	2.35	3.91	0.18	8388606	0.0526
83.40	67.02	1.05	49.43	17.59	0.00	36.38	48.36	48.36	5.83	3.94	0.18	8388606	0.1252
115.87	99.39	1.11	74.03	25.35	0.00	33.93	73.33	73.33	15.81	3.43	0.18	8388606	0.0844
101.72	85.26	0.94	65.90	19.36	0.00	37.26	64.24	64.24	18.94	3.28	0.19	8388606	0.0984
84.78	68.50	0.98	45.40	23.09	0.00	30.52	36.40	36.40	10.41	3.93	0.19	8388606	0.1225
115.88	99.48	1.01	74.22	25.25	0.00	26.99	73.49	73.49	11.09	3.58	0.22	8388606	0.0843
190.14	173.77	0.92	160.75	13.01	0.00	95.79	152.12	152.12	3.10	4.25	0.18	8388606	0.0483
74.47	57.62	1.51	43.57	14.04	0.00	37.40	38.16	38.16	1.91	3.52	0.18	8388606	0.1456
86.39	69.88	1.08	52.40	17.48	0.00	37.37	44.32	44.32	3.37	3.52	0.21	8388606	0.1200
278.62	262.44	0.90	248.13	14.30	0.00	127.39	238.23	238.23	4.40	4.17	0.18	8388606	0.0320
79.21	62.78	1.05	43.63	19.13	0.00	35.80	36.16	36.16	8.07	3.92	0.18	8388606	0.1336
104.37	88.05	1.01	61.01	27.04	0.00	27.18	60.29	60.29	11.37	3.50	0.18	8388606	0.0953
66.34	50.08	0.96	38.21	11.87	0.00	35.99	31.69	31.69	1.85	3.53	0.18	8388606	0.1675
88.43	72.16	0.94	49.42	22.73	0.00	30.44	47.28	47.28	6.69	3.44	0.18	8388606	0.1163
74.43	58.04	1.03	40.24	17.79	0.00	36.77	32.90	32.90	7.66	3.60	0.17	8388606	0.1445
97.29	80.99	0.93	62.85	18.13	0.00	41.74	61.49	61.49	4.89	3.64	0.18	8388606	0.1036
125.28	108.83	0.95	95.88	12.94	0.00	80.34	87.44	87.44	3.25	4.46	0.18	8388606	0.0771
79.04	62.67	1.04	49.45	13.21	0.00	36.80	41.86	41.86	1.76	3.92	0.18	8388606	0.1339
89.83	73.45	1.05	51.69	21.76	0.00	28.72	48.32	48.32	4.66	3.55	0.18	8388606	0.1142
171.60	155.31	0.92	141.58	13.72	0.00	99.27	132.37	132.37	3.25	4.36	0.18	8388606	0.0540
109.32	92.77	1.00	65.54	27.22	0.00	29.77	64.54	64.54	13.75	3.48	0.39	8388606	0.0904
94.44	78.01	1.01	56.96	21.04	0.00	26.69	49.42	49.42	11.45	3.57	0.18	8388606	0.1075
75.00	58.70	1.04	39.99	18.70	0.00	36.17	35.08	35.08	8.39	3.76	0.20	8388606	0.1429
86.64	70.31	0.96	50.87	19.44	0.00	32.83	48.86	48.86	4.38	3.47	0.18	8388606	0.1193
125.98	109.47	0.98	89.57	19.89	0.00	41.78	88.55	88.55	22.12	3.60	0.36	8388606	0.0766
80.55	64.25	0.92	48.36	15.87	0.00	45.97	42.30	42.30	4.92	3.65	0.18	8388606	0.1306
97.69	81.39	0.95	64.97	16.41	0.00	43.16	62.39	62.39	1.89	3.61	0.18	8388606	0.1031
99.99	83.48	0.92	61.44	22.04	0.00	34.59	60.25	60.25	7.28	3.49	0.19	8388606	0.1005
95.09	78.78	1.01	58.94	19.83	0.00	34.74	58.30	58.30	7.43	3.46	0.18	8388606	0.1065
91.87	75.61	0.94	64.18	11.42	0.00	59.18	57.55	57.55	2.01	4.06	0.18	8388606	0.1110
SCALE: 18
nvtx: 262144
edgefactor: 16
terasize: 6.71088639999999987e-05
A: 5.69999999999999951e-01
B: 1.90000000000000002e-01
C: 1.90000000000000002e-01
D: 5.00000000000000444e-02
generation_time: 0.00000000000000000e+00
construction_time: 3.45849199900000004e+00
nbfs: 100
min_time: 5.10380001068115249e-02
firstquartile_time: 6.83170001506805402e-02
median_time: 7.99470002651214567e-02
thirdquartile_time: 9.99062497615814255e-02
max_time: 3.39110999822616554e-01
mean_time: 9.18891899704932930e-02
stddev_time: 4.45347638437117166e-02
min_nedge: 4.19425900000000000e+06
firstquartile_nedge: 4.19425900000000000e+06
median_nedge: 4.19425900000000000e+06
thirdquartile_nedge: 4.19425900000000000e+06
max_nedge: 4.19425900000000000e+06
mean_nedge: 4.19425900000000000e+06
stddev_nedge: 0.00000000000000000e+00
min_TEPS: 1.23683956055508330e+07
firstquartile_TEPS: 4.34256632622716501e+07
median_TEPS: 5.26193447981446385e+07
thirdquartile_TEPS: 6.28103846160410494e+07
max_TEPS: 8.21791408601888865e+07
harmonic_mean_TEPS: 4.56447488692285344e+07
harmonic_stddev_TEPS: 2.22335061702236347e+06
