[BASH] Running the CPU only (default) graph500 for scale 14 with sorted edges
file:/dev/null	benchmark:GRAPH500	vertices:16384	edges:524286	partitioning:RANDOM	platform:CPU	alpha:50	repeat:1	gpu_count:1	thread_count:4	thread_sched:GUIDED	thread_bind:false	gpu_graph_mem:DEVICE	gpu_par_randomized:false	sorted:false	edge_sort_key:degree	edge_order:asc	separate_singletons:false	lambda:0	time_init:149.14	time_par:5.65	rmt_vertex:0	rmt_edge:0	beta:0	pid0:100,100,0,0	
total	exec	init	comp	comm	finalize	cpu_comp	gpu_comp	gpu_total_comp	scatter	gather	aggr	trv_edges	exec_rate
1.52	1.47	0.02	1.44	0.02	0.00	1.44	0.00	0.00	0.00	0.00	0.00	524286	0.3562
8.26	1.34	6.89	1.30	0.03	0.00	1.30	0.00	0.00	0.00	0.00	0.00	524286	0.3927
1.31	1.18	0.11	1.14	0.03	0.00	1.14	0.00	0.00	0.01	0.00	0.00	524286	0.4454
1.53	1.48	0.02	1.45	0.02	0.00	1.45	0.00	0.00	0.00	0.00	0.00	524286	0.3547
10.08	1.55	8.49	1.51	0.03	0.00	1.51	0.00	0.00	0.00	0.00	0.00	524286	0.3387
1.31	1.18	0.10	1.15	0.03	0.00	1.15	0.00	0.00	0.00	0.00	0.00	524286	0.4428
1.33	1.22	0.08	1.19	0.03	0.00	1.19	0.00	0.00	0.00	0.00	0.00	524286	0.4294
9.24	9.18	0.02	9.15	0.03	0.00	9.15	0.00	0.00	0.00	0.00	0.00	524286	0.0571
1.45	1.33	0.09	1.29	0.03	0.00	1.29	0.00	0.00	0.00	0.00	0.00	524286	0.3957
1.33	1.27	0.03	1.23	0.03	0.00	1.23	0.00	0.00	0.00	0.00	0.00	524286	0.4131
1.06	1.01	0.02	0.98	0.03	0.00	0.98	0.00	0.00	0.00	0.00	0.00	524286	0.5191
11.00	10.93	0.02	10.90	0.03	0.00	10.90	0.00	0.00	0.00	0.00	0.00	524286	0.0480
1.35	1.21	0.11	1.18	0.02	0.00	1.18	0.00	0.00	0.00	0.00	0.00	524286	0.4351
1.59	1.48	0.08	1.45	0.02	0.00	1.45	0.00	0.00	0.00	0.00	0.00	524286	0.3550
1.26	1.20	0.03	1.17	0.03	0.00	1.17	0.00	0.00	0.00	0.00	0.00	524286	0.4376
1.43	1.38	0.02	1.35	0.02	0.00	1.35	0.00	0.00	0.00	0.00	0.00	524286	0.3799
9.07	1.33	7.70	1.31	0.02	0.00	1.31	0.00	0.00	0.00	0.00	0.00	524286	0.3927
1.63	1.50	0.06	1.46	0.03	0.00	1.46	0.00	0.00	0.00	0.00	0.00	524286	0.3507
1.14	1.07	0.05	1.04	0.03	0.00	1.04	0.00	0.00	0.00	0.00	0.00	524286	0.4882
1.29	1.25	0.02	1.22	0.02	0.00	1.22	0.00	0.00	0.00	0.00	0.00	524286	0.4204
8.73	1.25	7.44	1.22	0.03	0.00	1.22	0.00	0.00	0.00	0.00	0.00	524286	0.4198
1.61	1.51	0.06	1.46	0.05	0.00	1.46	0.00	0.00	0.00	0.02	0.00	524286	0.3463
1.12	1.04	0.04	1.01	0.02	0.00	1.01	0.00	0.00	0.00	0.00	0.00	524286	0.5022
1.49	1.44	0.02	1.41	0.03	0.00	1.41	0.00	0.00	0.01	0.00	0.00	524286	0.3633
1.54	1.45	0.05	1.42	0.03	0.00	1.42	0.00	0.00	0.00	0.00	0.00	524286	0.3608
1.68	1.48	0.09	1.44	0.03	0.00	1.44	0.00	0.00	0.00	0.00	0.00	524286	0.3554
1.11	0.97	0.11	0.94	0.03	0.00	0.94	0.00	0.00	0.00	0.00	0.00	524286	0.5388
0.94	0.87	0.04	0.85	0.02	0.00	0.85	0.00	0.00	0.00	0.00	0.00	524286	0.5999
8.31	1.32	6.95	1.29	0.02	0.00	1.29	0.00	0.00	0.00	0.00	0.00	524286	0.3969
1.19	1.06	0.10	1.03	0.02	0.00	1.03	0.00	0.00	0.00	0.00	0.00	524286	0.4946
1.03	0.93	0.08	0.90	0.03	0.00	0.90	0.00	0.00	0.00	0.00	0.00	524286	0.5625
1.16	1.10	0.02	1.07	0.03	0.00	1.07	0.00	0.00	0.00	0.00	0.01	524286	0.4753
7.85	1.35	6.46	1.32	0.02	0.00	1.32	0.00	0.00	0.01	0.00	0.00	524286	0.3892
1.54	1.41	0.11	1.37	0.03	0.00	1.37	0.00	0.00	0.00	0.00	0.00	524286	0.3732
1.30	1.18	0.08	1.16	0.03	0.00	1.16	0.00	0.00	0.00	0.00	0.00	524286	0.4424
1.39	1.35	0.02	1.32	0.03	0.00	1.32	0.00	0.00	0.00	0.00	0.00	524286	0.3895
4.57	4.51	0.02	4.48	0.03	0.00	4.48	0.00	0.00	0.00	0.00	0.00	524286	0.1161
9.40	1.73	7.63	1.70	0.02	0.00	1.70	0.00	0.00	0.00	0.00	0.00	524286	0.3036
1.44	1.31	0.10	1.28	0.03	0.00	1.28	0.00	0.00	0.00	0.00	0.00	524286	0.3999
1.17	1.11	0.04	1.06	0.04	0.00	1.06	0.00	0.00	0.00	0.00	0.00	524286	0.4732
1.58	1.53	0.02	1.50	0.03	0.00	1.50	0.00	0.00	0.00	0.00	0.00	524286	0.3424
3.90	1.57	2.28	1.54	0.03	0.00	1.54	0.00	0.00	0.00	0.00	0.00	524286	0.3331
18.96	12.68	5.36	12.63	0.04	0.00	12.63	0.00	0.00	0.00	0.00	0.00	524286	0.0414
16.28	13.54	1.81	13.48	0.05	0.00	13.48	0.00	0.00	0.00	0.00	0.00	524286	0.0387
15.51	12.72	1.85	12.66	0.05	0.00	12.66	0.00	0.00	0.00	0.00	0.00	524286	0.0412
16.29	13.53	1.82	13.46	0.05	0.00	13.46	0.00	0.00	0.01	0.00	0.00	524286	0.0387
16.29	13.93	1.41	13.87	0.05	0.00	13.87	0.00	0.00	0.01	0.00	0.00	524286	0.0376
15.14	12.26	1.93	12.20	0.05	0.00	12.20	0.00	0.00	0.00	0.00	0.00	524286	0.0428
36.74	31.36	2.65	31.28	0.07	0.00	31.28	0.00	0.00	0.01	0.00	0.00	524286	0.0167
40.51	32.50	5.27	32.44	0.05	0.00	32.44	0.00	0.00	0.00	0.01	0.00	524286	0.0161
41.28	34.12	4.00	34.06	0.05	0.00	34.06	0.00	0.00	0.00	0.00	0.00	524286	0.0154
20.29	14.05	5.30	13.99	0.05	0.00	13.99	0.00	0.00	0.00	0.00	0.00	524286	0.0373
15.41	12.09	2.36	12.04	0.04	0.00	12.04	0.00	0.00	0.01	0.00	0.00	524286	0.0434
17.05	14.49	1.63	14.44	0.04	0.00	14.44	0.00	0.00	0.00	0.00	0.00	524286	0.0362
21.02	18.71	1.39	18.66	0.04	0.00	18.66	0.00	0.00	0.00	0.00	0.00	524286	0.0280
17.26	14.96	1.35	14.90	0.05	0.00	14.90	0.00	0.00	0.01	0.00	0.00	524286	0.0350
30.19	26.12	3.12	26.06	0.05	0.00	26.06	0.00	0.00	0.00	0.00	0.00	524286	0.0201
31.54	28.79	1.80	28.72	0.06	0.00	28.72	0.00	0.00	0.00	0.00	0.00	524286	0.0182
24.79	22.05	1.80	21.99	0.05	0.00	21.99	0.00	0.00	0.00	0.00	0.00	524286	0.0238
32.46	27.45	3.58	27.39	0.05	0.00	27.39	0.00	0.00	0.01	0.00	0.00	524286	0.0191
35.82	30.87	3.10	30.82	0.05	0.00	30.82	0.00	0.00	0.00	0.00	0.00	524286	0.0170
22.12	17.63	3.53	17.57	0.06	0.00	17.57	0.00	0.00	0.01	0.00	0.00	524286	0.0297
16.60	13.74	1.91	13.67	0.06	0.00	13.67	0.00	0.00	0.00	0.00	0.00	524286	0.0382
15.84	12.51	2.39	12.45	0.05	0.00	12.45	0.00	0.00	0.01	0.00	0.00	524286	0.0419
13.76	11.01	1.80	10.96	0.05	0.00	10.96	0.00	0.00	0.00	0.00	0.00	524286	0.0476
15.34	12.69	1.71	12.63	0.04	0.00	12.63	0.00	0.00	0.01	0.00	0.00	524286	0.0413
22.18	19.70	1.57	19.65	0.05	0.00	19.65	0.00	0.00	0.00	0.00	0.00	524286	0.0266
15.18	12.47	1.75	12.42	0.05	0.00	12.42	0.00	0.00	0.00	0.00	0.00	524286	0.0420
29.34	23.79	3.28	23.73	0.05	0.00	23.73	0.00	0.00	0.01	0.00	0.00	524286	0.0220
45.02	38.29	4.86	38.22	0.06	0.00	38.22	0.00	0.00	0.01	0.00	0.00	524286	0.0137
44.12	36.99	5.28	36.92	0.06	0.00	36.92	0.00	0.00	0.00	0.00	0.00	524286	0.0142
35.37	30.16	3.54	30.11	0.05	0.00	30.11	0.00	0.00	0.01	0.00	0.00	524286	0.0174
15.14	12.37	1.84	12.32	0.05	0.00	12.32	0.00	0.00	0.01	0.00	0.00	524286	0.0424
13.84	11.41	1.50	11.36	0.05	0.00	11.36	0.00	0.00	0.01	0.00	0.00	524286	0.0459
14.31	12.07	1.32	12.02	0.04	0.00	12.02	0.00	0.00	0.01	0.00	0.00	524286	0.0434
14.53	12.27	1.35	12.22	0.04	0.00	12.22	0.00	0.00	0.00	0.00	0.00	524286	0.0427
34.55	32.31	1.32	32.25	0.05	0.00	32.25	0.00	0.00	0.00	0.00	0.00	524286	0.0162
26.89	17.21	8.66	17.16	0.05	0.00	17.16	0.00	0.00	0.00	0.00	0.00	524286	0.0305
33.16	30.90	1.33	30.85	0.05	0.00	30.85	0.00	0.00	0.01	0.00	0.00	524286	0.0170
27.30	25.04	1.34	24.99	0.05	0.00	24.99	0.00	0.00	0.00	0.00	0.00	524286	0.0209
32.10	21.80	8.46	21.74	0.05	0.00	21.74	0.00	0.00	0.00	0.00	0.00	524286	0.0240
36.94	31.88	3.63	31.82	0.05	0.00	31.82	0.00	0.00	0.01	0.00	0.00	524286	0.0164
28.61	24.51	3.56	24.45	0.05	0.00	24.45	0.00	0.00	0.01	0.00	0.00	524286	0.0214
16.54	14.23	1.38	14.18	0.04	0.00	14.18	0.00	0.00	0.00	0.00	0.00	524286	0.0369
13.68	11.17	1.58	11.11	0.05	0.00	11.11	0.00	0.00	0.00	0.00	0.00	524286	0.0469
14.31	10.77	1.91	10.72	0.04	0.00	10.72	0.00	0.00	0.00	0.00	0.00	524286	0.0487
16.96	12.98	3.06	12.94	0.04	0.00	12.94	0.00	0.00	0.01	0.00	0.00	524286	0.0404
36.91	31.49	4.01	31.42	0.06	0.00	31.42	0.00	0.00	0.01	0.00	0.00	524286	0.0167
27.02	21.56	3.09	21.50	0.05	0.00	21.50	0.00	0.00	0.00	0.00	0.00	524286	0.0243
29.55	25.13	3.16	25.06	0.06	0.00	25.06	0.00	0.00	0.00	0.00	0.00	524286	0.0209
40.57	33.44	3.57	33.37	0.06	0.00	33.37	0.00	0.00	0.00	0.00	0.00	524286	0.0157
40.83	33.24	5.29	33.17	0.06	0.00	33.17	0.00	0.00	0.01	0.00	0.00	524286	0.0158
30.80	25.53	4.32	25.46	0.05	0.00	25.46	0.00	0.00	0.00	0.00	0.00	524286	0.0205
14.73	11.86	1.92	11.81	0.04	0.00	11.81	0.00	0.00	0.00	0.00	0.00	524286	0.0442
41.30	30.33	9.56	30.27	0.04	0.00	30.27	0.00	0.00	0.01	0.00	0.00	524286	0.0173
30.12	25.17	3.12	25.10	0.06	0.00	25.10	0.00	0.00	0.01	0.00	0.00	524286	0.0208
30.45	25.05	3.54	24.99	0.05	0.00	24.99	0.00	0.00	0.01	0.00	0.00	524286	0.0209
31.07	26.61	3.54	26.56	0.05	0.00	26.56	0.00	0.00	0.00	0.00	0.00	524286	0.0197
26.22	23.97	1.33	23.92	0.05	0.00	23.92	0.00	0.00	0.01	0.01	0.00	524286	0.0219
29.01	19.63	8.45	19.58	0.04	0.00	19.58	0.00	0.00	0.01	0.00	0.00	524286	0.0267
SCALE: 14
nvtx: 16384
edgefactor: 16
terasize: 4.19430399999999992e-06
A: 5.69999999999999951e-01
B: 1.90000000000000002e-01
C: 1.90000000000000002e-01
D: 5.00000000000000444e-02
generation_time: 0.00000000000000000e+00
construction_time: 1.91324333000000013e-01
nbfs: 100
min_time: 9.11000013351440422e-04
firstquartile_time: 1.52224999666213980e-03
median_time: 1.42200000882148729e-02
thirdquartile_time: 2.80809998512268066e-02
max_time: 4.31450001001358052e-02
mean_time: 1.54015599977970225e-02
stddev_time: 1.28125255003461967e-02
min_nedge: 2.62140000000000000e+05
firstquartile_nedge: 2.62140000000000000e+05
median_nedge: 2.62140000000000000e+05
thirdquartile_nedge: 2.62140000000000000e+05
max_nedge: 2.62140000000000000e+05
mean_nedge: 2.62140000000000000e+05
stddev_nedge: 0.00000000000000000e+00
min_TEPS: 6.07579092343483120e+06
firstquartile_TEPS: 9.74502528653734364e+06
median_TEPS: 1.87518899525375850e+07
thirdquartile_TEPS: 1.74964478232441783e+08
max_TEPS: 2.87749721359085321e+08
harmonic_mean_TEPS: 1.70203537847786546e+07
harmonic_stddev_TEPS: 1.42305280778267630e+06
