[BASH] Running the CPU only (default) graph500 for scale 16 with sorted edges
file:/dev/null	benchmark:GRAPH500	vertices:65536	edges:2097150	partitioning:RANDOM	platform:CPU	alpha:50	repeat:1	gpu_count:1	thread_count:4	thread_sched:GUIDED	thread_bind:false	gpu_graph_mem:DEVICE	gpu_par_randomized:false	sorted:false	edge_sort_key:degree	edge_order:asc	separate_singletons:false	lambda:0	time_init:378.12	time_par:14.12	rmt_vertex:0	rmt_edge:0	beta:0	pid0:100,100,0,0	
total	exec	init	comp	comm	finalize	cpu_comp	gpu_comp	gpu_total_comp	scatter	gather	aggr	trv_edges	exec_rate
44.65	42.11	1.44	42.05	0.06	0.00	42.05	0.00	0.00	0.00	0.00	0.00	2097150	0.0498
37.27	31.47	3.72	31.40	0.06	0.00	31.40	0.00	0.00	0.01	0.00	0.00	2097150	0.0667
39.95	35.14	3.67	35.08	0.06	0.00	35.08	0.00	0.00	0.01	0.00	0.00	2097150	0.0597
31.34	25.87	1.60	25.81	0.05	0.00	25.81	0.00	0.00	0.00	0.00	0.00	2097150	0.0811
45.91	40.80	2.11	40.74	0.05	0.00	40.74	0.00	0.00	0.00	0.00	0.00	2097150	0.0514
63.37	54.95	5.41	54.89	0.06	0.00	54.89	0.00	0.00	0.01	0.00	0.00	2097150	0.0382
52.93	46.76	4.13	46.69	0.06	0.00	46.69	0.00	0.00	0.00	0.00	0.00	2097150	0.0449
32.89	26.32	5.44	26.25	0.06	0.00	26.25	0.00	0.00	0.01	0.00	0.00	2097150	0.0797
27.01	24.01	1.87	23.94	0.06	0.00	23.94	0.00	0.00	0.00	0.00	0.00	2097150	0.0874
29.62	26.66	1.85	26.61	0.05	0.00	26.61	0.00	0.00	0.00	0.00	0.00	2097150	0.0786
26.54	23.58	1.83	23.52	0.05	0.00	23.52	0.00	0.00	0.01	0.00	0.00	2097150	0.0889
51.18	48.13	1.91	48.07	0.06	0.00	48.07	0.00	0.00	0.01	0.00	0.00	2097150	0.0436
39.49	36.50	1.86	36.43	0.05	0.00	36.43	0.00	0.00	0.01	0.00	0.00	2097150	0.0575
31.57	29.96	1.46	29.91	0.04	0.00	29.91	0.00	0.00	0.01	0.00	0.00	2097150	0.0700
17.32	16.88	0.23	6.81	10.06	0.00	6.81	0.00	0.00	10.03	0.00	0.00	2097150	0.1243
7.22	6.88	0.19	6.85	0.02	0.00	6.85	0.00	0.00	0.00	0.00	0.00	2097150	0.3048
6.06	5.75	0.16	5.72	0.03	0.00	5.72	0.00	0.00	0.00	0.00	0.00	2097150	0.3645
8.88	8.49	0.19	8.45	0.03	0.00	8.45	0.00	0.00	0.01	0.00	0.00	2097150	0.2470
30.76	27.73	1.89	27.66	0.06	0.00	27.66	0.00	0.00	0.00	0.00	0.00	2097150	0.0756
13.24	10.64	1.50	10.61	0.03	0.00	10.61	0.00	0.00	0.00	0.00	0.00	2097150	0.1971
28.57	24.45	1.83	24.39	0.05	0.00	24.39	0.00	0.00	0.00	0.00	0.00	2097150	0.0858
65.06	56.21	5.91	56.14	0.06	0.00	56.14	0.00	0.00	0.01	0.00	0.00	2097150	0.0373
52.87	40.83	5.52	40.76	0.06	0.00	40.76	0.00	0.00	0.01	0.00	0.00	2097150	0.0514
44.66	40.71	1.86	40.64	0.06	0.00	40.64	0.00	0.00	0.01	0.00	0.00	2097150	0.0515
25.19	20.40	3.66	20.32	0.07	0.00	20.32	0.00	0.00	0.00	0.00	0.00	2097150	0.1028
29.55	26.53	1.89	26.47	0.05	0.00	26.47	0.00	0.00	0.00	0.00	0.00	2097150	0.0791
32.65	29.73	1.85	29.67	0.05	0.00	29.67	0.00	0.00	0.01	0.00	0.00	2097150	0.0705
49.76	37.91	1.43	37.85	0.05	0.00	37.85	0.00	0.00	0.01	0.00	0.00	2097150	0.0553
45.88	41.42	1.44	41.35	0.07	0.00	41.35	0.00	0.00	0.00	0.00	0.00	2097150	0.0506
69.20	61.63	4.56	61.56	0.06	0.00	61.56	0.00	0.00	0.01	0.00	0.00	2097150	0.0340
34.56	27.98	5.44	27.49	0.48	0.00	27.49	0.00	0.00	0.01	0.00	0.00	2097150	0.0750
27.23	22.50	1.87	22.45	0.05	0.00	22.45	0.00	0.00	0.01	0.00	0.00	2097150	0.0932
44.51	38.74	4.12	38.69	0.05	0.00	38.69	0.00	0.00	0.00	0.00	0.00	2097150	0.0541
45.72	40.92	3.65	40.86	0.05	0.00	40.86	0.00	0.00	0.01	0.00	0.00	2097150	0.0512
41.18	37.71	2.33	37.64	0.06	0.00	37.64	0.00	0.00	0.01	0.00	0.00	2097150	0.0556
39.75	36.75	1.86	36.68	0.06	0.00	36.68	0.00	0.00	0.01	0.00	0.00	2097150	0.0571
28.51	23.29	4.09	22.79	0.49	0.00	22.79	0.00	0.00	0.01	0.00	0.00	2097150	0.0900
28.25	25.50	1.62	25.43	0.06	0.00	25.43	0.00	0.00	0.01	0.00	0.00	2097150	0.0823
22.34	19.60	2.05	19.52	0.07	0.00	19.52	0.00	0.00	0.01	0.00	0.00	2097150	0.1070
20.83	18.32	1.42	18.27	0.04	0.00	18.27	0.00	0.00	0.01	0.00	0.00	2097150	0.1144
42.81	37.32	2.91	36.22	1.10	0.00	36.22	0.00	0.00	0.00	0.00	0.00	2097150	0.0562
66.72	59.15	4.57	59.08	0.06	0.00	59.08	0.00	0.00	0.00	0.00	0.00	2097150	0.0355
61.23	54.68	5.42	54.62	0.06	0.00	54.62	0.00	0.00	0.01	0.00	0.00	2097150	0.0384
29.35	26.35	1.87	26.27	0.06	0.00	26.27	0.00	0.00	0.01	0.00	0.00	2097150	0.0796
28.51	25.32	2.07	25.25	0.06	0.00	25.25	0.00	0.00	0.00	0.00	0.00	2097150	0.0828
22.15	19.01	2.06	18.95	0.05	0.00	18.95	0.00	0.00	0.00	0.00	0.00	2097150	0.1103
44.79	40.76	2.89	40.71	0.04	0.00	40.71	0.00	0.00	0.00	0.00	0.00	2097150	0.0515
38.90	35.90	1.86	35.83	0.06	0.00	35.83	0.00	0.00	0.01	0.00	0.00	2097150	0.0584
41.63	37.85	1.87	37.78	0.06	0.00	37.78	0.00	0.00	0.00	0.00	0.00	2097150	0.0554
42.21	35.07	2.35	35.01	0.05	0.00	35.01	0.00	0.00	0.00	0.00	0.00	2097150	0.0598
58.27	50.61	4.65	50.54	0.06	0.00	50.54	0.00	0.00	0.01	0.00	0.00	2097150	0.0414
33.95	28.25	5.49	28.19	0.05	0.00	28.19	0.00	0.00	0.00	0.00	0.00	2097150	0.0742
14.39	6.29	7.95	6.26	0.03	0.00	6.26	0.00	0.00	0.01	0.00	0.00	2097150	0.3335
16.96	16.61	0.21	16.57	0.03	0.00	16.57	0.00	0.00	0.00	0.00	0.00	2097150	0.1263
15.62	15.30	0.19	15.26	0.03	0.00	15.26	0.00	0.00	0.00	0.00	0.00	2097150	0.1371
14.72	14.40	0.18	14.36	0.03	0.00	14.36	0.00	0.00	0.00	0.00	0.00	2097150	0.1456
5.22	4.90	0.19	4.86	0.03	0.00	4.86	0.00	0.00	0.00	0.00	0.00	2097150	0.4281
5.62	5.29	0.19	5.26	0.03	0.00	5.26	0.00	0.00	0.00	0.00	0.00	2097150	0.3961
5.66	5.32	0.19	5.29	0.02	0.00	5.29	0.00	0.00	0.00	0.00	0.00	2097150	0.3941
14.70	14.35	0.18	14.32	0.03	0.00	14.32	0.00	0.00	0.00	0.00	0.00	2097150	0.1461
14.56	14.22	0.18	14.18	0.03	0.00	14.18	0.00	0.00	0.00	0.00	0.00	2097150	0.1475
14.92	14.59	0.19	14.56	0.03	0.00	14.56	0.00	0.00	0.00	0.00	0.00	2097150	0.1438
16.02	15.66	0.19	15.62	0.03	0.00	15.62	0.00	0.00	0.00	0.00	0.00	2097150	0.1339
5.12	4.80	0.18	4.75	0.04	0.00	4.75	0.00	0.00	0.00	0.00	0.00	2097150	0.4369
15.77	15.46	0.18	5.38	10.07	0.00	5.38	0.00	0.00	10.03	0.00	0.00	2097150	0.1357
14.27	13.94	0.18	13.90	0.03	0.00	13.90	0.00	0.00	0.00	0.00	0.00	2097150	0.1504
15.54	15.22	0.18	15.19	0.03	0.00	15.19	0.00	0.00	0.00	0.00	0.00	2097150	0.1378
16.41	16.05	0.18	16.02	0.03	0.00	16.02	0.00	0.00	0.00	0.00	0.00	2097150	0.1306
5.27	4.96	0.18	4.93	0.02	0.00	4.93	0.00	0.00	0.00	0.00	0.00	2097150	0.4226
30.07	26.21	3.67	26.16	0.05	0.00	26.16	0.00	0.00	0.00	0.00	0.00	2097150	0.0800
44.01	39.48	1.51	39.42	0.06	0.00	39.42	0.00	0.00	0.00	0.00	0.00	2097150	0.0531
63.87	55.92	4.93	55.85	0.06	0.00	55.85	0.00	0.00	0.01	0.00	0.00	2097150	0.0375
50.64	44.00	4.99	43.94	0.05	0.00	43.94	0.00	0.00	0.01	0.00	0.00	2097150	0.0477
38.61	33.79	3.68	33.72	0.05	0.00	33.72	0.00	0.00	0.00	0.00	0.00	2097150	0.0621
21.56	18.45	2.02	18.39	0.05	0.00	18.39	0.00	0.00	0.00	0.00	0.00	2097150	0.1137
23.96	22.39	1.43	22.34	0.04	0.00	22.34	0.00	0.00	0.00	0.00	0.00	2097150	0.0937
6.39	6.05	0.18	6.02	0.03	0.00	6.02	0.00	0.00	0.00	0.00	0.00	2097150	0.3466
60.87	53.51	3.92	53.44	0.06	0.00	53.44	0.00	0.00	0.00	0.00	0.00	2097150	0.0392
62.95	55.79	4.14	55.73	0.06	0.00	55.73	0.00	0.00	0.01	0.00	0.00	2097150	0.0376
42.27	35.31	5.83	35.25	0.05	0.00	35.25	0.00	0.00	0.01	0.00	0.00	2097150	0.0594
28.92	25.79	1.92	25.73	0.05	0.00	25.73	0.00	0.00	0.01	0.00	0.00	2097150	0.0813
27.10	24.07	1.91	24.00	0.05	0.00	24.00	0.00	0.00	0.01	0.00	0.00	2097150	0.0871
31.28	28.28	1.42	28.21	0.05	0.00	28.21	0.00	0.00	0.01	0.00	0.00	2097150	0.0742
49.06	45.67	2.28	45.61	0.06	0.00	45.61	0.00	0.00	0.00	0.00	0.00	2097150	0.0459
45.98	31.02	12.86	30.96	0.05	0.00	30.96	0.00	0.00	0.00	0.00	0.00	2097150	0.0676
55.42	48.84	3.64	48.78	0.06	0.00	48.78	0.00	0.00	0.01	0.00	0.00	2097150	0.0429
38.12	32.37	3.67	32.29	0.06	0.00	32.29	0.00	0.00	0.01	0.00	0.00	2097150	0.0648
30.58	26.61	2.81	26.54	0.06	0.00	26.54	0.00	0.00	0.01	0.00	0.00	2097150	0.0788
25.27	21.17	1.96	21.12	0.05	0.00	21.12	0.00	0.00	0.01	0.00	0.00	2097150	0.0991
11.78	5.27	6.37	5.24	0.03	0.00	5.24	0.00	0.00	0.01	0.00	0.00	2097150	0.3979
5.21	4.97	0.07	4.93	0.03	0.00	4.93	0.00	0.00	0.00	0.00	0.00	2097150	0.4223
14.98	6.64	8.19	6.61	0.02	0.00	6.61	0.00	0.00	0.01	0.00	0.00	2097150	0.3157
5.83	5.61	0.08	5.57	0.02	0.00	5.57	0.00	0.00	0.00	0.00	0.00	2097150	0.3740
21.24	4.98	16.14	4.94	0.03	0.00	4.94	0.00	0.00	0.00	0.00	0.00	2097150	0.4215
38.17	35.14	1.88	35.08	0.06	0.00	35.08	0.00	0.00	0.01	0.00	0.00	2097150	0.0597
39.37	36.35	1.87	36.28	0.07	0.00	36.28	0.00	0.00	0.01	0.00	0.00	2097150	0.0577
41.18	34.87	1.86	34.80	0.06	0.00	34.80	0.00	0.00	0.01	0.00	0.00	2097150	0.0601
45.51	38.03	6.39	37.97	0.06	0.00	37.97	0.00	0.00	0.00	0.00	0.00	2097150	0.0551
45.54	42.54	1.85	42.49	0.05	0.00	42.49	0.00	0.00	0.01	0.00	0.00	2097150	0.0493
40.63	31.15	1.88	31.09	0.05	0.00	31.09	0.00	0.00	0.01	0.00	0.00	2097150	0.0673
SCALE: 16
nvtx: 65536
edgefactor: 16
terasize: 1.67772159999999997e-05
A: 5.69999999999999951e-01
B: 1.90000000000000002e-01
C: 1.90000000000000002e-01
D: 5.00000000000000444e-02
generation_time: 0.00000000000000000e+00
construction_time: 6.45569833000000037e-01
nbfs: 100
min_time: 4.97899997234344492e-03
firstquartile_time: 1.68899998664855944e-02
median_time: 2.97865000367164602e-02
thirdquartile_time: 4.27879998981952753e-02
max_time: 6.61940001249313320e-02
mean_time: 3.07283500003814741e-02
stddev_time: 1.58001671678309058e-02
min_nedge: 1.00000000000000000e+00
firstquartile_nedge: 1.04856600000000000e+06
median_nedge: 1.04856600000000000e+06
thirdquartile_nedge: 1.04856600000000000e+06
max_nedge: 1.04856600000000000e+06
mean_nedge: 1.03808034999999998e+06
stddev_nedge: 1.04856500000000000e+05
min_TEPS: 8.24130546099487020e+01
firstquartile_TEPS: 2.48452128056054972e+07
median_TEPS: 3.53588785764472038e+07
thirdquartile_TEPS: 6.40160235286463350e+07
max_TEPS: 2.10597711553405732e+08
harmonic_mean_TEPS: 8.23932341971179267e+03
harmonic_stddev_TEPS: 8.27881994559380109e+03
