[BASH] Running the GPU only graph500 for scale 15 with sorted edges
file:/dev/null	benchmark:GRAPH500	vertices:32768	edges:1048574	partitioning:RANDOM	platform:GPU	alpha:50	repeat:1	gpu_count:1	thread_count:4	thread_sched:GUIDED	thread_bind:false	gpu_graph_mem:DEVICE	gpu_par_randomized:false	sorted:false	edge_sort_key:degree	edge_order:asc	separate_singletons:false	lambda:0	time_init:311.66	time_par:23.00	rmt_vertex:0	rmt_edge:0	beta:0	pid0:100,100,0,0	
total	exec	init	comp	comm	finalize	cpu_comp	gpu_comp	gpu_total_comp	scatter	gather	aggr	trv_edges	exec_rate
113.32	111.44	0.66	109.33	2.10	0.00	0.00	109.33	109.33	0.00	0.00	0.15	1048574	0.0094
65.18	63.31	0.71	49.85	13.45	0.00	0.00	49.85	49.85	0.00	0.00	0.14	1048574	0.0166
61.91	60.07	0.68	41.94	18.11	0.00	0.00	41.94	41.94	0.00	0.00	0.13	1048574	0.0175
80.27	78.41	0.69	57.87	20.53	0.00	0.00	57.87	57.87	0.00	0.00	0.14	1048574	0.0134
63.79	61.89	0.72	41.32	20.56	0.00	0.00	41.32	41.32	0.00	0.00	0.15	1048574	0.0169
66.24	64.40	0.67	53.80	10.59	0.00	0.00	53.80	53.80	0.00	0.00	0.14	1048574	0.0163
65.27	61.25	0.69	45.85	15.39	0.00	0.00	45.85	45.85	0.00	0.00	0.21	1048574	0.0171
59.43	55.38	1.06	53.82	1.55	0.00	0.00	53.82	53.82	0.00	0.00	0.14	1048574	0.0189
44.98	42.31	0.72	41.22	1.08	0.00	0.00	41.22	41.22	0.00	0.00	0.10	1048574	0.0248
47.45	43.73	0.38	41.95	1.77	0.00	0.00	41.95	41.95	0.00	0.00	0.19	1048574	0.0240
66.54	60.61	4.76	54.01	6.59	0.00	0.00	54.01	54.01	0.00	0.00	0.14	1048574	0.0173
55.06	53.19	0.70	41.35	11.82	0.00	0.00	41.35	41.35	0.00	0.00	0.14	1048574	0.0197
65.28	63.38	0.74	44.44	18.91	0.00	0.00	44.44	44.44	0.00	0.00	0.13	1048574	0.0165
52.01	48.22	0.72	41.88	6.33	0.00	0.00	41.88	41.88	0.00	0.00	0.13	1048574	0.0217
67.04	61.30	0.61	46.62	14.67	0.00	0.00	46.62	46.62	0.00	0.00	0.12	1048574	0.0171
59.94	54.30	0.63	42.55	11.74	0.00	0.00	42.55	42.55	0.00	0.00	0.13	1048574	0.0193
50.17	44.39	0.64	40.40	3.97	0.00	0.00	40.40	40.40	0.00	0.00	0.12	1048574	0.0236
82.94	77.05	0.59	68.58	8.45	0.00	0.00	68.58	68.58	0.00	0.00	0.14	1048574	0.0136
52.14	48.33	0.76	47.27	1.05	0.00	0.00	47.27	47.27	0.00	0.00	0.11	1048574	0.0217
43.25	39.79	0.48	38.94	0.84	0.00	0.00	38.94	38.94	0.00	0.00	0.09	1048574	0.0264
61.03	57.33	0.43	49.26	8.06	0.00	0.00	49.26	49.26	0.00	0.00	0.13	1048574	0.0183
55.61	51.30	1.03	43.91	7.37	0.00	0.00	43.91	43.91	0.00	0.00	0.14	1048574	0.0204
63.23	59.17	0.78	44.61	14.55	0.00	0.00	44.61	44.61	0.00	0.00	0.14	1048574	0.0177
72.57	65.62	1.19	45.53	20.08	0.00	0.00	45.53	45.53	0.00	0.00	0.13	1048574	0.0160
82.59	78.57	0.74	58.19	20.36	0.00	0.00	58.19	58.19	0.00	0.00	0.14	1048574	0.0133
75.67	69.58	2.78	52.11	17.46	0.00	0.00	52.11	52.11	0.00	0.00	0.13	1048574	0.0151
54.73	50.86	0.73	41.72	9.13	0.00	0.00	41.72	41.72	0.00	0.00	0.13	1048574	0.0206
45.47	41.84	0.61	40.82	1.01	0.00	0.00	40.82	40.82	0.00	0.00	0.13	1048574	0.0251
43.30	39.85	0.49	38.94	0.90	0.00	0.00	38.94	38.94	0.00	0.00	0.08	1048574	0.0263
47.73	44.41	0.32	43.65	0.75	0.00	0.00	43.65	43.65	0.00	0.00	0.10	1048574	0.0236
46.74	42.52	0.50	41.54	0.97	0.00	0.00	41.54	41.54	0.00	0.00	0.13	1048574	0.0247
71.40	55.19	10.94	44.20	10.97	0.00	0.00	44.20	44.20	0.00	0.00	0.13	1048574	0.0190
55.25	49.23	0.73	40.15	9.06	0.00	0.00	40.15	40.15	0.00	0.00	0.13	1048574	0.0213
62.53	58.53	0.76	53.53	4.98	0.00	0.00	53.53	53.53	0.00	0.00	0.14	1048574	0.0179
50.87	47.24	0.73	44.73	2.50	0.00	0.00	44.73	44.73	0.00	0.00	0.19	1048574	0.0222
57.96	53.62	1.00	47.18	6.43	0.00	0.00	47.18	47.18	0.00	0.00	0.20	1048574	0.0196
53.30	48.99	0.98	47.07	1.91	0.00	0.00	47.07	47.07	0.00	0.00	0.19	1048574	0.0214
54.72	49.77	1.13	46.09	3.67	0.00	0.00	46.09	46.09	0.00	0.00	0.19	1048574	0.0211
52.87	44.84	4.86	40.83	3.99	0.00	0.00	40.83	40.83	0.00	0.00	0.11	1048574	0.0234
45.60	42.13	0.58	40.56	1.56	0.00	0.00	40.56	40.56	0.00	0.00	0.08	1048574	0.0249
50.68	46.90	0.51	45.03	1.86	0.00	0.00	45.03	45.03	0.00	0.00	0.14	1048574	0.0224
49.90	45.80	0.69	44.65	1.14	0.00	0.00	44.65	44.65	0.00	0.00	0.14	1048574	0.0229
64.04	59.89	0.78	51.06	8.82	0.00	0.00	51.06	51.06	0.00	0.00	0.13	1048574	0.0175
59.90	55.91	0.71	47.41	8.48	0.00	0.00	47.41	47.41	0.00	0.00	0.13	1048574	0.0188
61.59	57.61	1.03	43.59	14.01	0.00	0.00	43.59	43.59	0.00	0.00	0.14	1048574	0.0182
55.36	53.19	0.99	43.09	10.08	0.00	0.00	43.09	43.09	0.00	0.00	0.14	1048574	0.0197
56.94	55.05	0.73	40.88	14.15	0.00	0.00	40.88	40.88	0.00	0.00	0.13	1048574	0.0190
70.47	66.49	0.70	49.24	17.23	0.00	0.00	49.24	49.24	0.00	0.00	0.13	1048574	0.0158
52.06	48.12	0.74	46.14	1.97	0.00	0.00	46.14	46.14	0.00	0.00	0.17	1048574	0.0218
53.90	50.80	0.87	46.22	4.57	0.00	0.00	46.22	46.22	0.00	0.00	0.10	1048574	0.0206
52.15	47.35	0.35	39.82	7.52	0.00	0.00	39.82	39.82	0.00	0.00	0.13	1048574	0.0221
59.39	53.49	0.75	42.85	10.62	0.00	0.00	42.85	42.85	0.00	0.00	0.13	1048574	0.0196
77.18	70.57	3.82	61.43	9.13	0.00	0.00	61.43	61.43	0.00	0.00	0.14	1048574	0.0149
87.49	83.93	0.73	75.09	8.82	0.00	0.00	75.09	75.09	0.00	0.00	0.14	1048574	0.0125
77.47	72.85	1.81	48.19	24.65	0.00	0.00	48.19	48.19	0.00	0.00	0.14	1048574	0.0144
65.43	59.39	0.71	44.84	14.54	0.00	0.00	44.84	44.84	0.00	0.00	0.14	1048574	0.0177
58.04	53.97	0.74	48.96	4.99	0.00	0.00	48.96	48.96	0.00	0.00	0.19	1048574	0.0194
48.78	44.70	0.97	42.34	2.35	0.00	0.00	42.34	42.34	0.00	0.00	0.17	1048574	0.0235
74.82	70.88	0.66	52.28	18.60	0.00	0.00	52.28	52.28	0.00	0.00	0.13	1048574	0.0148
57.43	53.38	0.76	43.36	10.00	0.00	0.00	43.36	43.36	0.00	0.00	0.14	1048574	0.0196
79.75	77.37	1.20	61.30	16.05	0.00	0.00	61.30	61.30	0.00	0.00	0.14	1048574	0.0136
57.56	55.65	0.74	47.93	7.70	0.00	0.00	47.93	47.93	0.00	0.00	0.13	1048574	0.0188
65.56	61.57	0.71	48.51	13.05	0.00	0.00	48.51	48.51	0.00	0.00	0.14	1048574	0.0170
57.84	53.80	0.75	43.52	10.26	0.00	0.00	43.52	43.52	0.00	0.00	0.13	1048574	0.0195
59.75	55.69	0.75	43.99	11.66	0.00	0.00	43.99	43.99	0.00	0.00	0.14	1048574	0.0188
69.98	66.00	0.72	54.70	11.28	0.00	0.00	54.70	54.70	0.00	0.00	0.14	1048574	0.0159
67.96	64.32	0.68	62.62	1.69	0.00	0.00	62.62	62.62	0.00	0.00	0.10	1048574	0.0163
61.34	57.65	0.38	42.17	15.46	0.00	0.00	42.17	42.17	0.00	0.00	0.19	1048574	0.0182
55.59	51.27	0.99	48.82	2.43	0.00	0.00	48.82	48.82	0.00	0.00	0.19	1048574	0.0205
103.70	97.09	3.28	94.69	2.39	0.00	0.00	94.69	94.69	0.00	0.00	0.20	1048574	0.0108
57.76	53.48	0.96	51.21	2.26	0.00	0.00	51.21	51.21	0.00	0.00	0.19	1048574	0.0196
51.51	47.17	1.02	45.35	1.81	0.00	0.00	45.35	45.35	0.00	0.00	0.19	1048574	0.0222
62.21	57.26	0.98	44.99	12.25	0.00	0.00	44.99	44.99	0.00	0.00	0.20	1048574	0.0183
59.78	49.43	5.02	42.98	6.44	0.00	0.00	42.98	42.98	0.00	0.00	0.21	1048574	0.0212
52.51	48.68	1.00	47.23	1.44	0.00	0.00	47.23	47.23	0.00	0.00	0.17	1048574	0.0215
48.61	44.41	1.06	43.32	1.08	0.00	0.00	43.32	43.32	0.00	0.00	0.12	1048574	0.0236
42.59	38.92	0.62	38.13	0.78	0.00	0.00	38.13	38.13	0.00	0.00	0.08	1048574	0.0269
66.73	63.23	0.35	44.08	19.14	0.00	0.00	44.08	44.08	0.00	0.00	0.13	1048574	0.0166
54.65	49.73	0.98	48.04	1.67	0.00	0.00	48.04	48.04	0.00	0.00	0.13	1048574	0.0211
58.55	47.75	5.45	45.95	1.79	0.00	0.00	45.95	45.95	0.00	0.00	0.19	1048574	0.0220
53.47	45.02	1.06	43.08	1.93	0.00	0.00	43.08	43.08	0.00	0.00	0.21	1048574	0.0233
84.45	73.18	8.00	71.86	1.31	0.00	0.00	71.86	71.86	0.00	0.00	0.14	1048574	0.0143
55.09	51.07	0.75	43.91	7.13	0.00	0.00	43.91	43.91	0.00	0.00	0.14	1048574	0.0205
62.99	58.99	0.72	48.85	10.13	0.00	0.00	48.85	48.85	0.00	0.00	0.14	1048574	0.0178
56.49	54.63	0.70	41.74	12.87	0.00	0.00	41.74	41.74	0.00	0.00	0.13	1048574	0.0192
49.58	45.76	0.71	44.19	1.55	0.00	0.00	44.19	44.19	0.00	0.00	0.18	1048574	0.0229
47.53	43.74	0.63	42.76	0.97	0.00	0.00	42.76	42.76	0.00	0.00	0.12	1048574	0.0240
41.85	39.41	0.53	38.67	0.73	0.00	0.00	38.67	38.67	0.00	0.00	0.08	1048574	0.0266
43.08	40.30	0.33	39.71	0.58	0.00	0.00	39.71	39.71	0.00	0.00	0.08	1048574	0.0260
42.81	38.56	0.44	37.99	0.56	0.00	0.00	37.99	37.99	0.00	0.00	0.08	1048574	0.0272
71.19	58.29	0.35	55.10	3.18	0.00	0.00	55.10	55.10	0.00	0.00	7.54	1048574	0.0180
62.21	55.96	0.85	44.93	11.01	0.00	0.00	44.93	44.93	0.00	0.00	0.21	1048574	0.0187
66.24	59.77	1.50	57.47	2.29	0.00	0.00	57.47	57.47	0.00	0.00	0.20	1048574	0.0175
62.59	57.78	1.47	45.09	12.68	0.00	0.00	45.09	45.09	0.00	0.00	0.20	1048574	0.0181
53.02	48.41	1.00	46.45	1.95	0.00	0.00	46.45	46.45	0.00	0.00	0.19	1048574	0.0217
52.72	48.20	0.99	43.99	4.20	0.00	0.00	43.99	43.99	0.00	0.00	0.20	1048574	0.0218
69.66	64.65	1.74	52.81	11.83	0.00	0.00	52.81	52.81	0.00	0.00	0.13	1048574	0.0162
62.64	58.62	0.70	41.75	16.85	0.00	0.00	41.75	41.75	0.00	0.00	0.19	1048574	0.0179
59.50	55.55	0.95	53.74	1.80	0.00	0.00	53.74	53.74	0.00	0.00	0.14	1048574	0.0189
48.41	44.66	0.70	43.23	1.42	0.00	0.00	43.23	43.23	0.00	0.00	0.14	1048574	0.0235
SCALE: 15
nvtx: 32768
edgefactor: 16
terasize: 8.38860799999999983e-06
A: 5.69999999999999951e-01
B: 1.90000000000000002e-01
C: 1.90000000000000002e-01
D: 5.00000000000000444e-02
generation_time: 0.00000000000000000e+00
construction_time: 4.94912416999999993e-01
nbfs: 100
min_time: 3.90010000467300444e-02
firstquartile_time: 4.89772498011589036e-02
median_time: 5.51305000185966509e-02
thirdquartile_time: 6.25332499444484768e-02
max_time: 1.12105000019073489e-01
mean_time: 5.69632099962234517e-02
stddev_time: 1.24223219864137632e-02
min_nedge: 5.24282000000000000e+05
firstquartile_nedge: 5.24282000000000000e+05
median_nedge: 5.24282000000000000e+05
thirdquartile_nedge: 5.24282000000000000e+05
max_nedge: 5.24282000000000000e+05
mean_nedge: 5.24282000000000000e+05
stddev_nedge: 0.00000000000000000e+00
min_TEPS: 4.67670487409838010e+06
firstquartile_TEPS: 8.46486561430325732e+06
median_TEPS: 9.59099790982272476e+06
thirdquartile_TEPS: 1.08428624629822783e+07
max_TEPS: 1.34427835022645090e+07
harmonic_mean_TEPS: 9.20387035833757930e+06
harmonic_stddev_TEPS: 2.01725696066587057e+05
