[BASH] Running the GPU only graph500 for scale 18 with sorted edges
file:/dev/null	benchmark:GRAPH500	vertices:262143	edges:8388606	partitioning:RANDOM	platform:GPU	alpha:50	repeat:1	gpu_count:1	thread_count:4	thread_sched:GUIDED	thread_bind:false	gpu_graph_mem:DEVICE	gpu_par_randomized:false	sorted:false	edge_sort_key:degree	edge_order:asc	separate_singletons:false	lambda:0	time_init:1607.10	time_par:158.44	rmt_vertex:0	rmt_edge:0	beta:0	pid0:100,100,0,0	
total	exec	init	comp	comm	finalize	cpu_comp	gpu_comp	gpu_total_comp	scatter	gather	aggr	trv_edges	exec_rate
524.82	493.66	0.72	480.42	13.23	0.00	0.00	480.42	480.42	0.00	0.00	0.28	8388606	0.0170
381.40	355.54	0.72	350.48	5.04	0.00	0.00	350.48	350.48	0.00	0.00	0.25	8388606	0.0236
501.99	485.19	0.46	464.26	20.92	0.00	0.00	464.26	464.26	0.00	0.00	0.23	8388606	0.0173
329.48	297.82	10.00	296.91	0.90	0.00	0.00	296.91	296.91	0.00	0.00	0.23	8388606	0.0282
306.37	289.89	0.44	288.96	0.92	0.00	0.00	288.96	288.96	0.00	0.00	0.23	8388606	0.0289
315.78	290.65	0.46	289.67	0.97	0.00	0.00	289.67	289.67	0.00	0.00	0.22	8388606	0.0289
339.32	313.22	0.63	312.00	1.21	0.00	0.00	312.00	312.00	0.00	0.00	0.24	8388606	0.0268
347.28	322.86	0.76	312.52	10.33	0.00	0.00	312.52	312.52	0.00	0.00	0.24	8388606	0.0260
336.33	319.24	0.54	296.92	22.31	0.00	0.00	296.92	296.92	0.00	0.00	0.27	8388606	0.0263
504.35	479.34	0.52	453.01	26.31	0.00	0.00	453.01	453.01	0.00	0.00	7.51	8388606	0.0175
339.97	323.00	0.55	315.53	7.45	0.00	0.00	315.53	315.53	0.00	0.00	0.24	8388606	0.0260
329.46	304.07	9.11	289.51	14.55	0.00	0.00	289.51	289.51	0.00	0.00	0.23	8388606	0.0276
334.94	304.56	0.80	302.71	1.84	0.00	0.00	302.71	302.71	0.00	0.00	0.33	8388606	0.0275
347.67	294.71	11.32	292.29	2.40	0.00	0.00	292.29	292.29	0.00	0.00	0.33	8388606	0.0285
322.32	299.18	0.98	296.91	2.24	0.00	0.00	296.91	296.91	0.00	0.00	0.28	8388606	0.0280
316.28	293.99	0.58	291.45	2.52	0.00	0.00	291.45	291.45	0.00	0.00	0.29	8388606	0.0285
635.54	602.53	0.91	590.20	12.33	0.00	0.00	590.20	590.20	0.00	0.00	5.65	8388606	0.0139
1198.02	1162.50	0.38	402.65	759.84	0.00	0.00	402.65	402.65	0.00	0.00	4.34	8388606	0.0072
1501.53	1449.30	4.82	1445.27	4.02	0.00	0.00	1445.27	1445.27	0.00	0.00	0.32	8388606	0.0058
1286.29	1258.52	0.97	373.81	884.69	0.00	0.00	373.81	373.81	0.00	0.00	0.24	8388606	0.0067
597.79	562.44	0.63	321.68	240.76	0.00	0.00	321.68	321.68	0.00	0.00	0.24	8388606	0.0149
1550.09	1532.56	0.92	1284.25	248.31	0.00	0.00	1284.25	1284.25	0.00	0.00	0.29	8388606	0.0055
1617.63	1559.04	0.39	1517.17	41.86	0.00	0.00	1517.17	1517.17	0.00	0.00	2.69	8388606	0.0054
1586.53	1527.31	1.12	1280.28	247.01	0.00	0.00	1280.28	1280.28	0.00	0.00	5.68	8388606	0.0055
541.88	509.09	0.86	490.77	18.31	0.00	0.00	490.77	490.77	0.00	0.00	5.66	8388606	0.0165
1259.89	1226.16	0.39	450.82	775.33	0.00	0.00	450.82	450.82	0.00	0.00	0.25	8388606	0.0068
620.59	578.65	0.96	559.76	18.88	0.00	0.00	559.76	559.76	0.00	0.00	5.65	8388606	0.0145
1163.43	1129.98	0.39	418.10	711.88	0.00	0.00	418.10	418.10	0.00	0.00	0.23	8388606	0.0074
442.01	411.00	5.67	399.15	11.84	0.00	0.00	399.15	399.15	0.00	0.01	5.65	8388606	0.0204
1429.69	1398.29	0.42	553.64	844.64	0.00	0.00	553.64	553.64	0.00	0.00	0.24	8388606	0.0060
1090.71	1066.84	0.61	324.74	742.10	0.00	0.00	324.74	324.74	0.00	0.00	0.24	8388606	0.0079
763.40	730.00	0.39	317.87	412.12	0.00	0.00	317.87	317.87	0.00	0.00	0.23	8388606	0.0115
347.78	313.39	0.86	312.27	1.11	0.00	0.00	312.27	312.27	0.00	0.00	0.24	8388606	0.0268
2330.07	2284.53	8.16	2237.79	46.72	0.00	0.00	2237.79	2237.79	0.00	0.00	4.57	8388606	0.0037
1476.57	1426.32	0.85	1417.45	8.86	0.00	0.00	1417.45	1417.45	0.00	0.00	5.68	8388606	0.0059
1529.79	1475.27	2.66	808.43	666.83	0.00	0.00	808.43	808.43	0.00	0.00	5.66	8388606	0.0057
370.36	342.30	0.83	336.15	6.14	0.00	0.00	336.15	336.15	0.00	0.00	0.23	8388606	0.0245
1481.86	1440.57	0.40	703.42	737.15	0.00	0.00	703.42	703.42	0.00	0.00	0.23	8388606	0.0058
834.39	813.11	0.95	324.47	488.63	0.00	0.00	324.47	324.47	0.00	0.00	0.25	8388606	0.0103
982.99	948.72	0.61	350.29	598.42	0.00	0.00	350.29	350.29	0.00	0.00	0.22	8388606	0.0088
610.15	568.36	0.84	316.31	252.03	0.00	0.00	316.31	316.31	0.00	0.00	5.66	8388606	0.0148
1212.70	1178.62	0.40	334.31	844.31	0.00	0.00	334.31	334.31	0.00	0.00	0.23	8388606	0.0071
585.95	544.21	0.83	532.24	11.95	0.00	0.00	532.24	532.24	0.00	0.00	5.67	8388606	0.0154
1225.57	1191.90	0.40	313.33	878.56	0.00	0.00	313.33	313.33	0.00	0.00	0.23	8388606	0.0070
604.93	563.09	0.90	544.80	18.28	0.00	0.00	544.80	544.80	0.00	0.00	5.65	8388606	0.0149
1180.39	1146.36	0.39	313.97	832.38	0.00	0.00	313.97	313.97	0.00	0.00	0.22	8388606	0.0073
701.98	659.83	0.91	653.22	6.59	0.00	0.00	653.22	653.22	0.00	0.00	5.66	8388606	0.0127
1091.06	1057.31	0.40	383.61	673.69	0.00	0.00	383.61	383.61	0.00	0.00	0.23	8388606	0.0079
473.92	432.26	0.96	419.92	12.34	0.00	0.00	419.92	419.92	0.00	0.00	5.67	8388606	0.0194
1393.28	1359.51	0.43	534.74	824.76	0.00	0.00	534.74	534.74	0.00	0.00	0.23	8388606	0.0062
1100.08	1061.77	0.88	345.85	715.91	0.00	0.00	345.85	345.85	0.00	0.00	0.25	8388606	0.0079
728.71	695.15	0.40	307.50	387.64	0.00	0.00	307.50	307.50	0.00	0.00	0.24	8388606	0.0121
333.69	300.18	0.86	299.01	1.16	0.00	0.00	299.01	299.01	0.00	0.00	0.24	8388606	0.0279
619.19	586.46	0.72	567.39	19.06	0.00	0.00	567.39	567.39	0.00	0.00	5.65	8388606	0.0143
1203.32	1178.99	0.39	427.51	751.47	0.00	0.00	427.51	427.51	0.00	0.00	0.24	8388606	0.0071
882.59	858.67	0.59	840.05	18.61	0.00	0.00	840.05	840.05	0.00	0.00	5.66	8388606	0.0098
891.95	858.35	0.41	317.46	540.88	0.00	0.00	317.46	317.46	0.00	0.00	0.23	8388606	0.0098
1485.06	1433.40	0.89	389.60	1043.79	0.00	0.00	389.60	389.60	0.00	0.00	0.27	8388606	0.0059
1443.83	1400.64	1.54	968.42	432.21	0.00	0.00	968.42	968.42	0.00	0.00	5.65	8388606	0.0060
1494.28	1443.84	0.41	1376.31	67.52	0.00	0.00	1376.31	1376.31	0.00	0.00	0.33	8388606	0.0058
566.51	542.96	0.94	526.12	16.84	0.00	0.00	526.12	526.12	0.00	0.00	5.66	8388606	0.0154
1253.31	1218.79	0.42	432.44	786.34	0.00	0.00	432.44	432.44	0.00	0.00	0.44	8388606	0.0069
1093.34	1069.34	0.69	1056.02	13.31	0.00	0.00	1056.02	1056.02	0.00	0.00	5.66	8388606	0.0078
861.94	831.94	0.40	353.11	478.82	0.00	0.00	353.11	353.11	0.00	0.00	0.25	8388606	0.0101
494.14	461.41	0.84	449.53	11.87	0.00	0.00	449.53	449.53	0.00	0.00	5.66	8388606	0.0182
1357.96	1324.53	0.41	501.91	822.61	0.00	0.00	501.91	501.91	0.00	0.00	0.23	8388606	0.0063
325.87	290.72	0.89	289.57	1.14	0.00	0.00	289.57	289.57	0.00	0.00	0.24	8388606	0.0289
1515.36	1478.41	0.60	1156.95	321.46	0.00	0.00	1156.95	1156.95	0.00	0.00	0.24	8388606	0.0057
306.27	289.37	0.62	288.11	1.25	0.00	0.00	288.11	288.11	0.00	0.00	0.24	8388606	0.0290
1619.48	1578.61	3.95	1541.96	36.64	0.00	0.00	1541.96	1541.96	0.00	0.00	0.24	8388606	0.0053
826.91	789.10	0.52	324.99	464.10	0.00	0.00	324.99	324.99	0.00	0.00	0.26	8388606	0.0106
948.73	915.01	0.39	311.26	603.74	0.00	0.00	311.26	311.26	0.00	0.00	0.23	8388606	0.0092
397.19	354.97	0.93	309.16	45.80	0.00	0.00	309.16	309.16	0.00	0.00	5.68	8388606	0.0236
1442.86	1408.76	0.40	685.43	723.33	0.00	0.00	685.43	685.43	0.00	0.00	0.24	8388606	0.0060
839.81	803.66	0.84	308.65	495.00	0.00	0.00	308.65	308.65	0.00	0.00	0.24	8388606	0.0104
931.48	897.78	0.39	359.90	537.87	0.00	0.00	359.90	359.90	0.00	0.00	0.24	8388606	0.0093
517.12	476.25	0.91	464.40	11.85	0.00	0.00	464.40	464.40	0.00	0.00	5.66	8388606	0.0176
1312.25	1282.58	0.39	474.82	807.75	0.00	0.00	474.82	474.82	0.00	0.00	0.23	8388606	0.0065
1512.23	1455.13	7.76	1215.03	240.06	0.00	0.00	1215.03	1215.03	0.00	0.00	0.37	8388606	0.0058
1577.87	1515.69	1.11	1500.63	15.05	0.00	0.00	1500.63	1500.63	0.00	0.00	5.67	8388606	0.0055
1469.15	1428.61	0.84	681.17	747.43	0.00	0.00	681.17	681.17	0.00	0.00	5.64	8388606	0.0059
1096.18	1072.65	5.38	1071.53	1.12	0.00	0.00	1071.53	1071.53	0.00	0.00	0.21	8388606	0.0078
786.86	765.18	0.38	341.84	423.33	0.00	0.00	341.84	341.84	0.00	0.00	0.24	8388606	0.0110
626.39	593.81	0.62	575.41	18.39	0.00	0.00	575.41	575.41	0.00	0.00	5.66	8388606	0.0141
1153.39	1119.79	0.41	313.47	806.31	0.00	0.00	313.47	313.47	0.00	0.00	0.23	8388606	0.0075
1537.97	1482.43	0.81	1478.51	3.91	0.00	0.00	1478.51	1478.51	0.00	0.00	5.65	8388606	0.0057
1536.59	1485.80	1.13	1481.81	3.98	0.00	0.00	1481.81	1481.81	0.00	0.00	5.65	8388606	0.0056
762.23	745.18	1.09	306.77	438.40	0.00	0.00	306.77	306.77	0.00	0.00	0.25	8388606	0.0113
1047.99	1022.50	0.42	324.48	698.02	0.00	0.00	324.48	324.48	0.00	0.00	0.23	8388606	0.0082
621.86	584.42	0.75	314.44	269.97	0.00	0.00	314.44	314.44	0.00	0.00	0.24	8388606	0.0144
1184.04	1150.36	0.40	425.35	725.00	0.00	0.00	425.35	425.35	0.00	0.00	0.23	8388606	0.0073
726.35	688.45	0.84	319.54	368.90	0.00	0.00	319.54	319.54	0.00	0.00	0.24	8388606	0.0122
1049.99	1016.60	0.39	378.20	638.38	0.00	0.00	378.20	378.20	0.00	0.00	0.24	8388606	0.0083
379.99	338.20	0.83	326.50	11.69	0.00	0.00	326.50	326.50	0.00	0.00	5.66	8388606	0.0248
1442.86	1409.33	0.42	661.54	747.78	0.00	0.00	661.54	661.54	0.00	0.00	0.23	8388606	0.0060
1563.49	1509.69	0.83	1261.69	247.97	0.00	0.00	1261.69	1261.69	0.00	0.00	0.29	8388606	0.0056
1487.36	1463.77	1.10	358.02	1105.74	0.00	0.00	358.02	358.02	0.00	0.00	5.66	8388606	0.0057
370.79	338.10	0.36	305.27	32.82	0.00	0.00	305.27	305.27	0.00	0.00	5.68	8388606	0.0248
1402.35	1368.60	0.38	321.04	1047.55	0.00	0.00	321.04	321.04	0.00	0.00	0.23	8388606	0.0061
934.92	892.68	0.88	885.95	6.72	0.00	0.00	885.95	885.95	0.00	0.00	5.65	8388606	0.0094
SCALE: 18
nvtx: 262144
edgefactor: 16
terasize: 6.71088639999999987e-05
A: 5.69999999999999951e-01
B: 1.90000000000000002e-01
C: 1.90000000000000002e-01
D: 5.00000000000000444e-02
generation_time: 0.00000000000000000e+00
construction_time: 3.51043974900000011e+00
nbfs: 100
min_time: 2.89991999983787552e-01
firstquartile_time: 4.81305500000715258e-01
median_time: 8.76411499917507220e-01
thirdquartile_time: 1.36671524995565430e+00
max_time: 2.29269599986076367e+00
mean_time: 8.93243819990158006e-01
stddev_time: 4.59865625529110367e-01
min_nedge: 4.19425900000000000e+06
firstquartile_nedge: 4.19425900000000000e+06
median_nedge: 4.19425900000000000e+06
thirdquartile_nedge: 4.19425900000000000e+06
max_nedge: 4.19425900000000000e+06
mean_nedge: 4.19425900000000000e+06
stddev_nedge: 0.00000000000000000e+00
min_TEPS: 1.82940040906195971e+06
firstquartile_TEPS: 3.19152017096431134e+06
median_TEPS: 4.96160816199645307e+06
thirdquartile_TEPS: 9.00259846484049223e+06
max_TEPS: 1.44633610590446852e+07
harmonic_mean_TEPS: 4.69553654459788371e+06
harmonic_stddev_TEPS: 2.42956518259504577e+05
