[BASH] Running the GPU only graph500 for scale 17 with sorted edges
file:/dev/null	benchmark:GRAPH500	vertices:131072	edges:4194302	partitioning:RANDOM	platform:GPU	alpha:50	repeat:1	gpu_count:1	thread_count:4	thread_sched:GUIDED	thread_bind:false	gpu_graph_mem:DEVICE	gpu_par_randomized:false	sorted:false	edge_sort_key:degree	edge_order:asc	separate_singletons:false	lambda:0	time_init:721.77	time_par:37.37	rmt_vertex:0	rmt_edge:0	beta:0	pid0:100,100,0,0	
total	exec	init	comp	comm	finalize	cpu_comp	gpu_comp	gpu_total_comp	scatter	gather	aggr	trv_edges	exec_rate
433.87	422.96	0.72	419.56	3.39	0.00	0.00	419.56	419.56	0.00	0.00	0.28	4194302	0.0099
184.66	173.60	1.10	171.19	2.39	0.00	0.00	171.19	171.19	0.00	0.00	0.27	4194302	0.0242
175.39	163.42	1.42	161.12	2.29	0.00	0.00	161.12	161.12	0.00	0.00	0.28	4194302	0.0257
168.78	151.48	1.35	149.12	2.35	0.00	0.00	149.12	149.12	0.00	0.00	0.26	4194302	0.0277
186.46	169.24	1.33	166.80	2.42	0.00	0.00	166.80	166.80	0.00	0.00	0.27	4194302	0.0248
183.64	166.55	1.43	163.77	2.77	0.00	0.00	163.77	163.77	0.00	0.00	0.29	4194302	0.0252
169.37	158.57	1.39	156.71	1.85	0.00	0.00	156.71	156.71	0.00	0.00	0.20	4194302	0.0265
181.73	171.00	0.71	168.14	2.84	0.00	0.00	168.14	168.14	0.00	0.00	0.26	4194302	0.0245
198.89	181.06	1.07	177.82	3.23	0.00	0.00	177.82	177.82	0.00	0.00	0.27	4194302	0.0232
289.00	269.72	7.48	266.55	3.16	0.00	0.00	266.55	266.55	0.00	0.00	0.16	4194302	0.0156
238.91	227.22	0.90	217.33	9.87	0.00	0.00	217.33	217.33	0.00	0.00	0.27	4194302	0.0185
202.81	181.61	1.04	170.18	11.42	0.00	0.00	170.18	170.18	0.00	0.00	0.29	4194302	0.0231
239.62	222.69	1.22	214.08	8.60	0.00	0.00	214.08	214.08	0.00	0.00	0.29	4194302	0.0188
214.86	192.53	1.03	189.82	2.70	0.00	0.00	189.82	189.82	0.00	0.00	0.27	4194302	0.0218
189.45	175.27	2.30	173.23	2.03	0.00	0.00	173.23	173.23	0.00	0.00	0.20	4194302	0.0239
188.41	166.14	1.08	163.91	2.22	0.00	0.00	163.91	163.91	0.00	0.00	0.27	4194302	0.0252
162.64	152.16	1.00	150.30	1.84	0.00	0.00	150.30	150.30	0.00	0.00	0.21	4194302	0.0276
161.77	154.96	1.06	149.02	5.92	0.00	0.00	149.02	149.02	0.00	0.00	0.19	4194302	0.0271
181.51	165.09	0.68	162.82	2.26	0.00	0.00	162.82	162.82	0.00	0.00	0.27	4194302	0.0254
183.12	174.97	1.37	160.01	14.95	0.00	0.00	160.01	160.01	0.00	0.00	0.21	4194302	0.0240
178.65	166.41	2.39	149.40	16.99	0.00	0.00	149.40	149.40	0.00	0.00	0.21	4194302	0.0252
181.87	161.98	10.55	160.78	1.18	0.00	0.00	160.78	160.78	0.00	0.00	0.18	4194302	0.0259
188.23	167.98	0.76	160.84	7.12	0.00	0.00	160.84	160.84	0.00	0.00	0.20	4194302	0.0250
180.21	162.83	7.41	160.59	2.24	0.00	0.00	160.59	160.59	0.00	0.00	0.27	4194302	0.0258
195.12	184.81	1.01	182.53	2.27	0.00	0.00	182.53	182.53	0.00	0.00	0.18	4194302	0.0227
187.11	170.51	1.09	168.87	1.62	0.00	0.00	168.87	168.87	0.00	0.00	0.21	4194302	0.0246
200.78	172.96	8.38	160.10	12.85	0.00	0.00	160.10	160.10	0.00	0.00	0.21	4194302	0.0242
176.94	165.40	1.08	163.74	1.64	0.00	0.00	163.74	163.74	0.00	0.00	0.21	4194302	0.0254
199.51	179.31	10.16	157.33	21.96	0.00	0.00	157.33	157.33	0.00	0.00	0.27	4194302	0.0234
251.77	246.15	1.13	233.33	12.80	0.00	0.00	233.33	233.33	0.00	0.00	0.23	4194302	0.0170
165.63	156.75	0.88	154.33	2.41	0.00	0.00	154.33	154.33	0.00	0.00	3.65	4194302	0.0268
179.12	167.42	1.39	164.99	2.42	0.00	0.00	164.99	164.99	0.00	0.00	0.29	4194302	0.0251
183.17	169.85	4.10	159.62	10.22	0.00	0.00	159.62	159.62	0.00	0.00	0.17	4194302	0.0247
177.20	157.32	0.56	148.55	8.76	0.00	0.00	148.55	148.55	0.00	0.00	0.20	4194302	0.0267
316.04	305.07	0.80	297.57	7.48	0.00	0.00	297.57	297.57	0.00	0.00	0.27	4194302	0.0137
187.45	176.42	1.05	173.67	2.74	0.00	0.00	173.67	173.67	0.00	0.00	0.27	4194302	0.0238
194.23	177.70	1.01	164.94	12.74	0.00	0.00	164.94	164.94	0.00	0.00	0.28	4194302	0.0236
261.12	250.77	1.10	247.76	3.00	0.00	0.00	247.76	247.76	0.00	0.00	0.21	4194302	0.0167
170.45	150.02	0.59	148.20	1.80	0.00	0.00	148.20	148.20	0.00	0.00	0.27	4194302	0.0280
190.23	173.29	1.43	161.10	12.17	0.00	0.00	161.10	161.10	0.00	0.00	0.26	4194302	0.0242
176.02	165.28	1.78	158.18	7.09	0.00	0.00	158.18	158.18	0.00	0.00	0.17	4194302	0.0254
169.75	153.89	0.50	150.97	2.90	0.00	0.00	150.97	150.97	0.00	0.00	0.21	4194302	0.0273
250.16	239.47	0.75	220.30	19.15	0.00	0.00	220.30	220.30	0.00	0.00	0.22	4194302	0.0175
304.15	287.93	0.72	275.33	12.58	0.00	0.00	275.33	275.33	0.00	0.00	0.21	4194302	0.0146
217.41	199.34	0.75	173.18	26.15	0.00	0.00	173.18	173.18	0.00	0.00	0.21	4194302	0.0210
189.54	179.05	0.75	163.50	15.53	0.00	0.00	163.50	163.50	0.00	0.00	0.23	4194302	0.0234
174.52	157.82	1.24	155.69	2.12	0.00	0.00	155.69	155.69	0.00	0.00	0.27	4194302	0.0266
271.51	260.88	1.16	242.78	18.09	0.00	0.00	242.78	242.78	0.00	0.00	0.21	4194302	0.0161
265.60	254.80	0.77	227.62	27.16	0.00	0.00	227.62	227.62	0.00	0.00	0.20	4194302	0.0165
256.26	235.21	0.75	216.06	19.00	0.00	0.00	216.06	216.06	0.00	0.00	0.26	4194302	0.0178
227.64	216.05	1.08	204.31	11.73	0.00	0.00	204.31	204.31	0.00	0.00	0.18	4194302	0.0194
225.10	212.66	1.04	199.87	12.77	0.00	0.00	199.87	199.87	0.00	0.00	1.56	4194302	0.0197
218.40	207.08	1.04	200.56	6.51	0.00	0.00	200.56	200.56	0.00	0.00	0.29	4194302	0.0203
295.62	278.81	1.05	275.74	3.06	0.00	0.00	275.74	275.74	0.00	0.00	0.26	4194302	0.0150
227.40	203.34	1.03	191.12	12.21	0.00	0.00	191.12	191.12	0.00	0.00	7.44	4194302	0.0206
277.47	260.56	1.08	257.66	2.89	0.00	0.00	257.66	257.66	0.00	0.00	0.27	4194302	0.0161
196.27	172.22	1.04	169.52	2.68	0.00	0.00	169.52	169.52	0.00	0.00	7.57	4194302	0.0244
310.32	299.92	1.06	292.98	6.92	0.00	0.00	292.98	292.98	0.00	0.00	0.19	4194302	0.0140
161.62	150.50	1.01	148.47	2.02	0.00	0.00	148.47	148.47	0.00	0.00	0.26	4194302	0.0279
178.45	167.19	1.34	165.44	1.74	0.00	0.00	165.44	165.44	0.00	0.00	0.21	4194302	0.0251
185.04	168.69	0.72	156.38	12.29	0.00	0.00	156.38	156.38	0.00	0.00	0.20	4194302	0.0249
194.85	171.32	0.95	158.08	13.23	0.00	0.00	158.08	158.08	0.00	0.00	7.18	4194302	0.0245
205.15	175.84	4.78	155.01	20.82	0.00	0.00	155.01	155.01	0.00	0.00	0.22	4194302	0.0239
170.36	157.61	7.73	155.04	2.56	0.00	0.00	155.04	155.04	0.00	0.00	0.18	4194302	0.0266
194.29	173.72	0.58	164.15	9.54	0.00	0.00	164.15	164.15	0.00	0.00	0.27	4194302	0.0241
212.00	206.58	1.08	186.73	19.83	0.00	0.00	186.73	186.73	0.00	0.00	0.22	4194302	0.0203
170.51	160.28	0.73	158.81	1.46	0.00	0.00	158.81	158.81	0.00	0.00	0.19	4194302	0.0262
186.59	181.71	0.55	178.07	3.63	0.00	0.00	178.07	178.07	0.00	0.00	0.22	4194302	0.0231
243.26	225.16	0.74	211.74	13.40	0.00	0.00	211.74	211.74	0.00	0.00	1.25	4194302	0.0186
235.37	220.71	0.76	203.56	17.13	0.00	0.00	203.56	203.56	0.00	0.00	0.21	4194302	0.0190
296.27	276.39	0.75	243.98	32.40	0.00	0.00	243.98	243.98	0.00	0.00	0.22	4194302	0.0152
218.28	201.91	0.79	186.51	15.38	0.00	0.00	186.51	186.51	0.00	0.00	0.21	4194302	0.0208
305.61	287.51	0.73	269.78	17.70	0.00	0.00	269.78	269.78	0.00	0.00	7.99	4194302	0.0146
225.82	215.55	0.74	186.37	29.17	0.00	0.00	186.37	186.37	0.00	0.00	0.21	4194302	0.0195
293.48	283.25	0.73	255.51	27.73	0.00	0.00	255.51	255.51	0.00	0.00	0.20	4194302	0.0148
227.47	217.67	0.74	204.01	13.65	0.00	0.00	204.01	204.01	0.00	0.00	0.21	4194302	0.0193
209.97	199.21	0.70	188.26	10.94	0.00	0.00	188.26	188.26	0.00	0.00	0.28	4194302	0.0211
207.54	196.60	1.03	183.13	13.46	0.00	0.00	183.13	183.13	0.00	0.00	0.21	4194302	0.0213
181.76	171.67	0.73	169.37	2.29	0.00	0.00	169.37	169.37	0.00	0.00	0.18	4194302	0.0244
177.44	172.49	0.60	164.52	7.95	0.00	0.00	164.52	164.52	0.00	0.00	0.21	4194302	0.0243
178.94	158.23	10.78	148.49	9.72	0.00	0.00	148.49	148.49	0.00	0.00	0.21	4194302	0.0265
182.94	163.13	10.69	160.50	2.62	0.00	0.00	160.50	160.50	0.00	0.00	0.17	4194302	0.0257
178.74	168.36	0.48	154.06	14.29	0.00	0.00	154.06	154.06	0.00	0.00	0.21	4194302	0.0249
204.72	184.26	10.57	162.02	22.22	0.00	0.00	162.02	162.02	0.00	0.00	0.21	4194302	0.0228
184.82	166.80	1.06	156.70	10.08	0.00	0.00	156.70	156.70	0.00	0.00	0.22	4194302	0.0251
199.38	188.80	0.56	186.37	2.42	0.00	0.00	186.37	186.37	0.00	0.00	0.26	4194302	0.0222
300.50	289.60	1.04	276.75	12.83	0.00	0.00	276.75	276.75	0.00	0.00	0.20	4194302	0.0145
211.28	200.73	0.62	183.66	17.06	0.00	0.00	183.66	183.66	0.00	0.00	0.20	4194302	0.0209
180.05	159.65	1.06	148.36	11.28	0.00	0.00	148.36	148.36	0.00	0.00	0.21	4194302	0.0263
163.88	151.58	7.89	149.87	1.69	0.00	0.00	149.87	149.87	0.00	0.00	0.18	4194302	0.0277
174.48	169.24	0.90	153.04	16.19	0.00	0.00	153.04	153.04	0.00	0.00	0.21	4194302	0.0248
203.51	186.41	1.19	173.60	12.80	0.00	0.00	173.60	173.60	0.00	0.00	0.27	4194302	0.0225
191.24	180.33	1.38	168.22	12.09	0.00	0.00	168.22	168.22	0.00	0.00	0.23	4194302	0.0233
174.23	158.02	0.80	156.50	1.50	0.00	0.00	156.50	156.50	0.00	0.00	0.21	4194302	0.0265
189.68	167.69	1.06	157.01	10.67	0.00	0.00	157.01	157.01	0.00	0.00	0.21	4194302	0.0250
179.37	159.86	10.03	149.53	10.32	0.00	0.00	149.53	149.53	0.00	0.00	0.21	4194302	0.0262
162.59	152.08	1.02	150.53	1.53	0.00	0.00	150.53	150.53	0.00	0.00	0.21	4194302	0.0276
180.01	169.79	0.70	151.44	18.33	0.00	0.00	151.44	151.44	0.00	0.00	0.21	4194302	0.0247
192.74	181.05	1.20	156.75	24.29	0.00	0.00	156.75	156.75	0.00	0.00	0.21	4194302	0.0232
167.01	156.40	1.05	154.42	1.96	0.00	0.00	154.42	154.42	0.00	0.00	0.16	4194302	0.0268
SCALE: 17
nvtx: 131072
edgefactor: 16
terasize: 3.35544319999999993e-05
A: 5.69999999999999951e-01
B: 1.90000000000000002e-01
C: 1.90000000000000002e-01
D: 5.00000000000000444e-02
generation_time: 0.00000000000000000e+00
construction_time: 1.43714166700000012e+00
nbfs: 100
min_time: 1.50608000040054313e-01
firstquartile_time: 1.68744500011205667e-01
median_time: 1.77523500025272368e-01
thirdquartile_time: 2.15647249907255173e-01
max_time: 4.23682999968528762e-01
mean_time: 1.95777989991903351e-01
stddev_time: 4.57046690285416723e-02
min_nedge: 2.09713500000000000e+06
firstquartile_nedge: 2.09713500000000000e+06
median_nedge: 2.09713500000000000e+06
thirdquartile_nedge: 2.09713500000000000e+06
max_nedge: 2.09713500000000000e+06
mean_nedge: 2.09713500000000000e+06
stddev_nedge: 0.00000000000000000e+00
min_TEPS: 4.94977376990763284e+06
firstquartile_TEPS: 1.00820867243912071e+07
median_TEPS: 1.19478036043368988e+07
thirdquartile_TEPS: 1.24739681906966344e+07
max_TEPS: 1.39244595203592461e+07
harmonic_mean_TEPS: 1.07118016692618504e+07
harmonic_stddev_TEPS: 2.51328436017415399e+05
