[BASH] Running the CPU only (default) graph500 for scale 21
file:(null)	benchmark:GRAPH500	vertices:2097152	edges:67108862	partitioning:RANDOM	platform:CPU	alpha:50	repeat:1	gpu_count:1	thread_count:1	thread_sched:GUIDED	thread_bind:false	gpu_graph_mem:DEVICE	gpu_par_randomized:false	sorted:false	edge_sort_key:id	edge_order:asc	separate_singletons:false	lambda:0	time_init:7245.24	time_par:162.70	rmt_vertex:0	rmt_edge:0	beta:0	pid0:100,100,0,0	
total	exec	init	comp	comm	finalize	cpu_comp	gpu_comp	gpu_total_comp	scatter	gather	aggr	trv_edges	exec_rate
359.86	345.04	5.67	345.00	0.04	0.00	345.00	0.00	0.00	0.00	0.00	0.00	67108862	0.1945
351.87	337.18	5.63	337.14	0.04	0.00	337.14	0.00	0.00	0.00	0.00	0.00	67108862	0.1990
372.34	357.26	6.01	357.22	0.04	0.00	357.22	0.00	0.00	0.00	0.00	0.00	67108862	0.1878
354.19	339.11	6.02	339.06	0.05	0.00	339.06	0.00	0.00	0.00	0.00	0.00	67108862	0.1979
408.03	393.32	5.56	393.27	0.04	0.00	393.27	0.00	0.00	0.01	0.00	0.00	67108862	0.1706
355.30	340.29	5.94	340.24	0.04	0.00	340.24	0.00	0.00	0.00	0.00	0.00	67108862	0.1972
405.91	390.87	5.94	390.82	0.04	0.00	390.82	0.00	0.00	0.01	0.00	0.00	67108862	0.1717
379.09	363.93	6.02	363.89	0.04	0.00	363.89	0.00	0.00	0.00	0.00	0.00	67108862	0.1844
438.65	423.63	5.95	423.58	0.04	0.00	423.58	0.00	0.00	0.01	0.00	0.00	67108862	0.1584
392.84	377.69	6.02	377.65	0.04	0.00	377.65	0.00	0.00	0.00	0.00	0.00	67108862	0.1777
387.27	370.94	5.53	370.89	0.04	0.00	370.89	0.00	0.00	0.00	0.00	0.00	67108862	0.1809
449.62	433.50	6.96	433.45	0.04	0.00	433.45	0.00	0.00	0.01	0.00	0.00	67108862	0.1548
358.48	343.65	5.60	343.61	0.04	0.00	343.61	0.00	0.00	0.00	0.00	0.00	67108862	0.1953
442.16	427.20	5.82	427.15	0.04	0.00	427.15	0.00	0.00	0.00	0.00	0.00	67108862	0.1571
405.90	390.87	5.95	390.82	0.05	0.00	390.82	0.00	0.00	0.00	0.00	0.00	67108862	0.1717
408.42	393.41	5.95	393.36	0.04	0.00	393.36	0.00	0.00	0.00	0.00	0.00	67108862	0.1706
384.33	369.25	6.02	369.20	0.04	0.00	369.20	0.00	0.00	0.00	0.00	0.00	67108862	0.1817
354.65	339.55	6.04	339.51	0.04	0.00	339.51	0.00	0.00	0.00	0.00	0.00	67108862	0.1976
359.58	344.53	5.94	344.48	0.04	0.00	344.48	0.00	0.00	0.00	0.00	0.00	67108862	0.1948
448.89	434.19	5.60	434.15	0.04	0.00	434.15	0.00	0.00	0.01	0.00	0.00	67108862	0.1546
364.89	350.15	5.60	350.11	0.04	0.00	350.11	0.00	0.00	0.00	0.00	0.00	67108862	0.1917
444.01	429.00	5.95	428.95	0.04	0.00	428.95	0.00	0.00	0.00	0.00	0.00	67108862	0.1564
460.45	445.70	5.60	445.66	0.04	0.00	445.66	0.00	0.00	0.00	0.00	0.00	67108862	0.1506
392.50	377.33	5.60	377.28	0.04	0.00	377.28	0.00	0.00	0.00	0.00	0.00	67108862	0.1779
372.85	357.50	6.21	357.46	0.04	0.00	357.46	0.00	0.00	0.01	0.00	0.00	67108862	0.1877
382.99	368.40	5.53	368.35	0.04	0.00	368.35	0.00	0.00	0.01	0.00	0.00	67108862	0.1822
374.98	360.30	5.53	360.25	0.04	0.00	360.25	0.00	0.00	0.01	0.00	0.00	67108862	0.1863
350.56	335.48	5.94	335.44	0.04	0.00	335.44	0.00	0.00	0.00	0.00	0.00	67108862	0.2000
385.86	370.72	5.95	370.67	0.04	0.00	370.67	0.00	0.00	0.00	0.00	0.00	67108862	0.1810
385.33	370.26	5.93	370.20	0.05	0.00	370.20	0.00	0.00	0.00	0.00	0.00	67108862	0.1812
352.72	338.00	5.53	337.96	0.04	0.00	337.96	0.00	0.00	0.00	0.00	0.00	67108862	0.1985
378.92	363.85	5.94	363.80	0.04	0.00	363.80	0.00	0.00	0.00	0.00	0.00	67108862	0.1844
353.53	338.41	5.94	338.36	0.04	0.00	338.36	0.00	0.00	0.01	0.00	0.00	67108862	0.1983
372.46	357.74	5.53	357.69	0.04	0.00	357.69	0.00	0.00	0.01	0.00	0.00	67108862	0.1876
353.25	338.08	5.94	338.04	0.04	0.00	338.04	0.00	0.00	0.00	0.00	0.00	67108862	0.1985
376.51	361.88	5.56	361.84	0.04	0.00	361.84	0.00	0.00	0.00	0.00	0.00	67108862	0.1854
366.19	351.04	6.10	350.99	0.04	0.00	350.99	0.00	0.00	0.01	0.00	0.00	67108862	0.1912
375.26	360.09	6.03	360.03	0.05	0.00	360.03	0.00	0.00	0.00	0.00	0.00	67108862	0.1864
377.74	363.14	5.53	363.10	0.04	0.00	363.10	0.00	0.00	0.00	0.00	0.00	67108862	0.1848
442.97	427.77	6.05	427.72	0.04	0.00	427.72	0.00	0.00	0.01	0.00	0.00	67108862	0.1569
357.17	342.50	5.55	342.45	0.04	0.00	342.45	0.00	0.00	0.00	0.00	0.00	67108862	0.1959
363.26	348.44	5.63	348.39	0.04	0.00	348.39	0.00	0.00	0.00	0.00	0.00	67108862	0.1926
351.61	336.95	5.53	336.90	0.03	0.00	336.90	0.00	0.00	0.00	0.00	0.00	67108862	0.1992
354.31	339.64	5.53	339.59	0.04	0.01	339.59	0.00	0.00	0.00	0.00	0.00	67108862	0.1976
402.50	387.84	5.60	387.80	0.03	0.00	387.80	0.00	0.00	0.00	0.00	0.00	67108862	0.1730
441.88	427.13	5.60	427.09	0.04	0.00	427.09	0.00	0.00	0.01	0.00	0.00	67108862	0.1571
366.82	352.14	5.53	352.10	0.04	0.00	352.10	0.00	0.00	0.00	0.00	0.00	67108862	0.1906
387.34	372.68	5.59	372.64	0.04	0.00	372.64	0.00	0.00	0.01	0.00	0.00	67108862	0.1801
366.11	351.47	5.52	351.42	0.04	0.00	351.42	0.00	0.00	0.01	0.00	0.00	67108862	0.1909
357.06	342.40	5.60	342.36	0.04	0.00	342.36	0.00	0.00	0.00	0.00	0.00	67108862	0.1960
408.67	393.88	5.53	393.84	0.04	0.00	393.84	0.00	0.00	0.01	0.00	0.00	67108862	0.1704
372.10	357.50	5.54	357.46	0.04	0.00	357.46	0.00	0.00	0.01	0.00	0.00	67108862	0.1877
359.66	344.78	5.60	344.74	0.04	0.00	344.74	0.00	0.00	0.00	0.00	0.00	67108862	0.1946
441.10	426.49	5.55	426.44	0.04	0.00	426.44	0.00	0.00	0.00	0.00	0.00	67108862	0.1574
369.43	354.75	5.60	354.71	0.04	0.00	354.71	0.00	0.00	0.01	0.00	0.00	67108862	0.1892
359.44	344.70	5.60	344.66	0.04	0.00	344.66	0.00	0.00	0.01	0.00	0.00	67108862	0.1947
461.87	447.28	5.53	447.23	0.04	0.00	447.23	0.00	0.00	0.00	0.00	0.00	67108862	0.1500
368.68	354.04	5.59	353.99	0.04	0.00	353.99	0.00	0.00	0.01	0.00	0.00	67108862	0.1896
429.26	410.91	5.60	410.86	0.05	0.00	410.86	0.00	0.00	0.01	0.00	0.00	67108862	0.1633
376.08	361.48	5.53	361.44	0.04	0.00	361.44	0.00	0.00	0.00	0.00	0.00	67108862	0.1856
367.86	353.27	5.53	353.22	0.04	0.00	353.22	0.00	0.00	0.00	0.00	0.00	67108862	0.1900
360.68	345.70	5.86	345.65	0.04	0.00	345.65	0.00	0.00	0.01	0.00	0.00	67108862	0.1941
402.15	387.55	5.53	387.51	0.03	0.00	387.51	0.00	0.00	0.00	0.00	0.00	67108862	0.1732
349.60	335.02	5.53	334.97	0.03	0.00	334.97	0.00	0.00	0.00	0.00	0.00	67108862	0.2003
358.83	344.00	5.60	343.95	0.04	0.00	343.95	0.00	0.00	0.01	0.00	0.00	67108862	0.1951
384.31	369.64	5.53	369.59	0.04	0.00	369.59	0.00	0.00	0.00	0.00	0.00	67108862	0.1816
370.61	355.94	5.53	355.90	0.04	0.00	355.90	0.00	0.00	0.01	0.00	0.00	67108862	0.1885
444.02	429.36	5.52	429.32	0.04	0.00	429.32	0.00	0.00	0.00	0.00	0.00	67108862	0.1563
415.21	400.54	5.53	400.49	0.04	0.00	400.49	0.00	0.00	0.00	0.00	0.00	67108862	0.1675
387.88	373.18	5.56	373.14	0.04	0.00	373.14	0.00	0.00	0.01	0.00	0.00	67108862	0.1798
353.95	339.29	5.59	339.24	0.04	0.00	339.24	0.00	0.00	0.01	0.00	0.00	67108862	0.1978
348.54	333.95	5.53	333.91	0.03	0.00	333.91	0.00	0.00	0.00	0.00	0.00	67108862	0.2010
382.95	368.26	5.60	368.22	0.04	0.00	368.22	0.00	0.00	0.00	0.00	0.00	67108862	0.1822
399.64	384.91	5.60	384.87	0.04	0.00	384.87	0.00	0.00	0.01	0.00	0.00	67108862	0.1743
364.81	350.08	5.53	350.04	0.04	0.00	350.04	0.00	0.00	0.00	0.00	0.00	67108862	0.1917
376.07	361.49	5.53	361.45	0.04	0.00	361.45	0.00	0.00	0.00	0.00	0.00	67108862	0.1856
355.33	340.63	5.55	340.59	0.04	0.00	340.59	0.00	0.00	0.00	0.00	0.00	67108862	0.1970
405.45	390.87	5.53	390.82	0.04	0.00	390.82	0.00	0.00	0.00	0.00	0.00	67108862	0.1717
374.10	359.50	5.53	359.46	0.04	0.00	359.46	0.00	0.00	0.00	0.00	0.00	67108862	0.1867
365.24	350.54	5.54	350.50	0.04	0.00	350.50	0.00	0.00	0.00	0.00	0.00	67108862	0.1914
384.49	369.49	5.59	369.44	0.04	0.00	369.44	0.00	0.00	0.00	0.00	0.00	67108862	0.1816
389.28	373.29	6.06	373.25	0.04	0.00	373.25	0.00	0.00	0.00	0.00	0.00	67108862	0.1798
786.31	761.80	11.12	761.72	0.07	0.00	761.72	0.00	0.00	0.01	0.00	0.00	67108862	0.0881
369.31	354.37	5.88	354.32	0.04	0.00	354.32	0.00	0.00	0.00	0.00	0.00	67108862	0.1894
361.23	346.55	5.56	346.51	0.04	0.00	346.51	0.00	0.00	0.00	0.00	0.00	67108862	0.1936
431.96	417.17	5.55	417.13	0.04	0.00	417.13	0.00	0.00	0.00	0.00	0.00	67108862	0.1609
376.98	362.39	5.53	362.35	0.04	0.00	362.35	0.00	0.00	0.00	0.00	0.00	67108862	0.1852
350.27	335.17	5.98	335.13	0.04	0.00	335.13	0.00	0.00	0.00	0.00	0.00	67108862	0.2002
423.19	407.75	5.57	407.71	0.04	0.00	407.71	0.00	0.00	0.00	0.00	0.00	67108862	0.1646
383.83	368.60	6.07	368.55	0.04	0.00	368.55	0.00	0.00	0.00	0.00	0.00	67108862	0.1821
368.23	353.46	5.56	353.42	0.04	0.00	353.42	0.00	0.00	0.00	0.00	0.00	67108862	0.1899
392.94	378.26	5.56	378.21	0.04	0.00	378.21	0.00	0.00	0.00	0.00	0.00	67108862	0.1774
354.08	338.86	5.60	338.82	0.04	0.00	338.82	0.00	0.00	0.00	0.00	0.00	67108862	0.1980
400.24	385.11	5.92	385.06	0.04	0.00	385.06	0.00	0.00	0.00	0.00	0.00	67108862	0.1743
350.57	335.68	5.53	335.64	0.04	0.00	335.64	0.00	0.00	0.00	0.00	0.00	67108862	0.1999
374.09	359.10	5.53	359.05	0.04	0.00	359.05	0.00	0.00	0.00	0.00	0.00	67108862	0.1869
347.11	332.36	5.60	332.32	0.04	0.00	332.32	0.00	0.00	0.01	0.00	0.00	67108862	0.2019
350.73	335.99	5.60	335.94	0.05	0.00	335.94	0.00	0.00	0.00	0.00	0.00	67108862	0.1997
364.97	350.08	5.71	350.03	0.04	0.00	350.03	0.00	0.00	0.00	0.00	0.00	67108862	0.1917
381.67	367.01	5.60	366.97	0.03	0.00	366.97	0.00	0.00	0.00	0.00	0.00	67108862	0.1829
SCALE: 21
nvtx: 2097152
edgefactor: 16
terasize: 5.36870911999999989e-04
A: 5.69999999999999951e-01
B: 1.90000000000000002e-01
C: 1.90000000000000002e-01
D: 5.00000000000000444e-02
generation_time: 0.00000000000000000e+00
construction_time: 4.01574757400000024e+01
nbfs: 100
min_time: 3.37963000297546390e-01
firstquartile_time: 3.50527499914169316e-01
median_time: 3.66564999938011171e-01
thirdquartile_time: 3.92565749943256381e-01
max_time: 7.72916000127792380e-01
mean_time: 3.77593860034942663e-01
stddev_time: 4.96275664053987750e-02
min_nedge: 3.35540490000000000e+07
firstquartile_nedge: 3.35540490000000000e+07
median_nedge: 3.35540490000000000e+07
thirdquartile_nedge: 3.35540490000000000e+07
max_nedge: 3.35540490000000000e+07
mean_nedge: 3.35540490000000000e+07
stddev_nedge: 0.00000000000000000e+00
min_TEPS: 4.34122841220161617e+07
firstquartile_TEPS: 8.62979782427888215e+07
median_TEPS: 9.18208374184265137e+07
thirdquartile_TEPS: 9.57803892299091369e+07
max_TEPS: 9.92832025116910487e+07
harmonic_mean_TEPS: 8.88628035341859013e+07
harmonic_stddev_TEPS: 1.17381719961023843e+06
