[BASH] Running the CPU only (default) graph500 for scale 18
file:(null)	benchmark:GRAPH500	vertices:262143	edges:8388606	partitioning:RANDOM	platform:CPU	alpha:50	repeat:1	gpu_count:1	thread_count:1	thread_sched:GUIDED	thread_bind:false	gpu_graph_mem:DEVICE	gpu_par_randomized:false	sorted:false	edge_sort_key:id	edge_order:asc	separate_singletons:false	lambda:0	time_init:708.51	time_par:20.21	rmt_vertex:0	rmt_edge:0	beta:0	pid0:100,100,0,0	
total	exec	init	comp	comm	finalize	cpu_comp	gpu_comp	gpu_total_comp	scatter	gather	aggr	trv_edges	exec_rate
39.36	37.54	0.70	37.50	0.04	0.00	37.50	0.00	0.00	0.01	0.00	0.00	8388606	0.2235
50.77	48.93	0.70	48.89	0.03	0.00	48.89	0.00	0.00	0.00	0.00	0.00	8388606	0.1714
39.89	38.03	0.72	37.99	0.03	0.00	37.99	0.00	0.00	0.00	0.00	0.00	8388606	0.2206
39.86	37.99	0.72	37.96	0.03	0.00	37.96	0.00	0.00	0.00	0.00	0.00	8388606	0.2208
40.00	38.16	0.71	38.12	0.03	0.00	38.12	0.00	0.00	0.00	0.00	0.00	8388606	0.2198
39.82	37.96	0.72	37.91	0.04	0.00	37.91	0.00	0.00	0.01	0.00	0.00	8388606	0.2210
46.27	44.41	0.71	44.37	0.04	0.00	44.37	0.00	0.00	0.00	0.00	0.00	8388606	0.1889
49.19	47.32	0.72	47.29	0.03	0.00	47.29	0.00	0.00	0.00	0.00	0.00	8388606	0.1773
43.70	41.86	0.70	41.82	0.03	0.00	41.82	0.00	0.00	0.01	0.00	0.00	8388606	0.2004
40.30	38.46	0.70	38.42	0.03	0.00	38.42	0.00	0.00	0.00	0.00	0.00	8388606	0.2181
41.34	39.46	0.74	39.42	0.03	0.00	39.42	0.00	0.00	0.00	0.00	0.00	8388606	0.2126
40.94	39.08	0.72	39.05	0.03	0.00	39.05	0.00	0.00	0.00	0.00	0.00	8388606	0.2146
39.37	37.53	0.71	37.49	0.03	0.00	37.49	0.00	0.00	0.00	0.00	0.00	8388606	0.2235
40.06	38.21	0.72	38.17	0.04	0.00	38.17	0.00	0.00	0.00	0.00	0.00	8388606	0.2196
41.86	39.97	0.70	39.92	0.03	0.00	39.92	0.00	0.00	0.00	0.00	0.00	8388606	0.2099
41.61	39.69	0.72	39.65	0.04	0.00	39.65	0.00	0.00	0.01	0.00	0.00	8388606	0.2113
53.99	52.13	0.72	52.09	0.03	0.00	52.09	0.00	0.00	0.01	0.00	0.00	8388606	0.1609
40.25	38.42	0.70	38.38	0.03	0.00	38.38	0.00	0.00	0.00	0.00	0.00	8388606	0.2184
48.31	46.46	0.71	46.42	0.03	0.00	46.42	0.00	0.00	0.00	0.00	0.00	8388606	0.1806
43.18	41.31	0.74	41.27	0.03	0.00	41.27	0.00	0.00	0.01	0.00	0.00	8388606	0.2031
39.15	37.29	0.72	37.26	0.03	0.00	37.26	0.00	0.00	0.00	0.00	0.00	8388606	0.2249
40.90	39.06	0.71	39.02	0.03	0.00	39.02	0.00	0.00	0.00	0.00	0.00	8388606	0.2148
41.37	39.51	0.71	39.47	0.03	0.00	39.47	0.00	0.00	0.00	0.00	0.00	8388606	0.2123
45.39	43.51	0.73	43.47	0.04	0.00	43.47	0.00	0.00	0.00	0.00	0.00	8388606	0.1928
40.96	39.02	0.72	38.99	0.03	0.00	38.99	0.00	0.00	0.00	0.00	0.00	8388606	0.2150
43.55	41.64	0.70	41.60	0.04	0.00	41.60	0.00	0.00	0.01	0.00	0.00	8388606	0.2015
43.58	41.67	0.70	41.63	0.03	0.00	41.63	0.00	0.00	0.00	0.00	0.00	8388606	0.2013
39.93	38.10	0.70	38.06	0.03	0.00	38.06	0.00	0.00	0.00	0.00	0.00	8388606	0.2202
40.45	38.58	0.72	38.55	0.03	0.00	38.55	0.00	0.00	0.00	0.00	0.00	8388606	0.2174
41.61	39.75	0.72	39.71	0.04	0.00	39.71	0.00	0.00	0.00	0.00	0.00	8388606	0.2110
40.01	38.15	0.72	38.11	0.03	0.00	38.11	0.00	0.00	0.00	0.00	0.00	8388606	0.2199
39.85	38.02	0.70	37.98	0.03	0.00	37.98	0.00	0.00	0.00	0.00	0.00	8388606	0.2206
48.49	46.64	0.72	46.60	0.03	0.00	46.60	0.00	0.00	0.00	0.00	0.00	8388606	0.1799
53.62	51.75	0.72	51.72	0.03	0.00	51.72	0.00	0.00	0.00	0.00	0.00	8388606	0.1621
41.85	39.94	0.72	39.89	0.04	0.00	39.89	0.00	0.00	0.00	0.00	0.00	8388606	0.2101
42.68	40.77	0.78	40.73	0.04	0.00	40.73	0.00	0.00	0.01	0.00	0.00	8388606	0.2058
42.47	40.56	0.71	40.53	0.03	0.00	40.53	0.00	0.00	0.00	0.00	0.00	8388606	0.2068
39.15	37.29	0.71	37.26	0.03	0.00	37.26	0.00	0.00	0.00	0.00	0.00	8388606	0.2249
43.04	41.16	0.74	41.12	0.03	0.00	41.12	0.00	0.00	0.00	0.00	0.00	8388606	0.2038
40.29	38.44	0.71	38.40	0.03	0.00	38.40	0.00	0.00	0.00	0.00	0.00	8388606	0.2182
51.68	49.83	0.71	49.80	0.03	0.00	49.80	0.00	0.00	0.01	0.00	0.00	8388606	0.1683
49.46	47.61	0.71	47.57	0.03	0.00	47.57	0.00	0.00	0.00	0.00	0.00	8388606	0.1762
45.96	44.11	0.71	44.07	0.04	0.00	44.07	0.00	0.00	0.00	0.00	0.00	8388606	0.1902
39.86	38.00	0.72	37.97	0.03	0.00	37.97	0.00	0.00	0.00	0.00	0.00	8388606	0.2207
39.99	38.08	0.78	38.04	0.04	0.00	38.04	0.00	0.00	0.00	0.00	0.00	8388606	0.2203
39.81	37.95	0.72	37.91	0.03	0.00	37.91	0.00	0.00	0.00	0.00	0.00	8388606	0.2211
49.87	48.00	0.72	47.96	0.03	0.00	47.96	0.00	0.00	0.00	0.00	0.00	8388606	0.1747
40.62	38.78	0.70	38.74	0.03	0.00	38.74	0.00	0.00	0.00	0.00	0.00	8388606	0.2163
52.10	50.27	0.70	50.22	0.04	0.00	50.22	0.00	0.00	0.00	0.00	0.00	8388606	0.1669
39.81	37.95	0.72	37.91	0.03	0.00	37.91	0.00	0.00	0.00	0.00	0.00	8388606	0.2211
40.07	38.23	0.70	38.19	0.03	0.00	38.19	0.00	0.00	0.00	0.00	0.00	8388606	0.2194
39.93	38.07	0.72	38.03	0.03	0.00	38.03	0.00	0.00	0.01	0.00	0.00	8388606	0.2204
43.53	41.64	0.70	41.59	0.04	0.00	41.59	0.00	0.00	0.00	0.00	0.00	8388606	0.2015
49.65	47.82	0.70	47.78	0.03	0.00	47.78	0.00	0.00	0.01	0.00	0.00	8388606	0.1754
41.54	39.69	0.71	39.65	0.04	0.00	39.65	0.00	0.00	0.01	0.00	0.00	8388606	0.2113
40.83	38.97	0.72	38.93	0.04	0.00	38.93	0.00	0.00	0.00	0.00	0.00	8388606	0.2152
39.97	38.08	0.73	38.04	0.03	0.00	38.04	0.00	0.00	0.00	0.00	0.00	8388606	0.2203
41.28	39.43	0.71	39.39	0.04	0.00	39.39	0.00	0.00	0.01	0.00	0.00	8388606	0.2128
40.61	38.68	0.79	38.62	0.05	0.00	38.62	0.00	0.00	0.01	0.00	0.00	8388606	0.2169
41.69	39.86	0.70	39.82	0.03	0.00	39.82	0.00	0.00	0.00	0.00	0.00	8388606	0.2105
42.26	40.42	0.70	40.38	0.03	0.00	40.38	0.00	0.00	0.00	0.00	0.00	8388606	0.2075
44.04	41.99	0.71	41.95	0.04	0.00	41.95	0.00	0.00	0.00	0.00	0.00	8388606	0.1998
44.56	42.35	0.86	42.31	0.04	0.00	42.31	0.00	0.00	0.00	0.00	0.00	8388606	0.1981
50.90	48.71	0.83	48.66	0.04	0.00	48.66	0.00	0.00	0.01	0.00	0.00	8388606	0.1722
46.81	44.60	0.86	44.56	0.04	0.00	44.56	0.00	0.00	0.01	0.00	0.00	8388606	0.1881
55.16	52.96	0.86	52.91	0.04	0.00	52.91	0.00	0.00	0.00	0.00	0.00	8388606	0.1584
44.59	42.37	0.86	42.34	0.03	0.00	42.34	0.00	0.00	0.00	0.00	0.00	8388606	0.1980
41.70	39.66	0.86	39.62	0.03	0.00	39.62	0.00	0.00	0.00	0.00	0.00	8388606	0.2115
40.53	38.69	0.70	38.65	0.03	0.00	38.65	0.00	0.00	0.00	0.00	0.00	8388606	0.2168
43.79	41.95	0.71	41.91	0.03	0.00	41.91	0.00	0.00	0.01	0.00	0.00	8388606	0.2000
46.37	44.52	0.71	44.48	0.03	0.00	44.48	0.00	0.00	0.01	0.00	0.00	8388606	0.1884
41.21	39.35	0.72	39.31	0.03	0.00	39.31	0.00	0.00	0.00	0.00	0.00	8388606	0.2132
43.92	42.07	0.71	42.02	0.03	0.00	42.02	0.00	0.00	0.00	0.00	0.00	8388606	0.1994
41.30	39.41	0.70	39.37	0.03	0.00	39.37	0.00	0.00	0.01	0.00	0.00	8388606	0.2129
40.83	38.90	0.72	38.86	0.03	0.00	38.86	0.00	0.00	0.01	0.00	0.00	8388606	0.2157
40.44	38.58	0.72	38.54	0.03	0.00	38.54	0.00	0.00	0.01	0.00	0.00	8388606	0.2175
49.62	47.76	0.72	47.65	0.11	0.00	47.65	0.00	0.00	0.00	0.00	0.00	8388606	0.1756
42.09	40.18	0.70	40.14	0.03	0.00	40.14	0.00	0.00	0.00	0.00	0.00	8388606	0.2088
41.98	40.12	0.72	40.08	0.03	0.00	40.08	0.00	0.00	0.00	0.00	0.00	8388606	0.2091
40.52	38.66	0.72	38.62	0.03	0.00	38.62	0.00	0.00	0.00	0.00	0.00	8388606	0.2170
41.90	39.99	0.72	39.95	0.03	0.00	39.95	0.00	0.00	0.00	0.00	0.00	8388606	0.2098
40.21	38.36	0.72	38.32	0.03	0.00	38.32	0.00	0.00	0.00	0.00	0.00	8388606	0.2187
40.92	39.07	0.71	39.04	0.03	0.00	39.04	0.00	0.00	0.00	0.00	0.00	8388606	0.2147
39.94	38.09	0.71	38.06	0.03	0.00	38.06	0.00	0.00	0.00	0.00	0.00	8388606	0.2202
42.09	40.20	0.70	40.16	0.04	0.00	40.16	0.00	0.00	0.00	0.00	0.00	8388606	0.2087
41.98	40.07	0.72	40.03	0.04	0.00	40.03	0.00	0.00	0.01	0.00	0.00	8388606	0.2094
48.21	46.35	0.72	46.30	0.04	0.00	46.30	0.00	0.00	0.00	0.00	0.00	8388606	0.1810
40.83	38.96	0.73	38.92	0.03	0.00	38.92	0.00	0.00	0.00	0.00	0.00	8388606	0.2153
38.64	36.77	0.73	36.72	0.04	0.00	36.72	0.00	0.00	0.00	0.00	0.00	8388606	0.2281
49.58	47.71	0.72	47.67	0.03	0.00	47.67	0.00	0.00	0.00	0.00	0.00	8388606	0.1758
48.18	45.84	0.72	45.79	0.04	0.00	45.79	0.00	0.00	0.00	0.00	0.00	8388606	0.1830
63.20	60.76	0.95	60.71	0.04	0.00	60.71	0.00	0.00	0.00	0.00	0.00	8388606	0.1381
50.43	48.00	0.95	47.95	0.05	0.00	47.95	0.00	0.00	0.00	0.00	0.00	8388606	0.1748
48.25	45.73	0.95	45.68	0.04	0.00	45.68	0.00	0.00	0.01	0.00	0.00	8388606	0.1835
47.99	45.55	0.95	45.50	0.04	0.00	45.50	0.00	0.00	0.01	0.00	0.00	8388606	0.1842
52.04	49.53	0.95	49.48	0.05	0.00	49.48	0.00	0.00	0.01	0.00	0.00	8388606	0.1694
43.47	41.62	0.72	41.58	0.04	0.00	41.58	0.00	0.00	0.00	0.00	0.00	8388606	0.2016
41.07	39.23	0.70	39.19	0.03	0.00	39.19	0.00	0.00	0.00	0.00	0.00	8388606	0.2138
40.40	38.48	0.73	38.44	0.03	0.00	38.44	0.00	0.00	0.00	0.00	0.00	8388606	0.2180
44.63	42.76	0.73	42.72	0.03	0.00	42.72	0.00	0.00	0.00	0.00	0.00	8388606	0.1962
SCALE: 18
nvtx: 262144
edgefactor: 16
terasize: 6.71088639999999987e-05
A: 5.69999999999999951e-01
B: 1.90000000000000002e-01
C: 1.90000000000000002e-01
D: 5.00000000000000444e-02
generation_time: 0.00000000000000000e+00
construction_time: 3.14266025000000004e+00
nbfs: 100
min_time: 3.74950001239776620e-02
firstquartile_time: 3.92329998016357415e-02
median_time: 4.06605000495910696e-02
thirdquartile_time: 4.51992501616477957e-02
max_time: 6.17109999656677219e-02
mean_time: 4.24472699785232582e-02
stddev_time: 4.46981033958328798e-03
min_nedge: 4.19425900000000000e+06
firstquartile_nedge: 4.19425900000000000e+06
median_nedge: 4.19425900000000000e+06
thirdquartile_nedge: 4.19425900000000000e+06
max_nedge: 4.19425900000000000e+06
mean_nedge: 4.19425900000000000e+06
stddev_nedge: 0.00000000000000000e+00
min_TEPS: 6.79661486985048503e+07
firstquartile_TEPS: 9.38820526984524727e+07
median_TEPS: 1.03464894920465454e+08
thirdquartile_TEPS: 1.07125528018269658e+08
max_TEPS: 1.11861821206337720e+08
harmonic_mean_TEPS: 9.88110425504900366e+07
harmonic_stddev_TEPS: 1.04574841849139158e+06
