[BASH] Running the GPU only graph500 for scale 20
file:/dev/null	benchmark:GRAPH500	vertices:1048576	edges:33554430	partitioning:RANDOM	platform:GPU	alpha:50	repeat:1	gpu_count:1	thread_count:1	thread_sched:GUIDED	thread_bind:false	gpu_graph_mem:DEVICE	gpu_par_randomized:false	sorted:false	edge_sort_key:id	edge_order:asc	separate_singletons:false	lambda:0	time_init:3428.22	time_par:81.21	rmt_vertex:0	rmt_edge:0	beta:0	pid0:100,100,0,0	
total	exec	init	comp	comm	finalize	cpu_comp	gpu_comp	gpu_total_comp	scatter	gather	aggr	trv_edges	exec_rate
1945.95	1821.42	0.48	1817.62	3.80	0.00	0.00	1817.62	1817.62	0.00	0.00	0.71	33554430	0.0184
1945.39	1823.63	0.45	1821.57	2.05	0.00	0.00	1821.57	1821.57	0.00	0.00	0.71	33554430	0.0184
1480.65	1358.99	0.44	1357.55	1.42	0.00	0.00	1357.55	1357.55	0.00	0.00	0.72	33554430	0.0247
1485.89	1364.17	0.45	1362.74	1.42	0.00	0.00	1362.74	1362.74	0.00	0.00	0.71	33554430	0.0246
1451.28	1329.60	0.45	1327.92	1.67	0.00	0.00	1327.92	1327.92	0.00	0.00	0.71	33554430	0.0252
1474.92	1353.28	0.43	1351.84	1.42	0.00	0.00	1351.84	1351.84	0.00	0.00	0.72	33554430	0.0248
1480.12	1358.11	0.43	1356.38	1.72	0.00	0.00	1356.38	1356.38	0.00	0.00	0.72	33554430	0.0247
1483.32	1361.62	0.43	1360.09	1.52	0.00	0.00	1360.09	1360.09	0.00	0.00	0.71	33554430	0.0246
1468.17	1346.54	0.44	1344.88	1.66	0.00	0.00	1344.88	1344.88	0.00	0.00	0.72	33554430	0.0249
1437.69	1315.93	0.43	1314.57	1.35	0.00	0.00	1314.57	1314.57	0.00	0.00	0.71	33554430	0.0255
1376.16	1254.46	0.45	1253.05	1.41	0.00	0.00	1253.05	1253.05	0.00	0.00	0.71	33554430	0.0267
1492.31	1370.62	0.43	1369.19	1.42	0.00	0.00	1369.19	1369.19	0.00	0.00	0.71	33554430	0.0245
1409.26	1287.49	0.44	1286.10	1.39	0.00	0.00	1286.10	1286.10	0.00	0.00	0.71	33554430	0.0261
1441.09	1319.31	0.43	1317.84	1.46	0.00	0.00	1317.84	1317.84	0.00	0.00	0.71	33554430	0.0254
1364.34	1242.59	0.43	1241.12	1.46	0.00	0.00	1241.12	1241.12	0.00	0.00	0.71	33554430	0.0270
1488.09	1366.33	0.45	1364.67	1.65	0.00	0.00	1364.67	1364.67	0.00	0.00	0.71	33554430	0.0246
1482.05	1359.67	0.44	1358.23	1.44	0.00	0.00	1358.23	1358.23	0.00	0.00	0.71	33554430	0.0247
1479.82	1358.01	0.45	1356.38	1.63	0.00	0.00	1356.38	1356.38	0.00	0.00	0.71	33554430	0.0247
1915.62	1793.90	0.45	1791.52	2.37	0.00	0.00	1791.52	1791.52	0.00	0.00	0.71	33554430	0.0187
1476.65	1354.89	0.44	1353.46	1.42	0.00	0.00	1353.46	1353.46	0.00	0.00	0.72	33554430	0.0248
1431.18	1309.44	0.45	1308.06	1.37	0.00	0.00	1308.06	1308.06	0.00	0.00	0.71	33554430	0.0256
1461.31	1339.52	0.46	1338.03	1.49	0.00	0.00	1338.03	1338.03	0.00	0.00	0.71	33554430	0.0250
1381.28	1259.51	0.44	1258.03	1.48	0.00	0.00	1258.03	1258.03	0.00	0.00	0.72	33554430	0.0266
1905.06	1783.23	0.44	1780.54	2.68	0.00	0.00	1780.54	1780.54	0.00	0.00	0.71	33554430	0.0188
1521.05	1399.24	0.43	1397.75	1.49	0.00	0.00	1397.75	1397.75	0.00	0.00	0.72	33554430	0.0240
2060.97	1939.27	0.43	1937.19	2.07	0.00	0.00	1937.19	1937.19	0.00	0.00	0.72	33554430	0.0173
1463.31	1341.53	0.44	1340.14	1.39	0.00	0.00	1340.14	1340.14	0.00	0.00	0.71	33554430	0.0250
1392.18	1270.37	0.43	1269.01	1.36	0.00	0.00	1269.01	1269.01	0.00	0.00	0.71	33554430	0.0264
1487.50	1365.75	0.43	1364.31	1.43	0.00	0.00	1364.31	1364.31	0.00	0.00	0.71	33554430	0.0246
1479.71	1357.66	0.47	1356.22	1.43	0.00	0.00	1356.22	1356.22	0.00	0.00	0.71	33554430	0.0247
1379.01	1257.22	0.43	1255.78	1.43	0.00	0.00	1255.78	1255.78	0.00	0.00	0.72	33554430	0.0267
1549.34	1427.53	0.43	1425.87	1.65	0.00	0.00	1425.87	1425.87	0.00	0.00	0.72	33554430	0.0235
1444.43	1322.62	0.44	1321.17	1.45	0.00	0.00	1321.17	1321.17	0.00	0.00	0.71	33554430	0.0254
1361.73	1239.96	0.44	1238.34	1.61	0.00	0.00	1238.34	1238.34	0.00	0.00	0.72	33554430	0.0271
1474.00	1352.17	0.43	1350.71	1.46	0.00	0.00	1350.71	1350.71	0.00	0.00	0.72	33554430	0.0248
1490.04	1368.26	0.44	1366.60	1.65	0.00	0.00	1366.60	1366.60	0.00	0.00	0.71	33554430	0.0245
1446.71	1324.43	0.45	1323.07	1.36	0.00	0.00	1323.07	1323.07	0.00	0.00	0.72	33554430	0.0253
1961.66	1839.62	0.44	1837.51	2.10	0.00	0.00	1837.51	1837.51	0.00	0.00	0.71	33554430	0.0182
1443.31	1321.59	0.44	1320.19	1.40	0.00	0.00	1320.19	1320.19	0.00	0.00	0.71	33554430	0.0254
1487.64	1365.88	0.43	1364.44	1.43	0.00	0.00	1364.44	1364.44	0.00	0.00	0.72	33554430	0.0246
1430.29	1308.52	0.45	1307.15	1.37	0.00	0.00	1307.15	1307.15	0.00	0.00	0.74	33554430	0.0256
1473.19	1351.35	0.45	1349.93	1.41	0.00	0.00	1349.93	1349.93	0.00	0.00	0.71	33554430	0.0248
1364.03	1242.21	0.43	1240.77	1.44	0.00	0.00	1240.77	1240.77	0.00	0.00	0.72	33554430	0.0270
1477.84	1355.99	0.43	1354.31	1.67	0.00	0.00	1354.31	1354.31	0.00	0.00	0.71	33554430	0.0247
1505.01	1383.15	0.45	1381.74	1.41	0.00	0.00	1381.74	1381.74	0.00	0.00	0.71	33554430	0.0243
1444.39	1322.58	0.44	1320.69	1.88	0.00	0.00	1320.69	1320.69	0.00	0.00	0.71	33554430	0.0254
1462.24	1340.45	0.43	1338.97	1.47	0.00	0.00	1338.97	1338.97	0.00	0.00	0.72	33554430	0.0250
1428.99	1307.21	0.44	1305.61	1.60	0.00	0.00	1305.61	1305.61	0.00	0.00	0.71	33554430	0.0257
1357.58	1235.28	0.46	1233.75	1.52	0.00	0.00	1233.75	1233.75	0.00	0.00	0.72	33554430	0.0272
1380.44	1258.45	0.43	1257.00	1.45	0.00	0.00	1257.00	1257.00	0.00	0.00	0.72	33554430	0.0267
1385.17	1263.40	0.43	1261.86	1.52	0.00	0.00	1261.86	1261.86	0.00	0.00	0.72	33554430	0.0266
1473.51	1351.76	0.43	1350.32	1.44	0.00	0.00	1350.32	1350.32	0.00	0.00	0.72	33554430	0.0248
1450.72	1328.92	0.43	1327.31	1.60	0.00	0.00	1327.31	1327.31	0.00	0.00	0.72	33554430	0.0252
1352.54	1230.75	0.46	1229.33	1.41	0.00	0.00	1229.33	1229.33	0.00	0.00	0.72	33554430	0.0273
1489.94	1368.11	0.45	1366.46	1.64	0.00	0.00	1366.46	1366.46	0.00	0.00	0.72	33554430	0.0245
1484.61	1362.69	0.45	1361.27	1.41	0.00	0.00	1361.27	1361.27	0.00	0.00	0.72	33554430	0.0246
1492.82	1370.89	0.42	1369.21	1.67	0.00	0.00	1369.21	1369.21	0.00	0.00	0.71	33554430	0.0245
1963.39	1841.61	0.44	1839.40	2.20	0.00	0.00	1839.40	1839.40	0.00	0.00	0.72	33554430	0.0182
1388.49	1266.71	0.44	1265.26	1.44	0.00	0.00	1265.26	1265.26	0.00	0.00	0.71	33554430	0.0265
1484.04	1362.19	0.45	1360.52	1.67	0.00	0.00	1360.52	1360.52	0.00	0.00	0.71	33554430	0.0246
1480.12	1358.29	0.44	1356.85	1.43	0.00	0.00	1356.85	1356.85	0.00	0.00	0.71	33554430	0.0247
1492.69	1370.90	0.45	1369.41	1.48	0.00	0.00	1369.41	1369.41	0.00	0.00	0.74	33554430	0.0245
1387.95	1266.02	0.43	1264.64	1.37	0.00	0.00	1264.64	1264.64	0.00	0.00	0.71	33554430	0.0265
1434.41	1312.63	0.43	1311.18	1.44	0.00	0.00	1311.18	1311.18	0.00	0.00	0.71	33554430	0.0256
1460.33	1338.30	0.66	1336.61	1.69	0.00	0.00	1336.61	1336.61	0.00	0.00	0.72	33554430	0.0251
1946.58	1824.69	0.47	1822.54	2.14	0.00	0.00	1822.54	1822.54	0.00	0.00	0.71	33554430	0.0184
1493.48	1371.65	0.45	1370.16	1.48	0.00	0.00	1370.16	1370.16	0.00	0.00	0.72	33554430	0.0245
1377.13	1255.32	0.44	1253.89	1.43	0.00	0.00	1253.89	1253.89	0.00	0.00	0.72	33554430	0.0267
1411.71	1289.93	0.44	1288.54	1.38	0.00	0.00	1288.54	1288.54	0.00	0.00	0.71	33554430	0.0260
1496.69	1374.10	1.21	1372.41	1.68	0.00	0.00	1372.41	1372.41	0.00	0.00	0.71	33554430	0.0244
1495.89	1374.08	0.43	1372.51	1.57	0.00	0.00	1372.51	1372.51	0.00	0.00	0.71	33554430	0.0244
1520.80	1398.95	0.44	1397.28	1.66	0.00	0.00	1397.28	1397.28	0.00	0.00	0.72	33554430	0.0240
2010.25	1888.41	0.45	1886.32	2.09	0.00	0.00	1886.32	1886.32	0.00	0.00	0.71	33554430	0.0178
1349.03	1227.19	0.42	1225.98	1.21	0.00	0.00	1225.98	1225.98	0.00	0.00	0.71	33554430	0.0273
1348.07	1226.28	0.45	1224.89	1.38	0.00	0.00	1224.89	1224.89	0.00	0.00	0.71	33554430	0.0274
1461.59	1339.70	0.45	1338.07	1.62	0.00	0.00	1338.07	1338.07	0.00	0.00	0.71	33554430	0.0250
1429.60	1307.81	0.43	1306.30	1.50	0.00	0.00	1306.30	1306.30	0.00	0.00	0.71	33554430	0.0257
1473.79	1351.95	0.45	1350.28	1.65	0.00	0.00	1350.28	1350.28	0.00	0.00	0.71	33554430	0.0248
1482.16	1360.36	0.44	1358.92	1.43	0.00	0.00	1358.92	1358.92	0.00	0.00	0.71	33554430	0.0247
1375.98	1254.14	0.43	1252.75	1.38	0.00	0.00	1252.75	1252.75	0.00	0.00	0.71	33554430	0.0268
1478.62	1356.82	0.46	1355.36	1.45	0.00	0.00	1355.36	1355.36	0.00	0.00	0.72	33554430	0.0247
1349.76	1228.03	0.44	1226.61	1.40	0.00	0.00	1226.61	1226.61	0.00	0.00	0.72	33554430	0.0273
1480.83	1359.02	0.43	1357.59	1.43	0.00	0.00	1357.59	1357.59	0.00	0.00	0.72	33554430	0.0247
1514.63	1392.77	0.43	1391.19	1.57	0.00	0.00	1391.19	1391.19	0.00	0.00	0.72	33554430	0.0241
1472.69	1350.84	0.45	1349.47	1.37	0.00	0.00	1349.47	1349.47	0.00	0.00	0.72	33554430	0.0248
1479.23	1357.40	0.43	1355.95	1.44	0.00	0.00	1355.95	1355.95	0.00	0.00	0.72	33554430	0.0247
1441.48	1318.57	0.44	1317.12	1.45	0.00	0.00	1317.12	1317.12	0.00	0.00	0.71	33554430	0.0254
2009.86	1888.11	0.45	1885.74	2.36	0.00	0.00	1885.74	1885.74	0.00	0.00	0.71	33554430	0.0178
1451.36	1329.58	0.45	1328.24	1.33	0.00	0.00	1328.24	1328.24	0.00	0.00	0.72	33554430	0.0252
1471.55	1349.43	0.45	1347.76	1.66	0.00	0.00	1347.76	1347.76	0.00	0.00	0.72	33554430	0.0249
1549.36	1427.55	0.43	1426.11	1.43	0.00	0.00	1426.11	1426.11	0.00	0.00	0.72	33554430	0.0235
1483.92	1362.04	0.44	1360.47	1.56	0.00	0.00	1360.47	1360.47	0.00	0.00	0.72	33554430	0.0246
1371.89	1250.11	0.44	1248.65	1.45	0.00	0.00	1248.65	1248.65	0.00	0.00	0.71	33554430	0.0268
1516.26	1393.64	0.44	1391.99	1.65	0.00	0.00	1391.99	1391.99	0.00	0.00	0.71	33554430	0.0241
1368.37	1246.60	0.44	1245.12	1.47	0.00	0.00	1245.12	1245.12	0.00	0.00	0.71	33554430	0.0269
1358.74	1236.81	0.44	1235.39	1.41	0.00	0.00	1235.39	1235.39	0.00	0.00	0.71	33554430	0.0271
1481.60	1359.79	0.43	1358.33	1.46	0.00	0.00	1358.33	1358.33	0.00	0.00	0.73	33554430	0.0247
1527.57	1405.74	0.42	1404.07	1.67	0.00	0.00	1404.07	1404.07	0.00	0.00	0.71	33554430	0.0239
1441.88	1320.09	0.43	1318.65	1.43	0.00	0.00	1318.65	1318.65	0.00	0.00	0.72	33554430	0.0254
1471.07	1349.24	0.43	1347.78	1.45	0.00	0.00	1347.78	1347.78	0.00	0.00	0.72	33554430	0.0249
SCALE: 20
nvtx: 1048576
edgefactor: 16
terasize: 2.68435455999999995e-04
A: 5.69999999999999951e-01
B: 1.90000000000000002e-01
C: 1.90000000000000002e-01
D: 5.00000000000000444e-02
generation_time: 0.00000000000000000e+00
construction_time: 1.77636388290000014e+01
nbfs: 100
min_time: 1.22672300052642824e+00
firstquartile_time: 1.30919600015878679e+00
median_time: 1.35250150001049052e+00
thirdquartile_time: 1.37046075016260160e+00
max_time: 1.93969999980926522e+00
mean_time: 1.37995467000961303e+00
stddev_time: 1.63759714050896010e-01
min_nedge: 1.67770120000000000e+07
firstquartile_nedge: 1.67770120000000000e+07
median_nedge: 1.67770120000000000e+07
thirdquartile_nedge: 1.67770120000000000e+07
max_nedge: 1.67770120000000000e+07
mean_nedge: 1.67770120000000000e+07
stddev_nedge: 0.00000000000000000e+00
min_TEPS: 8.64928184855891019e+06
firstquartile_TEPS: 1.22628505318119526e+07
median_TEPS: 1.24090787031370960e+07
thirdquartile_TEPS: 1.28284581227944996e+07
max_TEPS: 1.36762838821807522e+07
harmonic_mean_TEPS: 1.21576544248972498e+07
harmonic_stddev_TEPS: 1.45002152127456618e+05
