[BASH] Running the GPU only graph500 for scale 17
file:/dev/null	benchmark:GRAPH500	vertices:131072	edges:4194302	partitioning:RANDOM	platform:GPU	alpha:50	repeat:1	gpu_count:1	thread_count:1	thread_sched:GUIDED	thread_bind:false	gpu_graph_mem:DEVICE	gpu_par_randomized:false	sorted:false	edge_sort_key:id	edge_order:asc	separate_singletons:false	lambda:0	time_init:363.11	time_par:10.12	rmt_vertex:0	rmt_edge:0	beta:0	pid0:100,100,0,0	
total	exec	init	comp	comm	finalize	cpu_comp	gpu_comp	gpu_total_comp	scatter	gather	aggr	trv_edges	exec_rate
322.23	306.33	0.44	305.21	1.12	0.00	0.00	305.21	305.21	0.00	0.00	0.16	4194302	0.0137
198.34	182.69	0.46	181.51	1.17	0.00	0.00	181.51	181.51	0.00	0.00	0.16	4194302	0.0230
181.22	165.56	0.46	164.67	0.88	0.00	0.00	164.67	164.67	0.00	0.00	0.16	4194302	0.0253
168.97	153.11	0.67	152.22	0.89	0.00	0.00	152.22	152.22	0.00	0.00	0.16	4194302	0.0274
187.25	171.44	0.64	170.50	0.93	0.00	0.00	170.50	170.50	0.00	0.00	0.16	4194302	0.0245
184.04	168.21	0.68	167.33	0.87	0.00	0.00	167.33	167.33	0.00	0.00	0.16	4194302	0.0249
178.02	162.20	0.66	161.33	0.87	0.00	0.00	161.33	161.33	0.00	0.00	0.16	4194302	0.0259
183.12	167.44	0.48	166.29	1.15	0.00	0.00	166.29	166.29	0.00	0.00	0.16	4194302	0.0250
177.48	161.82	0.46	160.68	1.13	0.00	0.00	160.68	160.68	0.00	0.00	0.16	4194302	0.0259
181.41	165.81	0.43	164.74	1.07	0.00	0.00	164.74	164.74	0.00	0.00	0.16	4194302	0.0253
196.77	181.17	0.42	179.98	1.19	0.00	0.00	179.98	179.98	0.00	0.00	0.15	4194302	0.0232
176.70	161.07	0.43	160.06	1.00	0.00	0.00	160.06	160.06	0.00	0.00	0.16	4194302	0.0260
199.76	183.94	0.61	182.63	1.30	0.00	0.00	182.63	182.63	0.00	0.00	0.16	4194302	0.0228
255.39	239.80	0.39	237.78	2.01	0.00	0.00	237.78	237.78	0.00	0.00	0.16	4194302	0.0175
184.56	168.77	0.61	167.89	0.88	0.00	0.00	167.89	167.89	0.00	0.00	0.16	4194302	0.0249
187.21	171.35	0.66	170.45	0.90	0.00	0.00	170.45	170.45	0.00	0.00	0.15	4194302	0.0245
172.09	156.31	0.62	155.39	0.92	0.00	0.00	155.39	155.39	0.00	0.00	0.16	4194302	0.0268
170.94	155.10	0.66	154.22	0.87	0.00	0.00	154.22	154.22	0.00	0.00	0.16	4194302	0.0270
183.95	168.15	0.64	167.25	0.88	0.00	0.00	167.25	167.25	0.00	0.00	0.16	4194302	0.0249
180.09	164.30	0.60	163.39	0.90	0.00	0.00	163.39	163.39	0.00	0.00	0.16	4194302	0.0255
176.40	160.84	0.40	159.78	1.06	0.00	0.00	159.78	159.78	0.00	0.00	0.16	4194302	0.0261
179.48	163.82	0.49	162.97	0.84	0.00	0.00	162.97	162.97	0.00	0.00	0.16	4194302	0.0256
177.93	162.12	0.59	161.32	0.78	0.00	0.00	161.32	161.32	0.00	0.00	0.15	4194302	0.0259
179.49	163.62	0.67	162.71	0.90	0.00	0.00	162.71	162.71	0.00	0.00	0.16	4194302	0.0256
196.03	180.44	0.42	178.82	1.60	0.00	0.00	178.82	178.82	0.00	0.00	0.15	4194302	0.0232
191.63	176.06	0.40	174.57	1.48	0.00	0.00	174.57	174.57	0.00	0.00	0.16	4194302	0.0238
233.38	217.79	0.40	216.54	1.24	0.00	0.00	216.54	216.54	0.00	0.00	0.15	4194302	0.0193
187.49	171.64	0.65	170.68	0.96	0.00	0.00	170.68	170.68	0.00	0.00	0.16	4194302	0.0244
181.21	165.68	0.40	164.78	0.89	0.00	0.00	164.78	164.78	0.00	0.00	0.16	4194302	0.0253
176.90	161.32	0.40	160.44	0.88	0.00	0.00	160.44	160.44	0.00	0.00	0.16	4194302	0.0260
176.86	161.29	0.40	160.19	1.10	0.00	0.00	160.19	160.19	0.00	0.00	0.16	4194302	0.0260
235.20	219.63	0.41	218.41	1.21	0.00	0.00	218.41	218.41	0.00	0.00	0.16	4194302	0.0191
181.91	166.08	0.65	165.17	0.90	0.00	0.00	165.17	165.17	0.00	0.00	0.15	4194302	0.0253
172.24	156.66	0.41	155.60	1.06	0.00	0.00	155.60	155.60	0.00	0.00	0.16	4194302	0.0268
178.41	162.76	0.46	161.96	0.80	0.00	0.00	161.96	161.96	0.00	0.00	0.16	4194302	0.0258
182.89	167.00	0.68	166.02	0.98	0.00	0.00	166.02	166.02	0.00	0.00	0.16	4194302	0.0251
169.32	153.49	0.64	152.51	0.98	0.00	0.00	152.51	152.51	0.00	0.00	0.16	4194302	0.0273
182.01	166.07	0.66	165.15	0.91	0.00	0.00	165.15	165.15	0.00	0.00	0.16	4194302	0.0253
176.24	160.36	0.71	159.44	0.90	0.00	0.00	159.44	159.44	0.00	0.00	0.16	4194302	0.0262
199.63	184.07	0.40	182.69	1.37	0.00	0.00	182.69	182.69	0.00	0.00	0.16	4194302	0.0228
210.60	195.01	0.40	193.75	1.24	0.00	0.00	193.75	193.75	0.00	0.00	0.16	4194302	0.0215
202.43	186.82	0.40	185.58	1.24	0.00	0.00	185.58	185.58	0.00	0.00	0.15	4194302	0.0225
197.55	181.97	0.40	180.74	1.23	0.00	0.00	180.74	180.74	0.00	0.00	0.16	4194302	0.0230
193.15	177.35	0.40	176.24	1.10	0.00	0.00	176.24	176.24	0.00	0.00	0.39	4194302	0.0236
195.23	179.62	0.41	178.39	1.23	0.00	0.00	178.39	178.39	0.00	0.00	0.16	4194302	0.0234
195.70	180.13	0.40	178.88	1.24	0.00	0.00	178.88	178.88	0.00	0.00	0.16	4194302	0.0233
219.39	203.80	0.40	202.55	1.24	0.00	0.00	202.55	202.55	0.00	0.00	0.15	4194302	0.0206
196.71	181.11	0.43	179.91	1.19	0.00	0.00	179.91	179.91	0.00	0.00	0.15	4194302	0.0232
195.01	179.45	0.40	178.23	1.22	0.00	0.00	178.23	178.23	0.00	0.00	0.16	4194302	0.0234
212.16	196.58	0.40	195.29	1.27	0.00	0.00	195.29	195.29	0.00	0.00	0.16	4194302	0.0213
215.90	200.32	0.39	199.07	1.24	0.00	0.00	199.07	199.07	0.00	0.00	0.16	4194302	0.0209
219.94	204.33	0.41	203.02	1.31	0.00	0.00	203.02	203.02	0.00	0.00	0.16	4194302	0.0205
211.26	195.66	0.40	194.37	1.28	0.00	0.00	194.37	194.37	0.00	0.00	0.16	4194302	0.0214
265.70	250.12	0.39	248.18	1.93	0.00	0.00	248.18	248.18	0.00	0.00	0.16	4194302	0.0168
197.46	181.65	0.60	180.46	1.18	0.00	0.00	180.46	180.46	0.00	0.00	0.16	4194302	0.0231
180.67	165.09	0.42	164.36	0.73	0.00	0.00	164.36	164.36	0.00	0.00	0.16	4194302	0.0254
188.99	173.12	0.66	172.24	0.87	0.00	0.00	172.24	172.24	0.00	0.00	0.16	4194302	0.0242
184.91	169.11	0.60	168.20	0.90	0.00	0.00	168.20	168.20	0.00	0.00	0.16	4194302	0.0248
218.47	202.89	0.41	200.65	2.23	0.00	0.00	200.65	200.65	0.00	0.00	0.16	4194302	0.0207
181.88	166.25	0.45	165.52	0.74	0.00	0.00	165.52	165.52	0.00	0.00	0.17	4194302	0.0252
177.77	161.91	0.65	160.97	0.94	0.00	0.00	160.97	160.97	0.00	0.00	0.16	4194302	0.0259
180.12	164.34	0.60	163.36	0.97	0.00	0.00	163.36	163.36	0.00	0.00	0.16	4194302	0.0255
179.18	163.50	0.47	162.42	1.08	0.00	0.00	162.42	162.42	0.00	0.00	0.16	4194302	0.0257
195.10	179.52	0.40	178.27	1.24	0.00	0.00	178.27	178.27	0.00	0.00	0.16	4194302	0.0234
196.31	180.71	0.41	179.37	1.34	0.00	0.00	179.37	179.37	0.00	0.00	0.16	4194302	0.0232
185.92	170.30	0.42	169.21	1.09	0.00	0.00	169.21	169.21	0.00	0.00	0.16	4194302	0.0246
211.81	196.18	0.43	194.86	1.31	0.00	0.00	194.86	194.86	0.00	0.00	0.16	4194302	0.0214
200.88	185.32	0.40	184.11	1.21	0.00	0.00	184.11	184.11	0.00	0.00	0.16	4194302	0.0226
198.91	183.33	0.41	182.02	1.31	0.00	0.00	182.02	182.02	0.00	0.00	0.16	4194302	0.0229
179.90	164.28	0.40	163.22	1.06	0.00	0.00	163.22	163.22	0.00	0.00	0.16	4194302	0.0255
234.48	218.84	0.46	217.64	1.20	0.00	0.00	217.64	217.64	0.00	0.00	0.16	4194302	0.0192
171.88	156.06	0.67	154.99	1.06	0.00	0.00	154.99	154.99	0.00	0.00	0.16	4194302	0.0269
186.31	170.39	0.70	169.45	0.94	0.00	0.00	169.45	169.45	0.00	0.00	0.16	4194302	0.0246
174.99	159.15	0.63	158.25	0.89	0.00	0.00	158.25	158.25	0.00	0.00	0.16	4194302	0.0264
180.99	165.10	0.70	164.22	0.88	0.00	0.00	164.22	164.22	0.00	0.00	0.16	4194302	0.0254
178.02	162.23	0.62	161.30	0.92	0.00	0.00	161.30	161.30	0.00	0.00	0.15	4194302	0.0259
195.53	179.91	0.40	178.62	1.29	0.00	0.00	178.62	178.62	0.00	0.00	0.16	4194302	0.0233
196.27	180.69	0.41	179.49	1.20	0.00	0.00	179.49	179.49	0.00	0.00	0.16	4194302	0.0232
175.92	160.34	0.40	159.26	1.08	0.00	0.00	159.26	159.26	0.00	0.00	0.16	4194302	0.0262
175.91	160.32	0.40	159.38	0.93	0.00	0.00	159.38	159.38	0.00	0.00	0.16	4194302	0.0262
196.01	180.18	0.65	178.99	1.18	0.00	0.00	178.99	178.99	0.00	0.00	0.16	4194302	0.0233
192.84	177.25	0.40	175.83	1.41	0.00	0.00	175.83	175.83	0.00	0.00	0.16	4194302	0.0237
179.14	163.54	0.40	162.38	1.15	0.00	0.00	162.38	162.38	0.00	0.00	0.16	4194302	0.0256
183.51	167.94	0.41	166.80	1.14	0.00	0.00	166.80	166.80	0.00	0.00	0.15	4194302	0.0250
183.86	168.28	0.41	167.20	1.07	0.00	0.00	167.20	167.20	0.00	0.00	0.16	4194302	0.0249
172.74	157.17	0.40	156.08	1.08	0.00	0.00	156.08	156.08	0.00	0.00	0.16	4194302	0.0267
238.51	222.94	0.40	221.67	1.27	0.00	0.00	221.67	221.67	0.00	0.00	0.16	4194302	0.0188
175.71	159.93	0.61	159.01	0.91	0.00	0.00	159.01	159.01	0.00	0.00	0.16	4194302	0.0262
197.12	181.53	0.42	180.21	1.31	0.00	0.00	180.21	180.21	0.00	0.00	0.16	4194302	0.0231
195.74	180.12	0.41	178.83	1.28	0.00	0.00	178.83	178.83	0.00	0.00	0.15	4194302	0.0233
200.73	185.14	0.40	183.89	1.24	0.00	0.00	183.89	183.89	0.00	0.00	0.16	4194302	0.0227
193.85	178.27	0.38	177.02	1.24	0.00	0.00	177.02	177.02	0.00	0.00	0.16	4194302	0.0235
263.20	247.62	0.40	245.47	2.14	0.00	0.00	245.47	245.47	0.00	0.00	0.16	4194302	0.0169
196.30	180.71	0.40	179.51	1.19	0.00	0.00	179.51	179.51	0.00	0.00	0.16	4194302	0.0232
195.43	179.81	0.41	178.51	1.29	0.00	0.00	178.51	178.51	0.00	0.00	0.16	4194302	0.0233
208.88	193.27	0.40	192.02	1.24	0.00	0.00	192.02	192.02	0.00	0.00	0.16	4194302	0.0217
196.71	181.08	0.41	179.80	1.27	0.00	0.00	179.80	179.80	0.00	0.00	0.16	4194302	0.0232
195.07	179.49	0.39	178.24	1.25	0.00	0.00	178.24	178.24	0.00	0.00	0.16	4194302	0.0234
185.55	169.95	0.40	168.80	1.15	0.00	0.00	168.80	168.80	0.00	0.00	0.15	4194302	0.0247
177.63	162.00	0.42	160.91	1.08	0.00	0.00	160.91	160.91	0.00	0.00	0.15	4194302	0.0259
SCALE: 17
nvtx: 131072
edgefactor: 16
terasize: 3.35544319999999993e-05
A: 5.69999999999999951e-01
B: 1.90000000000000002e-01
C: 1.90000000000000002e-01
D: 5.00000000000000444e-02
generation_time: 0.00000000000000000e+00
construction_time: 1.35152175000000008e+00
nbfs: 100
min_time: 1.53782000303268440e-01
firstquartile_time: 1.64291249930858613e-01
median_time: 1.72186000347137436e-01
thirdquartile_time: 1.82951749980449691e-01
max_time: 3.06771999835968034e-01
mean_time: 1.78728169956207383e-01
stddev_time: 2.32221338941538680e-02
min_nedge: 2.09713500000000000e+06
firstquartile_nedge: 2.09713500000000000e+06
median_nedge: 2.09713500000000000e+06
thirdquartile_nedge: 2.09713500000000000e+06
max_nedge: 2.09713500000000000e+06
mean_nedge: 2.09713500000000000e+06
stddev_nedge: 0.00000000000000000e+00
min_TEPS: 6.83613563532964140e+06
firstquartile_TEPS: 1.15118461584843025e+07
median_TEPS: 1.22245756732752845e+07
thirdquartile_TEPS: 1.27914449635553565e+07
max_TEPS: 1.36370641288597416e+07
harmonic_mean_TEPS: 1.17336567621872239e+07
harmonic_stddev_TEPS: 1.53223330788438150e+05
