[BASH] Running the GPU only graph500 for scale 14
file:/dev/null	benchmark:GRAPH500	vertices:16384	edges:524286	partitioning:RANDOM	platform:HYBRID	alpha:50	repeat:1	gpu_count:1	thread_count:1	thread_sched:GUIDED	thread_bind:false	gpu_graph_mem:DEVICE	gpu_par_randomized:false	sorted:false	edge_sort_key:id	edge_order:asc	separate_singletons:false	lambda:0Initializing the shares for Hybrid platform.
	time_init:111.23	time_par:1.95	rmt_vertex:67	rmt_edge:50	beta:2	pid0:50,52,34,25	pid1:50,48,33,25	
total	exec	init	comp	comm	finalize	cpu_comp	gpu_comp	gpu_total_comp	scatter	gather	aggr	trv_edges	exec_rate
36.62	34.83	0.72	28.34	6.49	0.00	1.54	28.34	28.34	1.17	0.43	0.11	524286	0.0151
41.09	39.51	0.55	33.65	5.86	0.00	2.14	33.65	33.65	1.67	0.38	0.08	524286	0.0133
11.18	9.42	0.69	5.98	3.43	0.00	2.43	5.98	5.98	0.18	0.43	0.08	524286	0.0557
12.30	10.59	0.69	6.85	3.73	0.00	1.55	6.85	6.85	0.94	0.42	0.08	524286	0.0495
18.45	16.75	0.67	12.90	3.84	0.00	1.66	12.90	12.90	1.15	0.41	0.08	524286	0.0313
19.96	18.38	0.55	14.12	4.26	0.00	1.68	14.12	14.12	1.36	0.41	0.08	524286	0.0285
22.24	20.64	0.57	16.51	4.12	0.00	1.44	16.51	16.51	1.17	0.40	0.08	524286	0.0254
12.53	10.91	0.59	6.99	3.91	0.00	1.48	6.99	6.99	0.90	0.42	0.08	524286	0.0481
13.98	12.38	0.56	8.34	4.04	0.00	2.85	8.34	8.34	0.22	0.43	0.08	524286	0.0423
13.22	11.61	0.57	7.46	4.15	0.00	2.35	7.46	7.46	0.18	0.41	0.08	524286	0.0451
13.47	11.87	0.56	7.34	4.52	0.00	1.92	7.34	7.34	0.80	0.42	0.09	524286	0.0442
68.50	66.92	0.56	62.45	4.46	0.00	12.22	62.30	62.30	0.50	0.44	0.08	524286	0.0078
10.34	8.76	0.56	5.09	3.66	0.00	1.41	4.92	4.92	0.93	0.42	0.08	524286	0.0598
13.34	11.60	0.68	7.92	3.68	0.00	1.45	7.92	7.92	1.07	0.41	0.08	524286	0.0452
9.83	8.24	0.57	5.29	2.95	0.00	2.77	5.29	5.29	0.14	0.47	0.08	524286	0.0636
15.12	13.53	0.56	9.95	3.58	0.00	4.70	9.95	9.95	0.26	0.47	0.08	524286	0.0387
21.98	20.23	0.68	16.79	3.43	0.00	2.28	16.79	16.79	1.80	0.30	0.08	524286	0.0259
15.38	13.62	0.69	10.13	3.48	0.00	4.09	10.13	10.13	0.28	0.43	0.08	524286	0.0385
17.77	16.06	0.69	12.08	3.97	0.00	1.86	12.08	12.08	1.54	0.38	0.08	524286	0.0327
13.59	12.00	0.56	8.53	3.46	0.00	3.18	8.53	8.53	0.22	0.44	0.08	524286	0.0437
10.99	9.28	0.68	5.63	3.64	0.00	1.57	5.63	5.63	0.82	0.42	0.08	524286	0.0565
18.80	17.21	0.57	13.15	4.05	0.00	4.43	13.15	13.15	0.28	0.45	0.08	524286	0.0305
10.94	9.22	0.68	5.42	3.80	0.00	1.69	5.42	5.42	0.12	0.41	0.09	524286	0.0569
21.71	19.98	0.67	15.61	4.37	0.00	1.39	15.61	15.61	1.08	0.41	0.09	524286	0.0262
14.75	13.15	0.56	9.31	3.83	0.00	2.75	9.31	9.31	0.16	0.44	0.10	524286	0.0399
22.49	20.83	0.62	15.80	5.02	0.00	1.38	15.80	15.80	1.00	0.42	0.09	524286	0.0252
15.94	14.34	0.56	8.84	5.49	0.00	1.80	8.84	8.84	0.89	0.41	0.09	524286	0.0366
14.48	12.86	0.58	8.05	4.81	0.00	1.77	8.05	8.05	0.75	0.41	0.09	524286	0.0408
14.07	12.45	0.59	7.76	4.68	0.00	1.92	7.76	7.76	0.12	0.41	0.09	524286	0.0421
13.06	11.41	0.57	6.79	4.61	0.00	1.85	6.79	6.79	0.13	0.41	0.09	524286	0.0459
15.69	13.92	0.69	8.79	5.12	0.00	1.81	8.79	8.79	0.80	0.41	0.09	524286	0.0377
26.59	24.97	0.59	20.48	4.48	0.00	5.09	20.48	20.48	0.17	0.44	0.09	524286	0.0210
13.25	11.44	0.78	7.05	4.38	0.00	2.02	7.05	7.05	0.62	0.41	0.08	524286	0.0458
24.26	22.55	0.68	18.32	4.22	0.00	1.38	18.32	18.32	1.09	0.41	0.09	524286	0.0233
15.32	13.72	0.56	9.96	3.76	0.00	3.29	9.96	9.96	0.16	0.43	0.09	524286	0.0382
45.90	44.30	0.58	40.03	4.27	0.00	10.03	40.00	40.00	0.24	0.45	0.08	524286	0.0118
12.86	11.13	0.67	7.55	3.57	0.00	1.57	7.53	7.53	0.98	0.42	0.08	524286	0.0471
22.03	20.29	0.68	16.58	3.71	0.00	2.47	16.58	16.58	1.93	0.30	0.08	524286	0.0258
11.47	9.89	0.56	6.76	3.13	0.00	3.54	6.76	6.76	0.20	0.46	0.07	524286	0.0530
10.37	8.59	0.76	4.93	3.65	0.00	2.24	4.65	4.65	0.54	0.41	0.08	524286	0.0610
15.15	13.57	0.57	10.43	3.13	0.00	5.39	10.33	10.33	0.29	0.44	0.08	524286	0.0386
12.66	11.09	0.55	7.93	3.15	0.00	4.74	7.88	7.88	0.25	0.47	0.08	524286	0.0473
13.29	11.70	0.56	7.50	4.20	0.00	1.27	7.50	7.50	1.03	0.42	0.08	524286	0.0448
10.54	8.85	0.67	5.38	3.46	0.00	2.30	5.38	5.38	0.34	0.44	0.08	524286	0.0592
10.44	8.70	0.71	5.10	3.60	0.00	2.02	5.08	5.08	0.18	0.41	0.08	524286	0.0602
10.87	9.29	0.56	5.18	4.11	0.00	1.89	5.09	5.09	0.90	0.41	0.08	524286	0.0564
11.11	9.37	0.69	5.68	3.68	0.00	1.47	5.64	5.64	0.94	0.41	0.08	524286	0.0560
14.83	12.93	0.87	9.25	3.68	0.00	1.36	9.25	9.25	0.97	0.44	0.08	524286	0.0405
11.07	9.48	0.56	5.62	3.85	0.00	2.05	5.62	5.62	0.70	0.41	0.08	524286	0.0553
19.05	17.34	0.68	13.65	3.68	0.00	1.38	13.65	13.65	1.15	0.41	0.08	524286	0.0302
20.34	18.75	0.56	15.33	3.42	0.00	6.99	15.33	15.33	0.32	0.65	0.08	524286	0.0280
10.79	9.20	0.57	6.12	3.07	0.00	2.73	6.12	6.12	0.18	0.42	0.08	524286	0.0570
15.61	13.91	0.67	10.23	3.68	0.00	1.33	10.23	10.23	1.05	0.42	0.08	524286	0.0377
14.44	12.85	0.55	8.80	4.04	0.00	1.78	8.73	8.73	0.79	0.41	0.08	524286	0.0408
28.60	27.02	0.56	23.18	3.84	0.00	2.37	23.18	23.18	1.93	0.29	0.08	524286	0.0194
11.00	9.37	0.57	5.49	3.87	0.00	2.01	5.49	5.49	0.17	0.42	0.08	524286	0.0560
16.01	14.29	0.69	10.54	3.74	0.00	1.42	10.54	10.54	1.02	0.49	0.08	524286	0.0367
17.31	15.72	0.56	11.72	3.99	0.00	1.44	11.72	11.72	1.07	0.44	0.08	524286	0.0333
12.11	10.52	0.57	6.30	4.21	0.00	1.66	6.30	6.30	0.93	0.42	0.08	524286	0.0499
10.54	8.96	0.55	5.23	3.72	0.00	1.56	5.23	5.23	0.85	0.41	0.08	524286	0.0585
16.27	14.57	0.67	10.77	3.79	0.00	1.36	10.77	10.77	1.01	0.45	0.08	524286	0.0360
11.46	9.82	0.61	5.95	3.86	0.00	2.07	5.95	5.95	0.15	0.41	0.08	524286	0.0534
12.15	10.45	0.68	6.19	4.25	0.00	1.89	6.19	6.19	0.84	0.41	0.09	524286	0.0502
12.40	10.69	0.68	6.83	3.85	0.00	2.18	6.83	6.83	0.66	0.41	0.09	524286	0.0490
21.31	19.72	0.56	15.93	3.78	0.00	4.47	15.93	15.93	0.23	0.43	0.08	524286	0.0266
13.65	11.94	0.68	7.66	4.28	0.00	1.56	7.66	7.66	0.90	0.45	0.09	524286	0.0439
19.32	17.73	0.56	14.09	3.63	0.00	4.18	14.09	14.09	0.19	0.44	0.08	524286	0.0296
13.84	12.13	0.68	8.28	3.84	0.00	1.44	8.28	8.28	0.96	0.41	0.08	524286	0.0432
12.08	10.38	0.67	6.39	3.98	0.00	1.88	6.39	6.39	0.83	0.41	0.08	524286	0.0505
23.32	21.60	0.68	17.12	4.48	0.00	1.35	17.12	17.12	1.17	0.42	0.09	524286	0.0243
13.73	12.02	0.67	7.73	4.29	0.00	1.91	7.73	7.73	0.82	0.41	0.09	524286	0.0436
14.67	12.95	0.69	8.85	4.09	0.00	1.42	8.85	8.85	0.95	0.41	0.09	524286	0.0405
23.65	22.04	0.57	18.14	3.89	0.00	5.04	18.14	18.14	0.25	0.45	0.09	524286	0.0238
20.81	19.18	0.59	14.24	4.92	0.00	1.40	14.24	14.24	0.98	0.43	0.09	524286	0.0273
14.35	12.72	0.58	7.45	5.27	0.00	1.81	7.45	7.45	0.65	0.41	0.09	524286	0.0412
85.49	83.89	0.58	79.32	4.56	0.00	13.63	79.27	79.27	0.37	0.45	0.08	524286	0.0063
10.85	9.25	0.57	4.98	4.26	0.00	1.71	4.88	4.88	0.90	0.41	0.08	524286	0.0567
18.83	17.12	0.68	13.58	3.54	0.00	1.44	13.58	13.58	1.17	0.42	0.08	524286	0.0306
19.60	18.02	0.56	14.02	3.99	0.00	6.31	14.01	14.01	0.35	0.82	0.08	524286	0.0291
10.94	9.02	0.90	5.08	3.94	0.00	1.94	4.87	4.87	0.78	0.42	0.08	524286	0.0581
9.35	7.66	0.67	4.08	3.58	0.00	1.68	3.92	3.92	0.77	0.41	0.08	524286	0.0685
10.23	8.54	0.67	4.96	3.58	0.00	1.57	4.77	4.77	0.90	0.41	0.08	524286	0.0614
16.22	14.59	0.56	10.96	3.62	0.00	6.37	10.92	10.92	0.25	0.44	0.08	524286	0.0359
11.29	9.69	0.58	5.83	3.85	0.00	1.48	5.83	5.83	0.90	0.42	0.08	524286	0.0541
13.97	12.39	0.56	9.24	3.14	0.00	3.90	9.24	9.24	0.16	0.44	0.08	524286	0.0423
10.18	8.59	0.57	5.16	3.42	0.00	2.03	5.16	5.16	0.10	0.48	0.08	524286	0.0610
11.18	9.48	0.68	5.65	3.82	0.00	1.60	5.65	5.65	0.90	0.41	0.08	524286	0.0553
11.42	9.66	0.73	5.95	3.70	0.00	2.01	5.95	5.95	0.17	0.41	0.08	524286	0.0543
15.45	13.67	0.68	9.79	3.87	0.00	1.29	9.79	9.79	1.06	0.43	0.08	524286	0.0384
23.66	22.06	0.57	17.74	4.31	0.00	1.43	17.74	17.74	1.20	0.42	0.09	524286	0.0238
12.46	10.75	0.68	6.58	4.16	0.00	1.99	6.58	6.58	0.53	0.42	0.09	524286	0.0488
20.26	18.50	0.72	14.33	4.16	0.00	1.32	14.33	14.33	1.05	0.42	0.09	524286	0.0283
14.02	12.43	0.56	7.99	4.43	0.00	2.30	7.99	7.99	0.65	0.42	0.08	524286	0.0422
22.18	20.44	0.69	16.59	3.84	0.00	1.34	16.59	16.59	1.21	0.40	0.09	524286	0.0257
10.14	8.42	0.69	4.91	3.51	0.00	1.68	4.91	4.91	0.57	0.41	0.08	524286	0.0622
11.67	10.07	0.57	6.15	3.92	0.00	2.09	6.15	6.15	0.59	0.41	0.08	524286	0.0521
16.09	14.33	0.72	10.33	4.00	0.00	1.56	10.33	10.33	0.96	0.42	0.09	524286	0.0366
29.45	27.73	0.69	23.32	4.40	0.00	2.27	23.32	23.32	1.76	0.39	0.09	524286	0.0189
13.20	11.48	0.69	7.48	3.99	0.00	2.22	7.48	7.48	0.57	0.42	0.08	524286	0.0457
25.38	23.68	0.67	20.07	3.60	0.00	2.21	20.07	20.07	1.79	0.30	0.09	524286	0.0221
SCALE: 14
nvtx: 16384
edgefactor: 16
terasize: 4.19430399999999992e-06
A: 5.69999999999999951e-01
B: 1.90000000000000002e-01
C: 1.90000000000000002e-01
D: 5.00000000000000444e-02
generation_time: 0.00000000000000000e+00
construction_time: 2.06835917000000008e-01
nbfs: 100
min_time: 8.32899999618530278e-03
firstquartile_time: 1.07409996390342710e-02
median_time: 1.33554999828338627e-02
thirdquartile_time: 1.88420001268386830e-02
max_time: 8.44630000591278102e-02
mean_time: 1.63460199809074419e-02
stddev_time: 1.07542045914028050e-02
min_nedge: 2.62140000000000000e+05
firstquartile_nedge: 2.62140000000000000e+05
median_nedge: 2.62140000000000000e+05
thirdquartile_nedge: 2.62140000000000000e+05
max_nedge: 2.62140000000000000e+05
mean_nedge: 2.62140000000000000e+05
stddev_nedge: 0.00000000000000000e+00
min_TEPS: 3.10360749460107367e+06
firstquartile_TEPS: 1.43880918758249022e+07
median_TEPS: 2.01445454320862591e+07
thirdquartile_TEPS: 2.51254593419947550e+07
max_TEPS: 3.14731660607588664e+07
harmonic_mean_TEPS: 1.60369313328985274e+07
harmonic_stddev_TEPS: 1.06040054254866205e+06
