[BASH] Running the CPU only (default) graph500 for scale 20 with sorted edges
file:/dev/null	benchmark:GRAPH500	vertices:1048576	edges:33554430	partitioning:RANDOM	platform:CPU	alpha:50	repeat:1	gpu_count:1	thread_count:4	thread_sched:GUIDED	thread_bind:false	gpu_graph_mem:DEVICE	gpu_par_randomized:false	sorted:false	edge_sort_key:degree	edge_order:asc	separate_singletons:false	lambda:0	time_init:6089.20	time_par:583.69	rmt_vertex:0	rmt_edge:0	beta:0	pid0:100,100,0,0	
total	exec	init	comp	comm	finalize	cpu_comp	gpu_comp	gpu_total_comp	scatter	gather	aggr	trv_edges	exec_rate
224.00	211.36	0.86	211.32	0.04	0.00	211.32	0.00	0.00	0.01	0.00	0.00	33554430	0.1588
292.01	279.97	9.34	279.91	0.05	0.00	279.91	0.00	0.00	0.01	0.00	0.00	33554430	0.1199
245.09	229.80	10.80	229.74	0.05	0.00	229.74	0.00	0.00	0.00	0.00	0.00	33554430	0.1460
124.57	118.66	3.19	118.61	0.04	0.00	118.61	0.00	0.00	0.00	0.00	0.00	33554430	0.2828
123.73	120.22	0.80	120.18	0.03	0.00	120.18	0.00	0.00	0.00	0.00	0.00	33554430	0.2791
111.07	107.57	0.79	107.52	0.04	0.00	107.52	0.00	0.00	0.01	0.00	0.00	33554430	0.3119
101.37	97.75	0.80	97.69	0.04	0.00	97.69	0.00	0.00	0.00	0.00	0.00	33554430	0.3433
225.56	208.67	13.96	208.62	0.04	0.00	208.62	0.00	0.00	0.00	0.00	0.00	33554430	0.1608
257.08	246.81	7.52	246.76	0.04	0.00	246.76	0.00	0.00	0.00	0.00	0.00	33554430	0.1360
319.35	315.86	0.81	315.81	0.04	0.00	315.81	0.00	0.00	0.00	0.00	0.00	33554430	0.1062
329.73	316.50	3.21	316.41	0.08	0.00	316.41	0.00	0.00	0.01	0.00	0.00	33554430	0.1060
262.31	242.03	15.77	241.96	0.06	0.00	241.96	0.00	0.00	0.00	0.00	0.00	33554430	0.1386
701.24	524.99	171.12	524.83	0.14	0.00	524.83	0.00	0.00	0.02	0.00	0.00	33554430	0.0639
322.89	302.30	17.82	302.24	0.05	0.00	302.24	0.00	0.00	0.00	0.00	0.00	33554430	0.1110
209.33	205.87	0.76	205.82	0.04	0.00	205.82	0.00	0.00	0.01	0.00	0.00	33554430	0.1630
204.98	201.49	0.77	201.44	0.05	0.00	201.44	0.00	0.00	0.00	0.00	0.00	33554430	0.1665
215.14	211.69	0.78	211.65	0.04	0.00	211.65	0.00	0.00	0.00	0.00	0.00	33554430	0.1585
242.81	233.10	3.64	233.02	0.08	0.00	233.02	0.00	0.00	0.02	0.00	0.00	33554430	0.1439
255.53	249.66	3.19	249.61	0.05	0.00	249.61	0.00	0.00	0.01	0.00	0.00	33554430	0.1344
257.19	253.52	0.77	253.47	0.04	0.00	253.47	0.00	0.00	0.00	0.00	0.00	33554430	0.1324
218.41	204.97	0.85	204.93	0.04	0.00	204.93	0.00	0.00	0.00	0.00	0.00	33554430	0.1637
200.81	197.29	0.78	197.24	0.04	0.00	197.24	0.00	0.00	0.01	0.00	0.00	33554430	0.1701
285.91	268.60	12.27	268.52	0.06	0.00	268.52	0.00	0.00	0.00	0.00	0.00	33554430	0.1249
187.93	182.01	3.22	181.96	0.05	0.00	181.96	0.00	0.00	0.01	0.00	0.00	33554430	0.1843
271.53	265.40	3.41	265.34	0.06	0.00	265.34	0.00	0.00	0.00	0.00	0.00	33554430	0.1264
272.57	257.50	12.38	257.45	0.05	0.00	257.45	0.00	0.00	0.01	0.00	0.00	33554430	0.1303
259.80	243.90	13.12	243.85	0.05	0.00	243.85	0.00	0.00	0.01	0.00	0.00	33554430	0.1376
321.77	307.00	3.65	306.93	0.06	0.00	306.93	0.00	0.00	0.01	0.00	0.00	33554430	0.1093
246.63	235.82	8.07	235.75	0.06	0.00	235.75	0.00	0.00	0.01	0.00	0.00	33554430	0.1423
276.13	260.90	12.49	260.83	0.05	0.00	260.83	0.00	0.00	0.01	0.00	0.00	33554430	0.1286
272.27	266.33	3.23	266.28	0.05	0.00	266.28	0.00	0.00	0.01	0.00	0.00	33554430	0.1260
352.64	339.53	5.70	339.45	0.07	0.00	339.45	0.00	0.00	0.01	0.00	0.00	33554430	0.0988
240.43	231.66	4.30	231.61	0.05	0.00	231.61	0.00	0.00	0.01	0.00	0.00	33554430	0.1448
193.64	187.86	0.78	187.80	0.05	0.00	187.80	0.00	0.00	0.00	0.00	0.00	33554430	0.1786
190.36	184.30	2.87	184.25	0.04	0.00	184.25	0.00	0.00	0.00	0.00	0.00	33554430	0.1821
261.83	255.90	3.22	255.84	0.05	0.00	255.84	0.00	0.00	0.01	0.00	0.00	33554430	0.1311
268.53	260.27	0.78	260.20	0.06	0.00	260.20	0.00	0.00	0.01	0.00	0.00	33554430	0.1289
246.71	237.54	6.43	237.49	0.05	0.00	237.49	0.00	0.00	0.00	0.00	0.00	33554430	0.1413
323.70	314.46	4.54	314.39	0.06	0.00	314.39	0.00	0.00	0.01	0.00	0.00	33554430	0.1067
185.25	176.09	6.46	176.03	0.05	0.00	176.03	0.00	0.00	0.01	0.00	0.00	33554430	0.1906
173.70	168.41	0.81	168.36	0.05	0.00	168.36	0.00	0.00	0.01	0.00	0.00	33554430	0.1992
279.33	272.44	4.15	272.38	0.05	0.00	272.38	0.00	0.00	0.00	0.00	0.00	33554430	0.1232
357.57	344.18	3.23	344.07	0.10	0.00	344.07	0.00	0.00	0.01	0.00	0.00	33554430	0.0975
338.74	321.79	8.08	321.71	0.06	0.00	321.71	0.00	0.00	0.01	0.00	0.00	33554430	0.1043
319.65	310.29	4.51	310.21	0.07	0.00	310.21	0.00	0.00	0.01	0.00	0.00	33554430	0.1081
309.71	296.16	10.85	296.10	0.05	0.00	296.10	0.00	0.00	0.01	0.00	0.00	33554430	0.1133
312.19	292.50	12.39	292.42	0.07	0.00	292.42	0.00	0.00	0.01	0.00	0.00	33554430	0.1147
189.08	179.27	5.65	179.20	0.05	0.00	179.20	0.00	0.00	0.00	0.00	0.00	33554430	0.1872
264.99	259.09	3.20	259.04	0.04	0.00	259.04	0.00	0.00	0.00	0.00	0.00	33554430	0.1295
342.84	334.53	3.22	334.46	0.07	0.00	334.46	0.00	0.00	0.01	0.00	0.00	33554430	0.1003
314.33	308.38	3.23	308.32	0.06	0.00	308.32	0.00	0.00	0.01	0.00	0.00	33554430	0.1088
276.21	269.84	3.67	269.78	0.06	0.00	269.78	0.00	0.00	0.01	0.00	0.00	33554430	0.1243
220.04	214.77	0.78	214.71	0.05	0.00	214.71	0.00	0.00	0.00	0.00	0.00	33554430	0.1562
191.09	183.57	3.19	183.51	0.06	0.00	183.51	0.00	0.00	0.00	0.00	0.00	33554430	0.1828
279.48	271.06	5.65	271.00	0.05	0.00	271.00	0.00	0.00	0.01	0.00	0.00	33554430	0.1238
293.84	267.49	12.87	267.44	0.05	0.00	267.44	0.00	0.00	0.01	0.00	0.00	33554430	0.1254
262.96	257.04	3.23	256.98	0.05	0.00	256.98	0.00	0.00	0.01	0.00	0.00	33554430	0.1305
266.07	247.61	5.94	247.55	0.05	0.00	247.55	0.00	0.00	0.01	0.00	0.00	33554430	0.1355
206.43	197.01	3.22	196.93	0.06	0.00	196.93	0.00	0.00	0.01	0.00	0.00	33554430	0.1703
293.52	278.05	5.58	277.98	0.07	0.00	277.98	0.00	0.00	0.01	0.00	0.00	33554430	0.1207
393.79	380.53	8.19	380.46	0.06	0.00	380.46	0.00	0.00	0.01	0.00	0.00	33554430	0.0882
269.47	253.60	13.11	253.55	0.05	0.00	253.55	0.00	0.00	0.00	0.00	0.00	33554430	0.1323
233.35	229.81	0.78	229.77	0.03	0.00	229.77	0.00	0.00	0.00	0.00	0.00	33554430	0.1460
169.16	161.66	0.77	161.59	0.07	0.00	161.59	0.00	0.00	0.00	0.00	0.00	33554430	0.2076
321.05	306.78	4.47	306.71	0.07	0.00	306.71	0.00	0.00	0.00	0.00	0.00	33554430	0.1094
320.37	309.52	8.07	309.45	0.06	0.00	309.45	0.00	0.00	0.01	0.00	0.00	33554430	0.1084
237.39	233.90	0.77	233.85	0.04	0.00	233.85	0.00	0.00	0.00	0.00	0.00	33554430	0.1435
218.35	214.84	0.76	214.80	0.04	0.00	214.80	0.00	0.00	0.00	0.00	0.00	33554430	0.1562
249.49	232.30	12.65	232.23	0.06	0.00	232.23	0.00	0.00	0.01	0.00	0.00	33554430	0.1444
173.35	165.54	3.26	165.46	0.07	0.00	165.46	0.00	0.00	0.01	0.00	0.00	33554430	0.2027
258.03	251.58	3.68	251.53	0.04	0.00	251.53	0.00	0.00	0.00	0.00	0.00	33554430	0.1334
318.63	305.38	5.76	305.30	0.07	0.00	305.30	0.00	0.00	0.01	0.00	0.00	33554430	0.1099
356.50	336.96	12.07	336.89	0.06	0.00	336.89	0.00	0.00	0.01	0.00	0.00	33554430	0.0996
264.70	257.88	4.08	257.83	0.05	0.00	257.83	0.00	0.00	0.01	0.00	0.00	33554430	0.1301
190.73	182.79	3.36	182.72	0.06	0.00	182.72	0.00	0.00	0.01	0.00	0.00	33554430	0.1836
314.26	295.97	5.59	295.90	0.06	0.00	295.90	0.00	0.00	0.01	0.00	0.00	33554430	0.1134
264.50	256.74	5.09	256.69	0.04	0.00	256.69	0.00	0.00	0.01	0.00	0.00	33554430	0.1307
328.76	313.54	12.49	313.48	0.05	0.00	313.48	0.00	0.00	0.01	0.00	0.00	33554430	0.1070
250.24	244.30	3.21	244.23	0.06	0.00	244.23	0.00	0.00	0.01	0.00	0.00	33554430	0.1374
231.12	212.96	12.92	212.88	0.06	0.00	212.88	0.00	0.00	0.01	0.00	0.00	33554430	0.1576
191.28	182.83	5.72	182.78	0.05	0.00	182.78	0.00	0.00	0.01	0.00	0.00	33554430	0.1835
315.79	307.03	3.66	306.95	0.06	0.00	306.95	0.00	0.00	0.01	0.00	0.00	33554430	0.1093
290.92	269.75	18.45	269.69	0.05	0.00	269.69	0.00	0.00	0.00	0.00	0.00	33554430	0.1244
269.81	263.83	3.23	263.77	0.05	0.00	263.77	0.00	0.00	0.00	0.00	0.00	33554430	0.1272
267.89	259.91	3.23	259.84	0.06	0.00	259.84	0.00	0.00	0.01	0.00	0.00	33554430	0.1291
326.92	318.93	2.87	318.43	0.49	0.00	318.43	0.00	0.00	0.01	0.00	0.00	33554430	0.1052
294.50	276.73	4.58	276.66	0.06	0.00	276.66	0.00	0.00	0.01	0.00	0.00	33554430	0.1213
333.83	318.06	5.80	317.99	0.07	0.00	317.99	0.00	0.00	0.01	0.00	0.00	33554430	0.1055
342.00	328.79	8.06	328.72	0.06	0.00	328.72	0.00	0.00	0.01	0.00	0.00	33554430	0.1021
226.38	217.46	3.28	217.39	0.06	0.00	217.39	0.00	0.00	0.01	0.00	0.00	33554430	0.1543
346.65	334.92	4.09	334.84	0.07	0.00	334.84	0.00	0.00	0.01	0.00	0.00	33554430	0.1002
377.20	366.44	5.65	366.36	0.07	0.00	366.36	0.00	0.00	0.01	0.00	0.00	33554430	0.0916
301.68	288.45	3.87	288.37	0.07	0.00	288.37	0.00	0.00	0.01	0.00	0.00	33554430	0.1163
300.01	286.76	8.07	286.68	0.06	0.00	286.68	0.00	0.00	0.01	0.00	0.00	33554430	0.1170
198.75	186.62	7.67	186.55	0.06	0.00	186.55	0.00	0.00	0.01	0.00	0.00	33554430	0.1798
234.38	222.75	8.82	222.69	0.05	0.00	222.69	0.00	0.00	0.01	0.00	0.00	33554430	0.1506
247.82	244.37	0.78	244.32	0.04	0.00	244.32	0.00	0.00	0.00	0.00	0.00	33554430	0.1373
296.03	284.17	3.23	284.09	0.07	0.00	284.09	0.00	0.00	0.01	0.00	0.00	33554430	0.1181
333.52	315.44	8.24	315.35	0.07	0.00	315.35	0.00	0.00	0.01	0.00	0.00	33554430	0.1064
272.48	259.85	8.07	259.77	0.07	0.00	259.77	0.00	0.00	0.01	0.00	0.00	33554430	0.1291
SCALE: 20
nvtx: 1048576
edgefactor: 16
terasize: 2.68435455999999995e-04
A: 5.69999999999999951e-01
B: 1.90000000000000002e-01
C: 1.90000000000000002e-01
D: 5.00000000000000444e-02
generation_time: 0.00000000000000000e+00
construction_time: 1.49741271630000004e+01
nbfs: 100
min_time: 8.98630000352859531e-02
firstquartile_time: 2.08810750097036368e-01
median_time: 2.54332499980926552e-01
thirdquartile_time: 2.95864500015974030e-01
max_time: 3.72707999944686896e-01
mean_time: 2.44025499998331064e-01
stddev_time: 6.32426183419825677e-02
min_nedge: 1.67770120000000000e+07
firstquartile_nedge: 1.67770120000000000e+07
median_nedge: 1.67770120000000000e+07
thirdquartile_nedge: 1.67770120000000000e+07
max_nedge: 1.67770120000000000e+07
mean_nedge: 1.67770120000000000e+07
stddev_nedge: 0.00000000000000000e+00
min_TEPS: 4.50138231604630277e+07
firstquartile_TEPS: 5.77917388472164050e+07
median_TEPS: 6.72109699073440284e+07
thirdquartile_TEPS: 8.13289831068934053e+07
max_TEPS: 1.86695436313190907e+08
harmonic_mean_TEPS: 6.87510608527172059e+07
harmonic_stddev_TEPS: 1.79075609241359681e+06
SCALE: 20
nvtx: 1048576
edgefactor: 16
terasize: 2.68435455999999995e-04
A: 5.69999999999999951e-01
B: 1.90000000000000002e-01
C: 1.90000000000000002e-01
D: 5.00000000000000444e-02
generation_time: 0.00000000000000000e+00
construction_time: 1.58482145800000005e+01
nbfs: 100
min_time: 9.85459998846054119e-02
firstquartile_time: 2.21211249947547900e-01
median_time: 2.62126500129699735e-01
thirdquartile_time: 3.10675249814987176e-01
max_time: 6.96110000014305119e-01
mean_time: 2.62254550005197540e-01
stddev_time: 7.27359700719291125e-02
min_nedge: 1.67770120000000000e+07
firstquartile_nedge: 1.67770120000000000e+07
median_nedge: 1.67770120000000000e+07
thirdquartile_nedge: 1.67770120000000000e+07
max_nedge: 1.67770120000000000e+07
mean_nedge: 1.67770120000000000e+07
stddev_nedge: 0.00000000000000000e+00
min_TEPS: 2.41010932175306082e+07
firstquartile_TEPS: 5.47414612391142175e+07
median_TEPS: 6.41728060071683973e+07
thirdquartile_TEPS: 7.78289021524810940e+07
max_TEPS: 1.70245489615462899e+08
harmonic_mean_TEPS: 6.39722437596125826e+07
harmonic_stddev_TEPS: 1.78320055115381186e+06
