[BASH] Running the CPU only (default) graph500 for scale 17
file:(null)	benchmark:GRAPH500	vertices:131072	edges:4194302	partitioning:RANDOM	platform:CPU	alpha:50	repeat:1	gpu_count:1	thread_count:1	thread_sched:GUIDED	thread_bind:false	gpu_graph_mem:DEVICE	gpu_par_randomized:false	sorted:false	edge_sort_key:id	edge_order:asc	separate_singletons:false	lambda:0	time_init:337.74	time_par:10.12	rmt_vertex:0	rmt_edge:0	beta:0	pid0:100,100,0,0	
total	exec	init	comp	comm	finalize	cpu_comp	gpu_comp	gpu_total_comp	scatter	gather	aggr	trv_edges	exec_rate
22.02	21.07	0.35	21.04	0.03	0.00	21.04	0.00	0.00	0.00	0.00	0.00	4194302	0.1990
19.15	18.23	0.36	18.19	0.03	0.00	18.19	0.00	0.00	0.00	0.00	0.00	4194302	0.2301
19.48	18.49	0.42	18.45	0.03	0.00	18.45	0.00	0.00	0.00	0.00	0.00	4194302	0.2268
19.64	18.72	0.36	18.68	0.03	0.00	18.68	0.00	0.00	0.00	0.00	0.00	4194302	0.2241
24.52	23.59	0.35	23.55	0.03	0.00	23.55	0.00	0.00	0.00	0.00	0.00	4194302	0.1778
23.35	22.41	0.35	22.37	0.03	0.00	22.37	0.00	0.00	0.00	0.00	0.00	4194302	0.1871
20.11	19.10	0.43	19.07	0.03	0.00	19.07	0.00	0.00	0.01	0.00	0.00	4194302	0.2196
19.22	18.30	0.35	18.26	0.03	0.00	18.26	0.00	0.00	0.00	0.00	0.00	4194302	0.2292
19.92	18.98	0.37	18.95	0.03	0.00	18.95	0.00	0.00	0.00	0.00	0.00	4194302	0.2209
19.25	18.33	0.36	18.29	0.03	0.00	18.29	0.00	0.00	0.00	0.00	0.00	4194302	0.2289
20.16	18.83	0.35	18.79	0.03	0.00	18.79	0.00	0.00	0.00	0.00	0.00	4194302	0.2228
22.22	21.29	0.36	21.25	0.03	0.00	21.25	0.00	0.00	0.00	0.00	0.00	4194302	0.1970
19.75	18.81	0.36	18.78	0.03	0.00	18.78	0.00	0.00	0.00	0.00	0.00	4194302	0.2229
20.79	19.86	0.35	19.82	0.03	0.00	19.82	0.00	0.00	0.00	0.00	0.00	4194302	0.2112
19.41	18.46	0.35	18.43	0.03	0.00	18.43	0.00	0.00	0.00	0.00	0.00	4194302	0.2272
25.72	24.78	0.37	24.74	0.04	0.00	24.74	0.00	0.00	0.00	0.00	0.00	4194302	0.1692
19.38	18.44	0.35	18.41	0.03	0.00	18.41	0.00	0.00	0.00	0.00	0.00	4194302	0.2274
19.42	18.47	0.37	18.43	0.03	0.00	18.43	0.00	0.00	0.00	0.00	0.00	4194302	0.2271
22.52	21.57	0.37	21.53	0.03	0.00	21.53	0.00	0.00	0.00	0.00	0.00	4194302	0.1945
20.78	19.81	0.37	19.77	0.03	0.00	19.77	0.00	0.00	0.00	0.00	0.00	4194302	0.2117
19.42	18.47	0.37	18.44	0.03	0.00	18.44	0.00	0.00	0.00	0.00	0.00	4194302	0.2270
21.50	20.55	0.37	20.52	0.03	0.00	20.52	0.00	0.00	0.00	0.00	0.00	4194302	0.2041
23.59	22.64	0.37	22.60	0.04	0.00	22.60	0.00	0.00	0.01	0.00	0.00	4194302	0.1853
20.96	20.03	0.37	19.99	0.03	0.00	19.99	0.00	0.00	0.00	0.00	0.00	4194302	0.2095
21.25	20.32	0.36	20.28	0.03	0.00	20.28	0.00	0.00	0.01	0.00	0.00	4194302	0.2064
19.92	18.98	0.37	18.95	0.03	0.00	18.95	0.00	0.00	0.00	0.00	0.00	4194302	0.2210
22.26	21.33	0.35	21.29	0.03	0.00	21.29	0.00	0.00	0.00	0.00	0.00	4194302	0.1966
22.25	21.30	0.37	21.26	0.03	0.00	21.26	0.00	0.00	0.00	0.00	0.00	4194302	0.1969
19.16	18.22	0.35	18.19	0.03	0.00	18.19	0.00	0.00	0.00	0.00	0.00	4194302	0.2302
24.18	23.01	0.46	22.97	0.04	0.00	22.97	0.00	0.00	0.00	0.00	0.00	4194302	0.1823
23.86	22.67	0.46	22.62	0.04	0.01	22.62	0.00	0.00	0.00	0.00	0.00	4194302	0.1850
27.76	26.58	0.46	26.53	0.04	0.00	26.53	0.00	0.00	0.00	0.00	0.00	4194302	0.1578
24.23	23.05	0.46	23.00	0.04	0.00	23.00	0.00	0.00	0.00	0.00	0.00	4194302	0.1820
22.68	21.50	0.46	21.45	0.04	0.00	21.45	0.00	0.00	0.00	0.00	0.00	4194302	0.1951
27.11	25.93	0.46	25.89	0.04	0.00	25.89	0.00	0.00	0.00	0.00	0.00	4194302	0.1617
35.06	33.74	0.46	33.69	0.04	0.00	33.69	0.00	0.00	0.01	0.00	0.00	4194302	0.1243
22.53	21.37	0.45	21.33	0.04	0.00	21.33	0.00	0.00	0.00	0.00	0.00	4194302	0.1963
25.65	24.47	0.46	24.42	0.04	0.00	24.42	0.00	0.00	0.00	0.00	0.00	4194302	0.1714
23.37	22.21	0.45	22.17	0.04	0.00	22.17	0.00	0.00	0.01	0.00	0.00	4194302	0.1888
22.32	21.14	0.46	21.10	0.04	0.00	21.10	0.00	0.00	0.00	0.00	0.00	4194302	0.1984
24.00	22.83	0.46	22.78	0.04	0.00	22.78	0.00	0.00	0.00	0.00	0.00	4194302	0.1837
23.12	21.95	0.46	21.89	0.05	0.00	21.89	0.00	0.00	0.00	0.00	0.00	4194302	0.1911
22.55	21.38	0.45	21.34	0.03	0.00	21.34	0.00	0.00	0.00	0.00	0.00	4194302	0.1962
25.77	24.59	0.46	24.54	0.04	0.00	24.54	0.00	0.00	0.00	0.00	0.00	4194302	0.1706
22.39	21.23	0.45	21.19	0.03	0.00	21.19	0.00	0.00	0.00	0.00	0.00	4194302	0.1976
22.52	21.34	0.46	21.30	0.03	0.00	21.30	0.00	0.00	0.01	0.00	0.00	4194302	0.1966
23.54	22.37	0.45	22.32	0.04	0.00	22.32	0.00	0.00	0.01	0.00	0.00	4194302	0.1875
22.31	21.15	0.45	21.11	0.03	0.00	21.11	0.00	0.00	0.00	0.00	0.00	4194302	0.1983
22.33	21.16	0.46	21.11	0.04	0.00	21.11	0.00	0.00	0.00	0.00	0.00	4194302	0.1982
21.97	20.95	0.46	20.91	0.03	0.00	20.91	0.00	0.00	0.00	0.00	0.00	4194302	0.2002
20.11	19.18	0.35	19.14	0.03	0.00	19.14	0.00	0.00	0.00	0.00	0.00	4194302	0.2187
19.98	19.04	0.37	19.00	0.03	0.00	19.00	0.00	0.00	0.01	0.00	0.00	4194302	0.2203
21.07	20.13	0.35	20.10	0.03	0.00	20.10	0.00	0.00	0.00	0.00	0.00	4194302	0.2084
21.31	20.38	0.36	20.35	0.03	0.00	20.35	0.00	0.00	0.00	0.00	0.00	4194302	0.2058
19.14	18.20	0.36	18.16	0.03	0.00	18.16	0.00	0.00	0.00	0.00	0.00	4194302	0.2305
26.37	25.45	0.35	25.41	0.03	0.00	25.41	0.00	0.00	0.00	0.00	0.00	4194302	0.1648
23.62	22.70	0.35	22.66	0.03	0.00	22.66	0.00	0.00	0.00	0.00	0.00	4194302	0.1848
21.12	20.16	0.37	20.13	0.03	0.00	20.13	0.00	0.00	0.00	0.00	0.00	4194302	0.2080
19.36	18.43	0.35	18.40	0.03	0.00	18.40	0.00	0.00	0.00	0.00	0.00	4194302	0.2275
25.12	24.18	0.37	24.15	0.03	0.00	24.15	0.00	0.00	0.00	0.00	0.00	4194302	0.1734
20.29	19.27	0.40	19.23	0.03	0.00	19.23	0.00	0.00	0.01	0.00	0.00	4194302	0.2177
20.72	19.70	0.39	19.66	0.03	0.00	19.66	0.00	0.00	0.01	0.00	0.00	4194302	0.2129
21.73	20.70	0.40	20.66	0.04	0.00	20.66	0.00	0.00	0.01	0.00	0.00	4194302	0.2026
19.82	18.81	0.39	18.77	0.04	0.00	18.77	0.00	0.00	0.00	0.00	0.00	4194302	0.2230
25.14	24.12	0.38	24.08	0.04	0.00	24.08	0.00	0.00	0.01	0.00	0.00	4194302	0.1739
40.72	39.13	0.40	39.06	0.06	0.00	39.06	0.00	0.00	0.01	0.00	0.00	4194302	0.1072
38.51	36.52	0.79	36.45	0.06	0.00	36.45	0.00	0.00	0.01	0.00	0.00	4194302	0.1148
36.81	34.84	0.78	34.77	0.06	0.00	34.77	0.00	0.00	0.01	0.00	0.00	4194302	0.1204
36.31	34.34	0.78	34.27	0.06	0.00	34.27	0.00	0.00	0.01	0.00	0.00	4194302	0.1221
38.52	36.59	0.74	36.52	0.06	0.00	36.52	0.00	0.00	0.01	0.00	0.00	4194302	0.1146
42.00	39.32	1.49	39.25	0.05	0.00	39.25	0.00	0.00	0.00	0.00	0.00	4194302	0.1067
36.33	34.36	0.78	34.29	0.06	0.00	34.29	0.00	0.00	0.01	0.00	0.00	4194302	0.1221
25.75	24.39	0.78	24.35	0.03	0.00	24.35	0.00	0.00	0.01	0.00	0.00	4194302	0.1720
19.32	18.31	0.43	18.27	0.03	0.00	18.27	0.00	0.00	0.01	0.00	0.00	4194302	0.2291
19.09	18.15	0.36	18.11	0.03	0.00	18.11	0.00	0.00	0.00	0.00	0.00	4194302	0.2311
20.75	19.81	0.37	19.78	0.03	0.00	19.78	0.00	0.00	0.00	0.00	0.00	4194302	0.2117
19.29	18.34	0.37	18.31	0.03	0.00	18.31	0.00	0.00	0.01	0.00	0.00	4194302	0.2287
25.22	24.28	0.36	24.25	0.03	0.00	24.25	0.00	0.00	0.00	0.00	0.00	4194302	0.1727
19.39	18.47	0.36	18.43	0.03	0.00	18.43	0.00	0.00	0.00	0.00	0.00	4194302	0.2271
21.92	21.00	0.36	20.96	0.03	0.00	20.96	0.00	0.00	0.00	0.00	0.00	4194302	0.1998
19.32	18.40	0.35	18.36	0.03	0.00	18.36	0.00	0.00	0.00	0.00	0.00	4194302	0.2280
23.41	22.48	0.35	22.44	0.03	0.00	22.44	0.00	0.00	0.00	0.00	0.00	4194302	0.1866
19.86	18.92	0.37	18.88	0.03	0.00	18.88	0.00	0.00	0.00	0.00	0.00	4194302	0.2217
24.74	23.82	0.35	23.78	0.03	0.00	23.78	0.00	0.00	0.00	0.00	0.00	4194302	0.1761
20.96	20.03	0.35	19.98	0.04	0.00	19.98	0.00	0.00	0.01	0.00	0.00	4194302	0.2094
20.08	19.07	0.36	19.03	0.03	0.00	19.03	0.00	0.00	0.00	0.00	0.00	4194302	0.2199
22.70	21.76	0.37	21.73	0.03	0.00	21.73	0.00	0.00	0.00	0.00	0.00	4194302	0.1927
20.34	19.38	0.37	19.34	0.03	0.00	19.34	0.00	0.00	0.00	0.00	0.00	4194302	0.2164
19.20	18.26	0.37	18.23	0.02	0.00	18.23	0.00	0.00	0.00	0.00	0.00	4194302	0.2296
19.11	18.16	0.35	18.08	0.03	0.00	18.08	0.00	0.00	0.01	0.00	0.00	4194302	0.2309
19.73	18.73	0.35	18.69	0.02	0.00	18.69	0.00	0.00	0.01	0.00	0.00	4194302	0.2240
19.25	18.33	0.36	18.29	0.03	0.00	18.29	0.00	0.00	0.00	0.00	0.00	4194302	0.2288
24.32	23.31	0.37	23.27	0.03	0.00	23.27	0.00	0.00	0.00	0.00	0.00	4194302	0.1799
18.73	17.80	0.35	17.76	0.03	0.00	17.76	0.00	0.00	0.00	0.00	0.00	4194302	0.2357
18.93	18.00	0.35	17.96	0.03	0.00	17.96	0.00	0.00	0.00	0.00	0.00	4194302	0.2331
19.12	18.18	0.35	18.15	0.03	0.00	18.15	0.00	0.00	0.01	0.00	0.00	4194302	0.2306
19.55	18.61	0.37	18.57	0.03	0.00	18.57	0.00	0.00	0.00	0.00	0.00	4194302	0.2254
20.07	19.11	0.35	19.07	0.03	0.00	19.07	0.00	0.00	0.00	0.00	0.00	4194302	0.2195
21.13	20.19	0.35	20.15	0.03	0.00	20.15	0.00	0.00	0.00	0.00	0.00	4194302	0.2077
19.45	18.50	0.37	18.45	0.03	0.00	18.45	0.00	0.00	0.00	0.00	0.00	4194302	0.2267
SCALE: 17
nvtx: 131072
edgefactor: 16
terasize: 3.35544319999999993e-05
A: 5.69999999999999951e-01
B: 1.90000000000000002e-01
C: 1.90000000000000002e-01
D: 5.00000000000000444e-02
generation_time: 0.00000000000000000e+00
construction_time: 1.32942350000000009e+00
nbfs: 100
min_time: 1.81519999504089341e-02
firstquartile_time: 1.91020001769065841e-02
median_time: 2.10114998817443818e-02
thirdquartile_time: 2.32492501735687244e-02
max_time: 4.08089995384216322e-02
mean_time: 2.22534399962425189e-02
stddev_time: 4.86813619189543131e-03
min_nedge: 2.09713500000000000e+06
firstquartile_nedge: 2.09713500000000000e+06
median_nedge: 2.09713500000000000e+06
thirdquartile_nedge: 2.09713500000000000e+06
max_nedge: 2.09713500000000000e+06
mean_nedge: 2.09713500000000000e+06
stddev_nedge: 0.00000000000000000e+00
min_TEPS: 5.13890324124596491e+07
firstquartile_TEPS: 9.10205680524000525e+07
median_TEPS: 1.01276863215949297e+08
thirdquartile_TEPS: 1.10383304709709913e+08
max_TEPS: 1.15531897627222896e+08
harmonic_mean_TEPS: 9.42386885063207746e+07
harmonic_stddev_TEPS: 2.07194012479660334e+06
