[BASH] Running the CPU only (default) graph500 for scale 19
file:(null)	benchmark:GRAPH500	vertices:524288	edges:16777214	partitioning:RANDOM	platform:CPU	alpha:50	repeat:1	gpu_count:1	thread_count:1	thread_sched:GUIDED	thread_bind:false	gpu_graph_mem:DEVICE	gpu_par_randomized:false	sorted:false	edge_sort_key:id	edge_order:asc	separate_singletons:false	lambda:0	time_init:1565.44	time_par:40.43	rmt_vertex:0	rmt_edge:0	beta:0	pid0:100,100,0,0	
total	exec	init	comp	comm	finalize	cpu_comp	gpu_comp	gpu_total_comp	scatter	gather	aggr	trv_edges	exec_rate
85.21	81.54	1.39	81.50	0.04	0.00	81.50	0.00	0.00	0.00	0.00	0.00	16777214	0.2057
82.40	78.72	1.42	78.68	0.03	0.00	78.68	0.00	0.00	0.00	0.00	0.00	16777214	0.2131
82.67	78.98	1.42	78.95	0.03	0.00	78.95	0.00	0.00	0.01	0.00	0.00	16777214	0.2124
83.09	79.43	1.40	79.39	0.03	0.00	79.39	0.00	0.00	0.00	0.00	0.00	16777214	0.2112
80.95	77.21	1.47	77.17	0.04	0.00	77.17	0.00	0.00	0.01	0.00	0.00	16777214	0.2173
103.02	99.35	1.42	99.30	0.04	0.00	99.30	0.00	0.00	0.01	0.00	0.00	16777214	0.1689
84.73	81.06	1.42	81.01	0.04	0.00	81.01	0.00	0.00	0.00	0.00	0.00	16777214	0.2070
91.16	87.50	1.40	87.46	0.04	0.00	87.46	0.00	0.00	0.00	0.00	0.00	16777214	0.1917
80.27	76.61	1.40	76.57	0.03	0.00	76.57	0.00	0.00	0.00	0.00	0.00	16777214	0.2190
87.79	84.13	1.40	84.09	0.04	0.00	84.09	0.00	0.00	0.00	0.00	0.00	16777214	0.1994
96.55	92.29	1.40	92.25	0.04	0.00	92.25	0.00	0.00	0.00	0.00	0.00	16777214	0.1818
89.29	85.08	1.63	85.04	0.04	0.00	85.04	0.00	0.00	0.00	0.00	0.00	16777214	0.1972
92.85	88.59	1.64	88.54	0.04	0.00	88.54	0.00	0.00	0.00	0.00	0.00	16777214	0.1894
91.29	87.00	1.96	86.96	0.04	0.00	86.96	0.00	0.00	0.00	0.00	0.00	16777214	0.1928
84.15	80.44	1.40	80.40	0.04	0.00	80.40	0.00	0.00	0.01	0.00	0.00	16777214	0.2086
81.99	78.27	1.42	78.24	0.03	0.00	78.24	0.00	0.00	0.00	0.00	0.00	16777214	0.2143
83.82	80.12	1.40	80.08	0.04	0.00	80.08	0.00	0.00	0.01	0.00	0.00	16777214	0.2094
90.17	86.47	1.40	86.43	0.04	0.00	86.43	0.00	0.00	0.00	0.00	0.00	16777214	0.1940
79.82	76.16	1.40	76.12	0.03	0.00	76.12	0.00	0.00	0.01	0.00	0.00	16777214	0.2203
86.42	82.74	1.42	82.70	0.04	0.00	82.70	0.00	0.00	0.01	0.00	0.00	16777214	0.2028
86.41	82.74	1.41	82.70	0.03	0.00	82.70	0.00	0.00	0.01	0.00	0.00	16777214	0.2028
101.29	97.14	1.42	97.10	0.04	0.00	97.10	0.00	0.00	0.00	0.00	0.00	16777214	0.1727
81.84	78.11	1.43	78.07	0.03	0.00	78.07	0.00	0.00	0.00	0.00	0.00	16777214	0.2148
80.47	76.81	1.40	76.77	0.03	0.00	76.77	0.00	0.00	0.00	0.00	0.00	16777214	0.2184
82.47	78.76	1.42	78.72	0.04	0.00	78.72	0.00	0.00	0.00	0.00	0.00	16777214	0.2130
84.44	80.75	1.40	80.71	0.04	0.00	80.71	0.00	0.00	0.00	0.00	0.00	16777214	0.2078
83.21	79.21	1.43	79.17	0.04	0.00	79.17	0.00	0.00	0.00	0.00	0.00	16777214	0.2118
82.28	78.25	1.43	78.20	0.03	0.00	78.20	0.00	0.00	0.00	0.00	0.00	16777214	0.2144
84.76	81.06	1.43	81.01	0.04	0.00	81.01	0.00	0.00	0.01	0.00	0.00	16777214	0.2070
101.61	97.94	1.40	97.90	0.04	0.00	97.90	0.00	0.00	0.00	0.00	0.00	16777214	0.1713
100.01	96.33	1.42	96.29	0.04	0.00	96.29	0.00	0.00	0.01	0.00	0.00	16777214	0.1742
85.29	81.51	1.42	81.48	0.03	0.00	81.48	0.00	0.00	0.00	0.00	0.00	16777214	0.2058
84.13	80.43	1.41	80.39	0.04	0.00	80.39	0.00	0.00	0.00	0.00	0.00	16777214	0.2086
101.05	97.36	1.41	97.34	0.02	0.00	97.34	0.00	0.00	0.00	0.00	0.00	16777214	0.1723
84.31	80.62	1.42	80.58	0.03	0.00	80.58	0.00	0.00	0.00	0.00	0.00	16777214	0.2081
81.51	77.85	1.40	77.81	0.03	0.00	77.81	0.00	0.00	0.00	0.00	0.00	16777214	0.2155
99.96	96.28	1.40	96.24	0.04	0.00	96.24	0.00	0.00	0.00	0.00	0.00	16777214	0.1742
93.59	89.47	1.40	89.36	0.11	0.00	89.36	0.00	0.00	0.00	0.00	0.00	16777214	0.1875
88.03	83.96	1.43	83.92	0.04	0.00	83.92	0.00	0.00	0.01	0.00	0.00	16777214	0.1998
81.65	77.95	1.41	77.91	0.03	0.00	77.91	0.00	0.00	0.00	0.00	0.00	16777214	0.2152
80.59	76.88	1.40	76.84	0.03	0.00	76.84	0.00	0.00	0.00	0.00	0.00	16777214	0.2182
88.72	84.69	1.40	84.65	0.04	0.00	84.65	0.00	0.00	0.00	0.00	0.00	16777214	0.1981
95.24	91.57	1.40	91.52	0.04	0.00	91.52	0.00	0.00	0.00	0.00	0.00	16777214	0.1832
86.11	82.44	1.41	82.40	0.03	0.00	82.40	0.00	0.00	0.00	0.00	0.00	16777214	0.2035
95.63	91.94	1.42	91.91	0.03	0.00	91.91	0.00	0.00	0.00	0.00	0.00	16777214	0.1825
86.39	82.62	1.41	82.58	0.04	0.00	82.58	0.00	0.00	0.00	0.00	0.00	16777214	0.2031
84.15	80.45	1.40	80.41	0.03	0.00	80.41	0.00	0.00	0.00	0.00	0.00	16777214	0.2085
93.91	90.21	1.40	90.17	0.04	0.01	90.17	0.00	0.00	0.00	0.00	0.00	16777214	0.1860
81.08	77.39	1.40	77.35	0.03	0.00	77.35	0.00	0.00	0.00	0.00	0.00	16777214	0.2168
107.15	102.91	1.40	102.87	0.03	0.00	102.87	0.00	0.00	0.01	0.00	0.00	16777214	0.1630
105.23	101.54	1.40	101.50	0.03	0.00	101.50	0.00	0.00	0.01	0.00	0.00	16777214	0.1652
81.85	78.13	1.41	78.10	0.03	0.00	78.10	0.00	0.00	0.00	0.00	0.00	16777214	0.2147
83.13	79.40	1.41	79.36	0.04	0.00	79.36	0.00	0.00	0.00	0.00	0.00	16777214	0.2113
81.13	77.34	1.42	77.30	0.03	0.00	77.30	0.00	0.00	0.00	0.00	0.00	16777214	0.2169
80.43	76.71	1.42	76.67	0.03	0.00	76.67	0.00	0.00	0.00	0.00	0.00	16777214	0.2187
80.41	76.72	1.40	76.68	0.04	0.00	76.68	0.00	0.00	0.00	0.00	0.00	16777214	0.2187
85.86	81.38	1.78	81.34	0.03	0.00	81.34	0.00	0.00	0.00	0.00	0.00	16777214	0.2062
81.68	77.98	1.40	77.94	0.04	0.00	77.94	0.00	0.00	0.00	0.00	0.00	16777214	0.2152
94.83	91.11	1.42	91.07	0.04	0.00	91.07	0.00	0.00	0.01	0.00	0.00	16777214	0.1841
81.62	77.91	1.42	77.87	0.03	0.00	77.87	0.00	0.00	0.00	0.00	0.00	16777214	0.2154
83.52	79.81	1.42	79.77	0.04	0.00	79.77	0.00	0.00	0.00	0.00	0.00	16777214	0.2102
83.48	79.79	1.42	79.75	0.03	0.00	79.75	0.00	0.00	0.00	0.00	0.00	16777214	0.2103
82.16	78.49	1.40	78.45	0.03	0.00	78.45	0.00	0.00	0.00	0.00	0.00	16777214	0.2137
96.47	92.79	1.42	92.74	0.04	0.00	92.74	0.00	0.00	0.01	0.00	0.00	16777214	0.1808
84.53	80.86	1.40	80.82	0.03	0.00	80.82	0.00	0.00	0.00	0.00	0.00	16777214	0.2075
84.31	80.27	1.69	80.24	0.04	0.00	80.24	0.00	0.00	0.01	0.00	0.00	16777214	0.2090
82.02	78.29	1.40	78.25	0.04	0.00	78.25	0.00	0.00	0.01	0.00	0.00	16777214	0.2143
81.70	78.02	1.42	77.98	0.04	0.00	77.98	0.00	0.00	0.00	0.00	0.00	16777214	0.2150
81.86	78.08	1.40	78.03	0.05	0.00	78.03	0.00	0.00	0.00	0.00	0.00	16777214	0.2149
83.10	79.42	1.40	79.38	0.03	0.00	79.38	0.00	0.00	0.00	0.00	0.00	16777214	0.2112
79.31	75.53	1.40	75.49	0.04	0.00	75.49	0.00	0.00	0.00	0.00	0.00	16777214	0.2221
83.78	80.10	1.40	80.06	0.03	0.00	80.06	0.00	0.00	0.00	0.00	0.00	16777214	0.2095
102.18	98.51	1.41	98.47	0.04	0.00	98.47	0.00	0.00	0.00	0.00	0.00	16777214	0.1703
87.64	83.95	1.43	83.91	0.03	0.00	83.91	0.00	0.00	0.00	0.00	0.00	16777214	0.1998
83.58	79.87	1.43	79.83	0.04	0.00	79.83	0.00	0.00	0.00	0.00	0.00	16777214	0.2101
85.97	82.30	1.40	82.25	0.04	0.00	82.25	0.00	0.00	0.01	0.00	0.00	16777214	0.2038
88.23	84.53	1.43	84.49	0.04	0.00	84.49	0.00	0.00	0.00	0.00	0.00	16777214	0.1985
85.38	81.66	1.43	81.61	0.04	0.00	81.61	0.00	0.00	0.00	0.00	0.00	16777214	0.2054
94.89	90.81	1.79	90.76	0.04	0.00	90.76	0.00	0.00	0.00	0.00	0.00	16777214	0.1848
88.15	84.39	1.40	84.34	0.04	0.00	84.34	0.00	0.00	0.01	0.00	0.00	16777214	0.1988
80.35	76.65	1.42	76.61	0.04	0.00	76.61	0.00	0.00	0.01	0.00	0.00	16777214	0.2189
80.57	76.59	1.40	76.55	0.03	0.00	76.55	0.00	0.00	0.01	0.00	0.00	16777214	0.2191
608.60	579.13	21.50	578.90	0.19	0.00	578.90	0.00	0.00	0.02	0.01	0.01	16777214	0.0290
84.43	80.70	1.40	80.66	0.03	0.00	80.66	0.00	0.00	0.00	0.00	0.00	16777214	0.2079
81.20	77.52	1.40	77.47	0.04	0.00	77.47	0.00	0.00	0.00	0.00	0.00	16777214	0.2164
88.99	85.29	1.42	85.25	0.04	0.00	85.25	0.00	0.00	0.00	0.00	0.00	16777214	0.1967
82.32	78.59	1.42	78.54	0.04	0.00	78.54	0.00	0.00	0.00	0.00	0.00	16777214	0.2135
81.58	77.87	1.41	77.83	0.04	0.00	77.83	0.00	0.00	0.00	0.00	0.00	16777214	0.2155
99.99	96.24	1.40	96.20	0.04	0.00	96.20	0.00	0.00	0.00	0.00	0.00	16777214	0.1743
93.89	90.17	1.42	90.12	0.04	0.00	90.12	0.00	0.00	0.00	0.00	0.00	16777214	0.1861
84.20	80.45	1.41	80.41	0.03	0.00	80.41	0.00	0.00	0.00	0.00	0.00	16777214	0.2085
84.26	80.58	1.42	80.54	0.03	0.00	80.54	0.00	0.00	0.00	0.00	0.00	16777214	0.2082
82.39	78.69	1.42	78.65	0.03	0.00	78.65	0.00	0.00	0.00	0.00	0.00	16777214	0.2132
81.77	78.11	1.40	78.06	0.04	0.00	78.06	0.00	0.00	0.00	0.00	0.00	16777214	0.2148
95.19	91.52	1.41	91.47	0.04	0.00	91.47	0.00	0.00	0.00	0.00	0.00	16777214	0.1833
81.95	78.23	1.42	78.20	0.03	0.00	78.20	0.00	0.00	0.00	0.00	0.00	16777214	0.2144
82.06	78.39	1.40	78.35	0.03	0.00	78.35	0.00	0.00	0.00	0.00	0.00	16777214	0.2140
83.02	79.34	1.40	79.31	0.03	0.00	79.31	0.00	0.00	0.00	0.00	0.00	16777214	0.2114
81.64	77.96	1.42	77.91	0.03	0.00	77.91	0.00	0.00	0.00	0.00	0.00	16777214	0.2152
81.81	78.10	1.40	78.05	0.04	0.00	78.05	0.00	0.00	0.00	0.00	0.00	16777214	0.2148
SCALE: 19
nvtx: 524288
edgefactor: 16
terasize: 1.34217727999999997e-04
A: 5.69999999999999951e-01
B: 1.90000000000000002e-01
C: 1.90000000000000002e-01
D: 5.00000000000000444e-02
generation_time: 0.00000000000000000e+00
construction_time: 7.52683283100000011e+00
nbfs: 100
min_time: 7.69319996833801312e-02
firstquartile_time: 7.96642498970031726e-02
median_time: 8.19824998378753667e-02
thirdquartile_time: 8.86465001702308464e-02
max_time: 6.00631000041961682e-01
mean_time: 8.96442200088501395e-02
stddev_time: 5.20450337575167898e-02
min_nedge: 1.00000000000000000e+00
firstquartile_nedge: 8.38851300000000000e+06
median_nedge: 8.38851300000000000e+06
thirdquartile_nedge: 8.38851300000000000e+06
max_nedge: 8.38851300000000000e+06
mean_nedge: 8.30462787999999989e+06
stddev_nedge: 8.38851200000000070e+05
min_TEPS: 1.01241217641105692e+01
firstquartile_TEPS: 9.67390956353457868e+07
median_TEPS: 1.02481406346452713e+08
thirdquartile_TEPS: 1.05461829543707073e+08
max_TEPS: 1.09038021038366407e+08
harmonic_mean_TEPS: 1.01240134373951582e+03
harmonic_stddev_TEPS: 1.01749063757861700e+03
