[BASH] Running the CPU only (default) graph500 for scale 21 with sorted edges
300.01	288.59	4.85	288.53	0.05	0.00	288.53	0.00	0.00	0.00	0.00	0.00	67108862	0.2325
428.10	369.34	51.29	369.28	0.06	0.00	369.28	0.00	0.00	0.01	0.00	0.00	67108862	0.1817
551.80	384.06	160.10	383.98	0.06	0.00	383.98	0.00	0.00	0.01	0.00	0.00	67108862	0.1747
220.25	209.40	4.58	209.36	0.04	0.00	209.36	0.00	0.00	0.00	0.00	0.00	67108862	0.3205
317.63	299.62	12.60	299.57	0.04	0.00	299.57	0.00	0.00	0.00	0.00	0.00	67108862	0.2240
286.29	274.29	5.52	274.24	0.04	0.00	274.24	0.00	0.00	0.01	0.00	0.00	67108862	0.2447
240.48	225.35	9.79	225.31	0.04	0.00	225.31	0.00	0.00	0.01	0.00	0.00	67108862	0.2978
362.08	345.57	9.46	345.51	0.05	0.00	345.51	0.00	0.00	0.00	0.00	0.00	67108862	0.1942
204.32	193.98	4.91	193.94	0.04	0.00	193.94	0.00	0.00	0.01	0.00	0.00	67108862	0.3460
265.73	255.50	4.76	255.46	0.04	0.00	255.46	0.00	0.00	0.00	0.00	0.00	67108862	0.2627
346.34	324.09	15.89	324.03	0.04	0.00	324.03	0.00	0.00	0.01	0.00	0.00	67108862	0.2071
389.04	362.32	20.35	362.26	0.05	0.00	362.26	0.00	0.00	0.00	0.00	0.00	67108862	0.1852
222.29	212.28	4.61	212.24	0.03	0.00	212.24	0.00	0.00	0.01	0.00	0.00	67108862	0.3161
323.18	280.65	34.86	280.60	0.05	0.00	280.60	0.00	0.00	0.00	0.00	0.00	67108862	0.2391
206.75	195.88	5.42	195.84	0.04	0.00	195.84	0.00	0.00	0.00	0.00	0.00	67108862	0.3426
324.25	308.63	9.24	308.56	0.06	0.00	308.56	0.00	0.00	0.00	0.00	0.00	67108862	0.2174
199.28	187.53	4.93	187.48	0.04	0.00	187.48	0.00	0.00	0.01	0.00	0.00	67108862	0.3579
283.93	270.92	6.15	270.87	0.04	0.00	270.87	0.00	0.00	0.00	0.00	0.00	67108862	0.2477
299.62	286.74	5.46	286.69	0.04	0.00	286.69	0.00	0.00	0.00	0.00	0.00	67108862	0.2340
239.05	228.07	4.14	228.02	0.05	0.00	228.02	0.00	0.00	0.01	0.00	0.00	67108862	0.2942
215.66	205.72	4.58	205.68	0.04	0.00	205.68	0.00	0.00	0.00	0.00	0.00	67108862	0.3262
309.78	283.97	19.60	283.91	0.05	0.00	283.91	0.00	0.00	0.00	0.00	0.00	67108862	0.2363
985.42	958.02	7.07	957.92	0.09	0.00	957.92	0.00	0.00	0.01	0.00	0.00	67108862	0.0700
219.76	207.40	4.52	207.36	0.04	0.00	207.36	0.00	0.00	0.01	0.00	0.00	67108862	0.3236
259.60	247.64	4.52	247.59	0.04	0.00	247.59	0.00	0.00	0.01	0.00	0.00	67108862	0.2710
231.37	222.90	2.40	222.85	0.04	0.00	222.85	0.00	0.00	0.00	0.00	0.00	67108862	0.3011
228.01	216.48	4.52	216.44	0.03	0.00	216.44	0.00	0.00	0.01	0.00	0.00	67108862	0.3100
244.58	232.28	4.50	231.78	0.05	0.00	231.78	0.00	0.00	0.00	0.00	0.00	67108862	0.2889
511.65	493.18	4.62	493.11	0.06	0.00	493.11	0.00	0.00	0.01	0.00	0.00	67108862	0.1361
503.81	478.10	10.85	478.04	0.05	0.00	478.04	0.00	0.00	0.01	0.00	0.00	67108862	0.1404
467.08	456.92	4.61	456.86	0.05	0.00	456.86	0.00	0.00	0.00	0.00	0.00	67108862	0.1469
504.99	473.74	14.48	473.66	0.06	0.00	473.66	0.00	0.00	0.01	0.00	0.00	67108862	0.1417
416.73	402.69	1.50	402.62	0.06	0.00	402.62	0.00	0.00	0.01	0.00	0.00	67108862	0.1667
501.80	471.84	15.88	471.78	0.05	0.00	471.78	0.00	0.00	0.00	0.00	0.00	67108862	0.1422
492.27	482.18	4.60	482.12	0.05	0.00	482.12	0.00	0.00	0.00	0.00	0.00	67108862	0.1392
554.51	547.55	1.49	547.50	0.04	0.00	547.50	0.00	0.00	0.01	0.00	0.00	67108862	0.1226
474.30	457.91	1.50	457.86	0.05	0.00	457.86	0.00	0.00	0.00	0.00	0.00	67108862	0.1466
521.83	504.24	4.62	504.17	0.06	0.00	504.17	0.00	0.00	0.01	0.00	0.00	67108862	0.1331
477.77	457.04	1.49	456.98	0.05	0.00	456.98	0.00	0.00	0.00	0.00	0.00	67108862	0.1468
525.41	505.58	4.61	505.50	0.07	0.00	505.50	0.00	0.00	0.00	0.00	0.00	67108862	0.1327
541.97	529.44	7.06	529.38	0.05	0.00	529.38	0.00	0.00	0.00	0.00	0.00	67108862	0.1268
610.25	603.18	1.49	603.12	0.05	0.00	603.12	0.00	0.00	0.01	0.00	0.00	67108862	0.1113
435.41	419.70	1.48	419.65	0.04	0.00	419.65	0.00	0.00	0.00	0.00	0.00	67108862	0.1599
473.57	466.59	1.49	466.54	0.04	0.00	466.54	0.00	0.00	0.01	0.00	0.00	67108862	0.1438
439.41	423.38	10.54	423.33	0.05	0.00	423.33	0.00	0.00	0.00	0.00	0.00	67108862	0.1585
536.47	518.68	5.93	516.45	2.22	0.00	516.45	0.00	0.00	0.01	0.00	0.01	67108862	0.1294
600.27	582.27	4.32	582.20	0.06	0.00	582.20	0.00	0.00	0.01	0.00	0.00	67108862	0.1153
403.01	393.14	1.49	393.08	0.05	0.00	393.08	0.00	0.00	0.01	0.00	0.00	67108862	0.1707
223.69	213.71	4.62	213.66	0.05	0.00	213.66	0.00	0.00	0.00	0.00	0.00	67108862	0.3140
503.01	485.35	10.34	485.30	0.04	0.00	485.30	0.00	0.00	0.01	0.00	0.00	67108862	0.1383
379.05	363.66	4.54	363.62	0.04	0.00	363.62	0.00	0.00	0.00	0.00	0.00	67108862	0.1845
332.42	313.52	10.64	313.47	0.04	0.00	313.47	0.00	0.00	0.00	0.00	0.00	67108862	0.2141
file:/dev/null	benchmark:GRAPH500	vertices:2097152	edges:67108862	partitioning:RANDOM	platform:CPU	alpha:50	repeat:1	gpu_count:1	thread_count:4	thread_sched:GUIDED	thread_bind:false	gpu_graph_mem:DEVICE	gpu_par_randomized:false	sorted:false	edge_sort_key:degree	edge_order:asc	separate_singletons:false	lambda:0402.82	383.84	10.82	383.79	0.04	0.00	383.79	0.00	0.00	0.01	0.00	0.00	67108862	0.1748
262.61	249.22	4.88	249.17	0.05	0.00	249.17	0.00	0.00	0.00	0.00	0.00	67108862	0.2693
323.84	311.40	4.58	311.34	0.05	0.00	311.34	0.00	0.00	0.00	0.00	0.00	67108862	0.2155
437.43	418.29	4.55	418.24	0.05	0.00	418.24	0.00	0.00	0.00	0.00	0.00	67108862	0.1604
367.10	360.21	1.47	360.16	0.04	0.00	360.16	0.00	0.00	0.00	0.00	0.00	67108862	0.1863
367.12	360.27	1.47	360.22	0.05	0.00	360.22	0.00	0.00	0.01	0.00	0.00	67108862	0.1863
461.76	446.47	9.92	446.42	0.04	0.00	446.42	0.00	0.00	0.01	0.00	0.00	67108862	0.1503
356.43	341.57	1.47	341.53	0.04	0.00	341.53	0.00	0.00	0.00	0.00	0.00	67108862	0.1965
384.11	372.45	1.48	372.40	0.04	0.00	372.40	0.00	0.00	0.00	0.00	0.00	67108862	0.1802
444.98	423.78	6.67	423.74	0.04	0.00	423.74	0.00	0.00	0.01	0.00	0.00	67108862	0.1584
444.99	433.80	5.84	433.74	0.05	0.00	433.74	0.00	0.00	0.01	0.00	0.00	67108862	0.1547
475.41	461.88	4.73	461.82	0.05	0.00	461.82	0.00	0.00	0.00	0.00	0.00	67108862	0.1453
619.54	598.76	5.45	598.70	0.05	0.00	598.70	0.00	0.00	0.00	0.00	0.00	67108862	0.1121
579.17	559.83	4.64	559.77	0.05	0.00	559.77	0.00	0.00	0.01	0.00	0.00	67108862	0.1199
486.00	466.62	14.02	466.56	0.05	0.00	466.56	0.00	0.00	0.01	0.00	0.00	67108862	0.1438
332.99	323.57	1.53	323.53	0.04	0.00	323.53	0.00	0.00	0.00	0.00	0.00	67108862	0.2074
	time_init:10457.45	time_par:413.39	rmt_vertex:0	rmt_edge:0	beta:0	pid0:100,100,0,0	
total	exec	init	comp	comm	finalize	cpu_comp	gpu_comp	gpu_total_comp	scatter	gather	aggr	trv_edges	exec_rate
252.96	241.65	1.79	241.60	0.05	0.00	241.60	0.00	0.00	0.01	0.00	0.00	67108862	0.2777
218.27	205.74	4.72	205.69	0.04	0.00	205.69	0.00	0.00	0.00	0.00	0.00	67108862	0.3262
199.43	191.79	2.25	191.75	0.04	0.00	191.75	0.00	0.00	0.00	0.00	0.00	67108862	0.3499
283.02	263.09	11.15	263.03	0.05	0.00	263.03	0.00	0.00	0.01	0.00	0.00	67108862	0.2551
404.20	383.83	4.63	383.78	0.05	0.00	383.78	0.00	0.00	0.00	0.00	0.00	67108862	0.1748
499.31	465.56	24.81	465.49	0.06	0.00	465.49	0.00	0.00	0.00	0.00	0.00	67108862	0.1441
445.27	427.17	12.66	427.11	0.05	0.00	427.11	0.00	0.00	0.00	0.00	0.00	67108862	0.1571
497.37	482.18	5.46	482.10	0.06	0.00	482.10	0.00	0.00	0.01	0.00	0.00	67108862	0.1392
286.96	268.46	2.77	268.41	0.05	0.00	268.41	0.00	0.00	0.01	0.00	0.00	67108862	0.2500
310.67	297.04	4.76	296.98	0.05	0.00	296.98	0.00	0.00	0.00	0.00	0.00	67108862	0.2259
238.24	228.18	4.58	228.12	0.05	0.00	228.12	0.00	0.00	0.01	0.00	0.00	67108862	0.2941
741.24	585.95	140.28	585.85	0.08	0.00	585.85	0.00	0.00	0.01	0.00	0.00	67108862	0.1145
419.36	396.32	14.32	396.25	0.05	0.00	396.25	0.00	0.00	0.01	0.00	0.00	67108862	0.1693
546.91	536.10	5.37	536.04	0.06	0.00	536.04	0.00	0.00	0.01	0.00	0.00	67108862	0.1252
535.59	519.50	10.68	519.44	0.06	0.00	519.44	0.00	0.00	0.00	0.00	0.00	67108862	0.1292
500.74	466.84	28.53	466.79	0.04	0.00	466.79	0.00	0.00	0.01	0.00	0.00	67108862	0.1438
526.56	492.55	25.57	492.48	0.05	0.00	492.48	0.00	0.00	0.00	0.00	0.00	67108862	0.1362
365.77	348.03	4.51	347.96	0.06	0.00	347.96	0.00	0.00	0.01	0.00	0.00	67108862	0.1928
432.76	408.18	10.19	408.11	0.07	0.00	408.11	0.00	0.00	0.01	0.00	0.00	67108862	0.1644
316.12	301.57	6.05	301.51	0.05	0.00	301.51	0.00	0.00	0.00	0.00	0.00	67108862	0.2225
762.62	721.00	32.18	720.91	0.07	0.00	720.91	0.00	0.00	0.00	0.00	0.00	67108862	0.0931
244.06	230.99	4.58	230.94	0.05	0.00	230.94	0.00	0.00	0.00	0.00	0.00	67108862	0.2905
217.05	193.99	17.66	193.95	0.04	0.00	193.95	0.00	0.00	0.00	0.00	0.00	67108862	0.3459
326.64	315.83	1.58	315.77	0.04	0.00	315.77	0.00	0.00	0.01	0.00	0.00	67108862	0.2125
343.81	325.30	4.56	325.22	0.07	0.00	325.22	0.00	0.00	0.01	0.00	0.00	67108862	0.2063
295.90	284.50	6.05	284.44	0.05	0.00	284.44	0.00	0.00	0.01	0.00	0.00	67108862	0.2359
274.85	264.29	1.52	264.24	0.04	0.00	264.24	0.00	0.00	0.00	0.00	0.00	67108862	0.2539
318.81	295.02	17.00	294.97	0.05	0.00	294.97	0.00	0.00	0.00	0.00	0.00	67108862	0.2275
381.45	365.00	10.97	364.95	0.05	0.00	364.95	0.00	0.00	0.00	0.00	0.00	67108862	0.1839
350.15	322.17	19.44	322.10	0.06	0.00	322.10	0.00	0.00	0.01	0.00	0.00	67108862	0.2083
193.33	181.41	5.98	181.37	0.04	0.00	181.37	0.00	0.00	0.00	0.00	0.00	67108862	0.3699
257.29	242.95	4.76	242.90	0.04	0.00	242.90	0.00	0.00	0.01	0.00	0.00	67108862	0.2762
549.24	503.37	29.10	503.30	0.06	0.00	503.30	0.00	0.00	0.01	0.00	0.00	67108862	0.1333
544.02	526.36	7.91	526.29	0.07	0.00	526.29	0.00	0.00	0.01	0.00	0.00	67108862	0.1275
218.44	208.33	4.74	208.28	0.04	0.00	208.28	0.00	0.00	0.01	0.00	0.00	67108862	0.3221
346.10	326.77	4.11	326.29	0.47	0.00	326.29	0.00	0.00	0.01	0.00	0.00	67108862	0.2054
332.99	318.81	4.75	318.75	0.04	0.00	318.75	0.00	0.00	0.00	0.00	0.00	67108862	0.2105
329.46	315.62	4.62	315.56	0.06	0.00	315.56	0.00	0.00	0.01	0.00	0.00	67108862	0.2126
266.55	252.25	8.97	252.20	0.04	0.00	252.20	0.00	0.00	0.00	0.00	0.00	67108862	0.2660
321.49	298.26	4.52	298.21	0.05	0.00	298.21	0.00	0.00	0.01	0.01	0.00	67108862	0.2250
235.58	223.22	4.67	223.17	0.05	0.00	223.17	0.00	0.00	0.00	0.00	0.00	67108862	0.3006
233.60	226.12	2.11	226.08	0.04	0.00	226.08	0.00	0.00	0.00	0.00	0.00	67108862	0.2968
312.01	297.78	4.56	297.71	0.06	0.00	297.71	0.00	0.00	0.00	0.00	0.00	67108862	0.2254
286.25	270.36	5.83	270.30	0.05	0.00	270.30	0.00	0.00	0.01	0.00	0.00	67108862	0.2482
240.63	230.37	4.66	230.31	0.04	0.00	230.31	0.00	0.00	0.00	0.00	0.00	67108862	0.2913
260.01	243.66	4.52	243.60	0.06	0.00	243.60	0.00	0.00	0.00	0.00	0.00	67108862	0.2754
269.38	258.38	4.56	258.32	0.06	0.00	258.32	0.00	0.00	0.00	0.00	0.00	67108862	0.2597
245.88	228.79	11.66	228.74	0.04	0.00	228.74	0.00	0.00	0.01	0.00	0.00	67108862	0.2933
321.99	297.31	14.90	297.24	0.06	0.00	297.24	0.00	0.00	0.00	0.01	0.00	67108862	0.2257
334.16	310.50	14.35	310.44	0.05	0.00	310.44	0.00	0.00	0.01	0.00	0.00	67108862	0.2161
406.73	381.57	8.41	381.48	0.07	0.00	381.48	0.00	0.00	0.01	0.00	0.00	67108862	0.1759
268.30	252.77	7.84	252.71	0.05	0.00	252.71	0.00	0.00	0.00	0.00	0.00	67108862	0.2655
242.61	225.65	4.95	225.60	0.04	0.00	225.60	0.00	0.00	0.01	0.00	0.00	67108862	0.2974
198.46	187.14	4.52	187.09	0.05	0.00	187.09	0.00	0.00	0.00	0.00	0.00	67108862	0.3586
432.54	410.88	11.19	410.83	0.04	0.00	410.83	0.00	0.00	0.01	0.00	0.00	67108862	0.1633
427.70	410.89	7.60	410.83	0.04	0.00	410.83	0.00	0.00	0.00	0.00	0.00	67108862	0.1633
454.13	425.86	12.58	425.79	0.06	0.00	425.79	0.00	0.00	0.01	0.00	0.00	67108862	0.1576
381.06	367.39	6.15	367.32	0.06	0.00	367.32	0.00	0.00	0.00	0.00	0.00	67108862	0.1827
220.09	210.03	4.52	209.98	0.04	0.00	209.98	0.00	0.00	0.01	0.00	0.00	67108862	0.3195
282.71	270.47	2.48	270.40	0.06	0.00	270.40	0.00	0.00	0.01	0.00	0.00	67108862	0.2481
307.00	288.11	9.27	288.05	0.06	0.00	288.05	0.00	0.00	0.00	0.00	0.00	67108862	0.2329
291.88	280.67	5.77	280.62	0.04	0.00	280.62	0.00	0.00	0.01	0.00	0.00	67108862	0.2391
294.22	283.70	5.13	283.66	0.04	0.00	283.66	0.00	0.00	0.01	0.00	0.00	67108862	0.2365
314.59	295.43	10.90	295.37	0.05	0.00	295.37	0.00	0.00	0.01	0.00	0.00	67108862	0.2272
194.26	185.72	3.06	185.67	0.05	0.00	185.67	0.00	0.00	0.00	0.00	0.00	67108862	0.3613
257.83	245.10	4.76	245.01	0.08	0.00	245.01	0.00	0.00	0.00	0.00	0.00	67108862	0.2738
212.12	204.99	1.70	204.95	0.04	0.00	204.95	0.00	0.00	0.01	0.00	0.00	67108862	0.3274
338.02	320.86	10.16	320.81	0.04	0.00	320.81	0.00	0.00	0.01	0.00	0.00	67108862	0.2092
195.13	188.23	1.51	188.19	0.04	0.00	188.19	0.00	0.00	0.01	0.00	0.00	67108862	0.3565
204.22	195.03	1.66	194.99	0.03	0.00	194.99	0.00	0.00	0.00	0.00	0.00	67108862	0.3441
271.91	228.28	38.27	228.23	0.04	0.00	228.23	0.00	0.00	0.00	0.00	0.00	67108862	0.2940
251.71	231.66	13.26	231.60	0.05	0.00	231.60	0.00	0.00	0.00	0.00	0.00	67108862	0.2897
246.48	234.53	4.54	234.48	0.04	0.00	234.48	0.00	0.00	0.00	0.00	0.00	67108862	0.2861
282.25	274.04	1.61	273.98	0.04	0.00	273.98	0.00	0.00	0.00	0.00	0.00	67108862	0.2449
204.17	197.15	1.51	197.10	0.04	0.00	197.10	0.00	0.00	0.00	0.00	0.00	67108862	0.3404
225.78	218.87	1.51	218.82	0.04	0.00	218.82	0.00	0.00	0.00	0.00	0.00	67108862	0.3066
207.20	199.83	1.52	199.77	0.05	0.00	199.77	0.00	0.00	0.00	0.00	0.00	67108862	0.3358
196.39	189.51	1.53	189.45	0.05	0.00	189.45	0.00	0.00	0.00	0.00	0.00	67108862	0.3541
248.65	238.74	4.56	238.69	0.05	0.00	238.69	0.00	0.00	0.00	0.00	0.00	67108862	0.2811
226.51	218.04	1.51	218.00	0.04	0.00	218.00	0.00	0.00	0.00	0.00	0.00	67108862	0.3078
210.60	200.52	4.52	200.46	0.05	0.00	200.46	0.00	0.00	0.00	0.00	0.00	67108862	0.3347
268.79	261.77	1.51	261.71	0.05	0.00	261.71	0.00	0.00	0.00	0.00	0.00	67108862	0.2564
196.95	189.93	1.61	189.89	0.03	0.00	189.89	0.00	0.00	0.01	0.00	0.00	67108862	0.3533
204.06	196.21	1.80	196.17	0.04	0.00	196.17	0.00	0.00	0.01	0.00	0.00	67108862	0.3420
327.28	314.52	4.20	314.47	0.04	0.00	314.47	0.00	0.00	0.00	0.00	0.00	67108862	0.2134
195.54	186.89	2.93	186.85	0.03	0.00	186.85	0.00	0.00	0.00	0.00	0.00	67108862	0.3591
227.69	218.48	3.35	218.43	0.03	0.00	218.43	0.00	0.00	0.00	0.00	0.00	67108862	0.3072
216.62	208.01	3.21	207.97	0.04	0.00	207.97	0.00	0.00	0.01	0.00	0.00	67108862	0.3226
210.14	201.57	3.20	201.52	0.04	0.00	201.52	0.00	0.00	0.01	0.00	0.00	67108862	0.3329
227.77	215.26	4.57	215.21	0.04	0.00	215.21	0.00	0.00	0.01	0.00	0.00	67108862	0.3118
247.29	240.24	1.55	240.19	0.05	0.00	240.19	0.00	0.00	0.01	0.00	0.00	67108862	0.2793
193.12	185.89	1.88	185.85	0.04	0.00	185.85	0.00	0.00	0.00	0.00	0.00	67108862	0.3610
191.13	184.28	1.51	184.23	0.05	0.00	184.23	0.00	0.00	0.00	0.00	0.00	67108862	0.3642
282.51	266.42	10.65	266.38	0.03	0.00	266.38	0.00	0.00	0.00	0.00	0.00	67108862	0.2519
257.50	241.45	10.69	241.41	0.03	0.00	241.41	0.00	0.00	0.00	0.00	0.00	67108862	0.2779
336.36	320.77	10.06	320.73	0.04	0.00	320.73	0.00	0.00	0.00	0.00	0.00	67108862	0.2092
311.13	295.00	9.81	294.95	0.05	0.00	294.95	0.00	0.00	0.00	0.00	0.00	67108862	0.2275
231.81	220.48	4.44	220.43	0.05	0.00	220.43	0.00	0.00	0.00	0.00	0.00	67108862	0.3044
203.50	193.48	4.23	193.42	0.04	0.00	193.42	0.00	0.00	0.00	0.00	0.00	67108862	0.3469
196.24	186.22	4.20	186.18	0.03	0.00	186.18	0.00	0.00	0.01	0.00	0.00	67108862	0.3604
256.98	246.80	4.54	246.75	0.04	0.00	246.75	0.00	0.00	0.01	0.00	0.00	67108862	0.2719
239.74	232.76	1.62	232.72	0.03	0.00	232.72	0.00	0.00	0.01	0.00	0.00	67108862	0.2883
272.90	250.76	16.52	250.70	0.05	0.00	250.70	0.00	0.00	0.00	0.00	0.00	67108862	0.2676
229.74	222.31	1.57	222.26	0.03	0.00	222.26	0.00	0.00	0.01	0.00	0.00	67108862	0.3019
211.46	204.06	1.52	204.01	0.04	0.00	204.01	0.00	0.00	0.00	0.00	0.00	67108862	0.3289
294.58	280.07	7.99	279.59	0.05	0.00	279.59	0.00	0.00	0.01	0.00	0.00	67108862	0.2396
215.57	205.09	4.59	205.04	0.04	0.00	205.04	0.00	0.00	0.00	0.00	0.00	67108862	0.3272
205.29	198.09	1.52	198.05	0.04	0.00	198.05	0.00	0.00	0.00	0.00	0.00	67108862	0.3388
236.25	227.96	1.51	227.91	0.04	0.00	227.91	0.00	0.00	0.00	0.00	0.00	67108862	0.2944
212.28	202.27	4.61	202.21	0.05	0.00	202.21	0.00	0.00	0.00	0.00	0.00	67108862	0.3318
202.47	191.79	4.51	191.73	0.06	0.00	191.73	0.00	0.00	0.01	0.00	0.00	67108862	0.3499
800.56	653.93	140.26	653.81	0.10	0.00	653.81	0.00	0.00	0.01	0.00	0.00	67108862	0.1026
197.70	189.52	2.79	189.45	0.05	0.00	189.45	0.00	0.00	0.01	0.00	0.00	67108862	0.3541
336.46	318.22	9.81	318.17	0.04	0.00	318.17	0.00	0.00	0.01	0.00	0.00	67108862	0.2109
225.56	214.42	4.55	214.37	0.03	0.00	214.37	0.00	0.00	0.01	0.00	0.00	67108862	0.3130
195.23	184.66	4.85	184.61	0.04	0.00	184.61	0.00	0.00	0.00	0.00	0.00	67108862	0.3634
282.92	271.08	5.93	271.03	0.04	0.00	271.03	0.00	0.00	0.00	0.00	0.00	67108862	0.2476
397.74	372.27	10.16	372.21	0.05	0.00	372.21	0.00	0.00	0.00	0.00	0.00	67108862	0.1803
603.71	582.90	8.55	582.82	0.07	0.00	582.82	0.00	0.00	0.01	0.00	0.00	67108862	0.1151
684.68	647.83	20.23	647.75	0.07	0.00	647.75	0.00	0.00	0.01	0.02	0.00	67108862	0.1036
608.42	589.63	4.63	589.54	0.08	0.00	589.54	0.00	0.00	0.01	0.00	0.00	67108862	0.1138
553.24	532.66	7.86	532.58	0.06	0.00	532.58	0.00	0.00	0.01	0.00	0.00	67108862	0.1260
452.13	435.75	8.60	435.67	0.07	0.00	435.67	0.00	0.00	0.01	0.00	0.00	67108862	0.1540
334.80	324.76	4.62	324.70	0.06	0.00	324.70	0.00	0.00	0.01	0.00	0.00	67108862	0.2066
224.91	212.96	4.59	212.91	0.05	0.00	212.91	0.00	0.00	0.01	0.00	0.00	67108862	0.3151
493.85	469.68	10.94	469.61	0.06	0.00	469.61	0.00	0.00	0.01	0.00	0.00	67108862	0.1429
588.70	571.18	8.60	571.10	0.06	0.00	571.10	0.00	0.00	0.01	0.00	0.00	67108862	0.1175
585.10	565.23	5.07	565.17	0.05	0.00	565.17	0.00	0.00	0.00	0.00	0.00	67108862	0.1187
SCALE: 21
nvtx: 2097152
edgefactor: 16
terasize: 5.36870911999999989e-04
A: 5.69999999999999951e-01
B: 1.90000000000000002e-01
C: 1.90000000000000002e-01
D: 5.00000000000000444e-02
generation_time: 0.00000000000000000e+00
construction_time: 3.55200919079999977e+01
nbfs: 100
min_time: 1.91659000158309945e-01
firstquartile_time: 2.73983749836683277e-01
median_time: 3.58357500076293967e-01
thirdquartile_time: 4.87701500028371815e-01
max_time: 9.65087999820709252e-01
mean_time: 3.79081789994239693e-01
stddev_time: 1.35814313351372590e-01
min_nedge: 3.35540490000000000e+07
firstquartile_nedge: 3.35540490000000000e+07
median_nedge: 3.35540490000000000e+07
thirdquartile_nedge: 3.35540490000000000e+07
max_nedge: 3.35540490000000000e+07
mean_nedge: 3.35540490000000000e+07
stddev_nedge: 0.00000000000000000e+00
min_TEPS: 3.47678646985907555e+07
firstquartile_TEPS: 6.91506583627342731e+07
median_TEPS: 9.64947897569806576e+07
thirdquartile_TEPS: 1.28242587236981377e+08
max_TEPS: 1.75071606197905779e+08
harmonic_mean_TEPS: 8.85140090757454634e+07
harmonic_stddev_TEPS: 3.18718324786485871e+06
SCALE: 21
nvtx: 2097152
edgefactor: 16
terasize: 5.36870911999999989e-04
A: 5.69999999999999951e-01
B: 1.90000000000000002e-01
C: 1.90000000000000002e-01
D: 5.00000000000000444e-02
generation_time: 0.00000000000000000e+00
construction_time: 2.80760339929999994e+01
nbfs: 100
min_time: 1.85795000195503240e-01
firstquartile_time: 2.11332499980926514e-01
median_time: 2.51740000069141379e-01
thirdquartile_time: 3.30866499960422500e-01
max_time: 7.94186999917030345e-01
mean_time: 3.01443189994096972e-01
stddev_time: 1.30947594685213081e-01
min_nedge: 3.35540490000000000e+07
firstquartile_nedge: 3.35540490000000000e+07
median_nedge: 3.35540490000000000e+07
thirdquartile_nedge: 3.35540490000000000e+07
max_nedge: 3.35540490000000000e+07
mean_nedge: 3.35540490000000000e+07
stddev_nedge: 0.00000000000000000e+00
min_TEPS: 4.22495570986498520e+07
firstquartile_TEPS: 1.01973744780619428e+08
median_TEPS: 1.34745909028985202e+08
thirdquartile_TEPS: 1.61647287595247626e+08
max_TEPS: 1.80597157968151301e+08
harmonic_mean_TEPS: 1.11311351902350515e+08
harmonic_stddev_TEPS: 4.85974977755968180e+06
