[BASH] Running the CPU only (default) graph500 for scale 15 with sorted edges
file:/dev/null	benchmark:GRAPH500	vertices:32768	edges:1048574	partitioning:RANDOM	platform:CPU	alpha:50	repeat:1	gpu_count:1	thread_count:4	thread_sched:GUIDED	thread_bind:false	gpu_graph_mem:DEVICE	gpu_par_randomized:false	sorted:false	edge_sort_key:degree	edge_order:asc	separate_singletons:false	lambda:0	time_init:195.67	time_par:6.61	rmt_vertex:0	rmt_edge:0	beta:0	pid0:100,100,0,0	
total	exec	init	comp	comm	finalize	cpu_comp	gpu_comp	gpu_total_comp	scatter	gather	aggr	trv_edges	exec_rate
14.33	14.17	0.03	14.13	0.03	0.00	14.13	0.00	0.00	0.00	0.00	0.00	1048574	0.0740
3.04	2.82	0.15	2.79	0.03	0.00	2.79	0.00	0.00	0.00	0.00	0.00	1048574	0.3714
6.68	6.53	0.06	6.50	0.03	0.00	6.50	0.00	0.00	0.01	0.00	0.00	1048574	0.1605
8.94	8.74	0.13	8.71	0.02	0.00	8.71	0.00	0.00	0.01	0.00	0.00	1048574	0.1200
2.83	2.62	0.14	2.59	0.03	0.00	2.59	0.00	0.00	0.00	0.00	0.00	1048574	0.4001
11.58	11.24	0.27	11.21	0.03	0.00	11.21	0.00	0.00	0.00	0.00	0.00	1048574	0.0933
2.90	2.72	0.12	2.69	0.02	0.00	2.69	0.00	0.00	0.00	0.00	0.00	1048574	0.3858
3.29	3.17	0.05	3.14	0.02	0.00	3.14	0.00	0.00	0.00	0.00	0.00	1048574	0.3309
2.91	2.72	0.12	2.69	0.03	0.00	2.69	0.00	0.00	0.00	0.00	0.00	1048574	0.3852
2.91	2.73	0.11	2.69	0.03	0.00	2.69	0.00	0.00	0.00	0.00	0.00	1048574	0.3848
18.76	18.58	0.11	18.54	0.03	0.00	18.54	0.00	0.00	0.00	0.00	0.00	1048574	0.0564
12.82	12.60	0.13	12.57	0.03	0.00	12.57	0.00	0.00	0.00	0.00	0.00	1048574	0.0832
3.14	2.95	0.12	2.91	0.03	0.00	2.91	0.00	0.00	0.00	0.00	0.00	1048574	0.3554
3.36	3.17	0.12	3.13	0.03	0.00	3.13	0.00	0.00	0.00	0.00	0.00	1048574	0.3311
13.09	12.90	0.12	12.86	0.03	0.00	12.86	0.00	0.00	0.00	0.00	0.00	1048574	0.0813
3.25	3.06	0.13	3.02	0.03	0.00	3.02	0.00	0.00	0.00	0.00	0.00	1048574	0.3431
2.67	2.46	0.14	2.43	0.03	0.00	2.43	0.00	0.00	0.00	0.00	0.00	1048574	0.4256
3.11	2.91	0.12	2.88	0.03	0.00	2.88	0.00	0.00	0.00	0.00	0.00	1048574	0.3597
38.16	25.60	11.54	25.54	0.05	0.00	25.54	0.00	0.00	0.00	0.00	0.00	1048574	0.0410
18.02	16.11	1.83	16.07	0.03	0.00	16.07	0.00	0.00	0.00	0.00	0.00	1048574	0.0651
2.81	2.62	0.13	2.58	0.03	0.00	2.58	0.00	0.00	0.00	0.00	0.00	1048574	0.4005
28.84	26.07	1.83	26.01	0.05	0.00	26.01	0.00	0.00	0.01	0.00	0.00	1048574	0.0402
23.66	21.70	1.41	21.65	0.04	0.00	21.65	0.00	0.00	0.00	0.00	0.00	1048574	0.0483
4.75	2.91	1.77	2.88	0.03	0.00	2.88	0.00	0.00	0.01	0.00	0.00	1048574	0.3600
16.08	2.40	13.60	2.37	0.03	0.00	2.37	0.00	0.00	0.00	0.00	0.00	1048574	0.4365
2.70	2.51	0.12	2.48	0.03	0.00	2.48	0.00	0.00	0.00	0.00	0.00	1048574	0.4174
12.78	12.48	0.20	12.44	0.03	0.00	12.44	0.00	0.00	0.00	0.00	0.00	1048574	0.0840
2.84	2.65	0.13	2.62	0.02	0.00	2.62	0.00	0.00	0.00	0.00	0.00	1048574	0.3955
2.61	2.42	0.13	2.39	0.03	0.00	2.39	0.00	0.00	0.00	0.00	0.00	1048574	0.4335
13.14	13.01	0.05	12.98	0.03	0.00	12.98	0.00	0.00	0.00	0.00	0.00	1048574	0.0806
3.29	3.16	0.06	3.13	0.03	0.00	3.13	0.00	0.00	0.00	0.00	0.00	1048574	0.3321
17.35	17.18	0.06	17.14	0.03	0.00	17.14	0.00	0.00	0.00	0.00	0.00	1048574	0.0610
2.58	2.45	0.06	2.42	0.03	0.00	2.42	0.00	0.00	0.00	0.00	0.00	1048574	0.4276
3.18	3.06	0.06	3.02	0.03	0.00	3.02	0.00	0.00	0.00	0.00	0.00	1048574	0.3430
3.29	3.16	0.06	3.13	0.03	0.00	3.13	0.00	0.00	0.00	0.00	0.00	1048574	0.3316
3.38	3.25	0.06	3.22	0.03	0.00	3.22	0.00	0.00	0.00	0.00	0.00	1048574	0.3227
10.34	3.18	7.09	3.15	0.03	0.00	3.15	0.00	0.00	0.00	0.00	0.00	1048574	0.3295
2.89	2.76	0.06	2.73	0.03	0.00	2.73	0.00	0.00	0.01	0.00	0.00	1048574	0.3798
12.44	12.31	0.06	12.28	0.03	0.00	12.28	0.00	0.00	0.00	0.00	0.00	1048574	0.0852
2.70	2.57	0.07	2.54	0.03	0.00	2.54	0.00	0.00	0.01	0.00	0.00	1048574	0.4080
31.01	28.16	1.84	28.10	0.05	0.00	28.10	0.00	0.00	0.01	0.00	0.00	1048574	0.0372
29.37	26.53	1.83	26.47	0.05	0.00	26.47	0.00	0.00	0.00	0.00	0.00	1048574	0.0395
15.29	13.39	1.83	13.35	0.04	0.00	13.35	0.00	0.00	0.01	0.00	0.00	1048574	0.0783
3.30	3.17	0.06	3.14	0.03	0.00	3.14	0.00	0.00	0.00	0.00	0.00	1048574	0.3308
35.72	29.63	4.36	29.57	0.05	0.00	29.57	0.00	0.00	0.00	0.00	0.02	1048574	0.0354
18.46	15.59	2.28	15.53	0.05	0.00	15.53	0.00	0.00	0.00	0.00	0.00	1048574	0.0673
40.22	37.78	1.46	37.73	0.04	0.00	37.73	0.00	0.00	0.00	0.00	0.00	1048574	0.0278
35.20	26.29	1.43	26.23	0.05	0.00	26.23	0.00	0.00	0.01	0.00	0.00	1048574	0.0399
33.40	30.52	1.85	30.47	0.05	0.00	30.47	0.00	0.00	0.01	0.00	0.00	1048574	0.0344
29.55	26.67	1.85	26.62	0.05	0.00	26.62	0.00	0.00	0.01	0.01	0.00	1048574	0.0393
27.50	24.65	1.83	24.58	0.07	0.00	24.58	0.00	0.00	0.02	0.00	0.00	1048574	0.0425
32.74	23.63	7.17	23.57	0.06	0.00	23.57	0.00	0.00	0.01	0.00	0.00	1048574	0.0444
23.42	18.84	3.56	18.77	0.06	0.00	18.77	0.00	0.00	0.01	0.01	0.00	1048574	0.0557
18.72	15.84	1.87	15.78	0.06	0.00	15.78	0.00	0.00	0.00	0.00	0.00	1048574	0.0662
21.15	17.81	1.85	17.75	0.05	0.00	17.75	0.00	0.00	0.01	0.00	0.00	1048574	0.0589
15.28	13.40	1.80	13.37	0.03	0.00	13.37	0.00	0.00	0.00	0.00	0.00	1048574	0.0782
43.62	40.34	1.78	40.28	0.05	0.00	40.28	0.00	0.00	0.01	0.00	0.00	1048574	0.0260
27.91	24.66	3.17	24.60	0.05	0.00	24.60	0.00	0.00	0.01	0.00	0.00	1048574	0.0425
3.28	3.16	0.06	3.13	0.02	0.00	3.13	0.00	0.00	0.00	0.00	0.00	1048574	0.3322
9.45	2.43	6.95	2.40	0.03	0.00	2.40	0.00	0.00	0.00	0.00	0.00	1048574	0.4312
2.77	2.64	0.06	2.61	0.03	0.00	2.61	0.00	0.00	0.00	0.00	0.00	1048574	0.3976
3.34	3.21	0.05	3.18	0.03	0.00	3.18	0.00	0.00	0.00	0.00	0.00	1048574	0.3265
7.44	3.70	3.67	3.67	0.03	0.00	3.67	0.00	0.00	0.00	0.00	0.00	1048574	0.2834
13.50	12.99	0.39	12.95	0.03	0.00	12.95	0.00	0.00	0.01	0.00	0.00	1048574	0.0807
3.30	3.17	0.06	3.14	0.03	0.00	3.14	0.00	0.00	0.00	0.00	0.00	1048574	0.3304
3.29	3.16	0.06	3.13	0.03	0.00	3.13	0.00	0.00	0.00	0.00	0.00	1048574	0.3319
14.50	14.34	0.06	14.30	0.03	0.00	14.30	0.00	0.00	0.00	0.00	0.00	1048574	0.0731
2.62	2.50	0.06	2.47	0.02	0.00	2.47	0.00	0.00	0.00	0.00	0.00	1048574	0.4198
3.26	3.13	0.06	3.10	0.03	0.00	3.10	0.00	0.00	0.00	0.00	0.00	1048574	0.3351
3.36	3.22	0.08	3.18	0.03	0.00	3.18	0.00	0.00	0.00	0.00	0.00	1048574	0.3259
3.07	2.94	0.06	2.91	0.02	0.00	2.91	0.00	0.00	0.00	0.00	0.00	1048574	0.3570
3.07	2.94	0.06	2.91	0.03	0.00	2.91	0.00	0.00	0.00	0.00	0.00	1048574	0.3565
13.96	13.83	0.06	13.79	0.03	0.00	13.79	0.00	0.00	0.00	0.00	0.00	1048574	0.0758
2.71	2.60	0.06	2.57	0.03	0.00	2.57	0.00	0.00	0.00	0.00	0.00	1048574	0.4036
3.06	2.93	0.06	2.89	0.03	0.00	2.89	0.00	0.00	0.00	0.00	0.00	1048574	0.3580
3.35	3.22	0.06	3.18	0.03	0.00	3.18	0.00	0.00	0.00	0.00	0.00	1048574	0.3260
2.78	2.64	0.06	2.61	0.03	0.00	2.61	0.00	0.00	0.00	0.00	0.00	1048574	0.3969
3.48	3.35	0.06	3.32	0.03	0.00	3.32	0.00	0.00	0.00	0.00	0.00	1048574	0.3131
21.40	18.57	1.80	18.50	0.06	0.00	18.50	0.00	0.00	0.01	0.01	0.00	1048574	0.0565
17.90	15.14	1.76	15.09	0.05	0.00	15.09	0.00	0.00	0.01	0.00	0.00	1048574	0.0692
24.81	20.86	1.80	20.81	0.04	0.00	20.81	0.00	0.00	0.01	0.00	0.00	1048574	0.0503
37.36	25.58	8.11	25.52	0.05	0.00	25.52	0.00	0.00	0.01	0.00	0.00	1048574	0.0410
46.79	38.65	4.46	38.59	0.05	0.00	38.59	0.00	0.00	0.01	0.00	0.00	1048574	0.0271
52.17	44.88	4.47	44.80	0.06	0.00	44.80	0.00	0.00	0.01	0.00	0.00	1048574	0.0234
26.71	21.64	4.05	21.58	0.05	0.00	21.58	0.00	0.00	0.01	0.00	0.00	1048574	0.0484
21.05	17.93	2.11	17.86	0.05	0.02	17.86	0.00	0.00	0.01	0.00	0.00	1048574	0.0585
19.17	16.33	1.83	15.41	0.91	0.00	15.41	0.00	0.00	0.00	0.00	0.00	1048574	0.0642
20.85	17.71	1.41	17.64	0.06	0.00	17.64	0.00	0.00	0.01	0.01	0.00	1048574	0.0592
14.09	11.43	2.60	11.39	0.03	0.00	11.39	0.00	0.00	0.00	0.00	0.00	1048574	0.0918
39.63	36.83	1.78	36.77	0.05	0.00	36.77	0.00	0.00	0.01	0.00	0.00	1048574	0.0285
12.59	10.97	1.54	10.93	0.03	0.00	10.93	0.00	0.00	0.00	0.00	0.00	1048574	0.0956
2.57	2.43	0.06	2.40	0.02	0.00	2.40	0.00	0.00	0.01	0.00	0.00	1048574	0.4319
2.91	2.72	0.13	2.69	0.02	0.00	2.69	0.00	0.00	0.00	0.00	0.00	1048574	0.3859
6.04	2.91	3.06	2.88	0.03	0.00	2.88	0.00	0.00	0.00	0.00	0.00	1048574	0.3608
11.41	3.15	8.18	3.13	0.02	0.00	3.13	0.00	0.00	0.00	0.00	0.00	1048574	0.3324
2.74	2.56	0.12	2.52	0.02	0.00	2.52	0.00	0.00	0.00	0.00	0.00	1048574	0.4104
12.49	12.24	0.18	12.20	0.03	0.00	12.20	0.00	0.00	0.00	0.00	0.00	1048574	0.0857
2.72	2.52	0.13	2.49	0.03	0.00	2.49	0.00	0.00	0.00	0.00	0.00	1048574	0.4156
2.99	2.76	0.17	2.73	0.03	0.00	2.73	0.00	0.00	0.00	0.00	0.00	1048574	0.3794
12.30	12.17	0.06	12.14	0.03	0.00	12.14	0.00	0.00	0.00	0.00	0.00	1048574	0.0861
SCALE: 15
nvtx: 32768
edgefactor: 16
terasize: 8.38860799999999983e-06
A: 5.69999999999999951e-01
B: 1.90000000000000002e-01
C: 1.90000000000000002e-01
D: 5.00000000000000444e-02
generation_time: 0.00000000000000000e+00
construction_time: 3.48039666999999997e-01
nbfs: 100
min_time: 2.48899996280670154e-03
firstquartile_time: 3.04799994826316810e-03
median_time: 1.14214999079704296e-02
thirdquartile_time: 1.95225000679492937e-02
max_time: 4.93490002155303961e-02
mean_time: 1.29481200039386762e-02
stddev_time: 1.17088955453668164e-02
min_nedge: 5.24282000000000000e+05
firstquartile_nedge: 5.24282000000000000e+05
median_nedge: 5.24282000000000000e+05
thirdquartile_nedge: 5.24282000000000000e+05
max_nedge: 5.24282000000000000e+05
mean_nedge: 5.24282000000000000e+05
stddev_nedge: 0.00000000000000000e+00
min_TEPS: 1.06239639650289342e+07
firstquartile_TEPS: 2.82566066506250948e+07
median_TEPS: 5.34826597664928511e+07
thirdquartile_TEPS: 1.74848218975690722e+08
max_TEPS: 2.10639617450535208e+08
harmonic_mean_TEPS: 4.04909747392300516e+07
harmonic_stddev_TEPS: 3.68001721457363851e+06
