[BASH] Running the CPU only (default) graph500 for scale 15
file:(null)	benchmark:GRAPH500	vertices:32768	edges:1048574	partitioning:RANDOM	platform:CPU	alpha:50	repeat:1	gpu_count:1	thread_count:1	thread_sched:GUIDED	thread_bind:false	gpu_graph_mem:DEVICE	gpu_par_randomized:false	sorted:false	edge_sort_key:id	edge_order:asc	separate_singletons:false	lambda:0	time_init:133.99	time_par:2.92	rmt_vertex:0	rmt_edge:0	beta:0	pid0:100,100,0,0	
total	exec	init	comp	comm	finalize	cpu_comp	gpu_comp	gpu_total_comp	scatter	gather	aggr	trv_edges	exec_rate
6.25	5.98	0.11	5.94	0.03	0.00	5.94	0.00	0.00	0.01	0.00	0.00	1048574	0.1755
5.43	5.14	0.12	5.11	0.03	0.00	5.11	0.00	0.00	0.01	0.00	0.00	1048574	0.2038
4.75	4.49	0.11	4.45	0.03	0.00	4.45	0.00	0.00	0.00	0.00	0.00	1048574	0.2337
5.04	4.80	0.11	4.65	0.14	0.00	4.65	0.00	0.00	0.00	0.00	0.00	1048574	0.2184
4.59	4.35	0.09	4.32	0.03	0.00	4.32	0.00	0.00	0.00	0.00	0.00	1048574	0.2409
4.96	4.73	0.09	4.69	0.03	0.00	4.69	0.00	0.00	0.00	0.00	0.00	1048574	0.2218
4.66	4.42	0.09	4.39	0.03	0.00	4.39	0.00	0.00	0.00	0.00	0.00	1048574	0.2371
5.39	5.15	0.09	5.12	0.02	0.00	5.12	0.00	0.00	0.00	0.00	0.00	1048574	0.2035
4.66	4.43	0.09	4.40	0.03	0.00	4.40	0.00	0.00	0.00	0.00	0.00	1048574	0.2367
4.70	4.47	0.09	4.44	0.03	0.00	4.44	0.00	0.00	0.00	0.00	0.00	1048574	0.2344
5.42	5.19	0.09	5.16	0.02	0.00	5.16	0.00	0.00	0.00	0.00	0.00	1048574	0.2020
4.83	4.60	0.09	4.57	0.03	0.00	4.57	0.00	0.00	0.00	0.00	0.00	1048574	0.2279
4.73	4.50	0.09	4.46	0.03	0.00	4.46	0.00	0.00	0.00	0.00	0.00	1048574	0.2332
5.40	5.17	0.09	5.13	0.02	0.00	5.13	0.00	0.00	0.00	0.00	0.00	1048574	0.2029
5.15	4.91	0.09	4.88	0.02	0.00	4.88	0.00	0.00	0.00	0.00	0.00	1048574	0.2134
5.01	4.78	0.09	4.75	0.03	0.00	4.75	0.00	0.00	0.01	0.00	0.00	1048574	0.2195
4.46	4.23	0.09	4.20	0.03	0.00	4.20	0.00	0.00	0.01	0.00	0.00	1048574	0.2479
4.29	4.06	0.09	4.03	0.03	0.00	4.03	0.00	0.00	0.00	0.00	0.00	1048574	0.2580
5.24	5.01	0.09	4.98	0.03	0.00	4.98	0.00	0.00	0.00	0.00	0.00	1048574	0.2091
4.33	4.10	0.09	4.07	0.03	0.00	4.07	0.00	0.00	0.00	0.00	0.00	1048574	0.2557
4.49	4.25	0.09	4.22	0.03	0.00	4.22	0.00	0.00	0.01	0.00	0.00	1048574	0.2468
5.44	5.21	0.09	5.17	0.03	0.00	5.17	0.00	0.00	0.00	0.00	0.00	1048574	0.2013
5.55	5.32	0.10	5.29	0.02	0.00	5.29	0.00	0.00	0.00	0.00	0.00	1048574	0.1970
4.34	4.11	0.09	4.07	0.03	0.00	4.07	0.00	0.00	0.00	0.00	0.00	1048574	0.2553
4.45	4.21	0.09	4.18	0.03	0.00	4.18	0.00	0.00	0.00	0.00	0.00	1048574	0.2488
4.53	4.30	0.09	4.26	0.03	0.00	4.26	0.00	0.00	0.00	0.00	0.00	1048574	0.2441
4.29	4.06	0.10	4.03	0.03	0.00	4.03	0.00	0.00	0.00	0.00	0.00	1048574	0.2582
4.66	4.42	0.10	4.38	0.03	0.00	4.38	0.00	0.00	0.00	0.00	0.00	1048574	0.2374
4.34	4.10	0.09	4.07	0.02	0.00	4.07	0.00	0.00	0.00	0.00	0.00	1048574	0.2557
5.43	5.20	0.09	5.17	0.03	0.00	5.17	0.00	0.00	0.00	0.00	0.00	1048574	0.2016
5.55	5.31	0.11	5.27	0.02	0.00	5.27	0.00	0.00	0.00	0.00	0.00	1048574	0.1976
5.68	5.46	0.09	5.42	0.03	0.00	5.42	0.00	0.00	0.00	0.00	0.00	1048574	0.1922
4.33	4.11	0.09	4.07	0.03	0.00	4.07	0.00	0.00	0.00	0.00	0.00	1048574	0.2554
4.85	4.62	0.09	4.59	0.03	0.00	4.59	0.00	0.00	0.00	0.00	0.00	1048574	0.2269
5.18	4.95	0.10	4.92	0.03	0.00	4.92	0.00	0.00	0.00	0.00	0.00	1048574	0.2117
4.34	4.11	0.09	4.08	0.02	0.00	4.08	0.00	0.00	0.00	0.00	0.00	1048574	0.2553
5.59	5.37	0.09	5.33	0.03	0.00	5.33	0.00	0.00	0.00	0.00	0.00	1048574	0.1954
4.66	4.42	0.09	4.39	0.03	0.00	4.39	0.00	0.00	0.00	0.00	0.00	1048574	0.2370
4.50	4.27	0.09	4.23	0.03	0.00	4.23	0.00	0.00	0.00	0.00	0.00	1048574	0.2457
4.55	4.33	0.09	4.29	0.03	0.00	4.29	0.00	0.00	0.00	0.00	0.00	1048574	0.2423
4.96	4.73	0.09	4.70	0.02	0.00	4.70	0.00	0.00	0.00	0.00	0.00	1048574	0.2218
6.14	5.91	0.09	5.88	0.03	0.00	5.88	0.00	0.00	0.00	0.00	0.00	1048574	0.1774
4.37	4.14	0.09	4.11	0.03	0.00	4.11	0.00	0.00	0.00	0.00	0.00	1048574	0.2535
5.13	4.90	0.09	4.87	0.03	0.00	4.87	0.00	0.00	0.00	0.00	0.00	1048574	0.2140
5.18	4.95	0.09	4.92	0.03	0.00	4.92	0.00	0.00	0.00	0.00	0.00	1048574	0.2119
4.19	3.96	0.09	3.93	0.03	0.00	3.93	0.00	0.00	0.00	0.00	0.00	1048574	0.2647
4.50	4.27	0.09	4.23	0.03	0.00	4.23	0.00	0.00	0.00	0.00	0.00	1048574	0.2458
5.47	5.24	0.09	5.21	0.02	0.00	5.21	0.00	0.00	0.00	0.00	0.00	1048574	0.2002
5.38	5.15	0.09	5.12	0.03	0.00	5.12	0.00	0.00	0.00	0.00	0.00	1048574	0.2036
5.26	4.96	0.10	4.93	0.03	0.00	4.93	0.00	0.00	0.00	0.00	0.00	1048574	0.2113
4.63	4.40	0.09	4.37	0.03	0.00	4.37	0.00	0.00	0.00	0.00	0.00	1048574	0.2381
4.34	4.11	0.10	4.07	0.03	0.00	4.07	0.00	0.00	0.00	0.00	0.00	1048574	0.2551
5.25	5.01	0.09	4.98	0.03	0.00	4.98	0.00	0.00	0.00	0.00	0.00	1048574	0.2093
5.22	4.99	0.09	4.96	0.02	0.00	4.96	0.00	0.00	0.00	0.00	0.00	1048574	0.2103
5.06	4.83	0.09	4.79	0.03	0.00	4.79	0.00	0.00	0.00	0.00	0.00	1048574	0.2173
5.46	5.23	0.09	5.19	0.03	0.00	5.19	0.00	0.00	0.00	0.00	0.00	1048574	0.2006
5.13	4.90	0.10	4.87	0.03	0.00	4.87	0.00	0.00	0.00	0.00	0.00	1048574	0.2139
4.33	4.10	0.09	4.06	0.03	0.00	4.06	0.00	0.00	0.00	0.00	0.00	1048574	0.2559
5.14	4.91	0.09	4.87	0.03	0.00	4.87	0.00	0.00	0.00	0.00	0.00	1048574	0.2137
4.38	4.15	0.09	4.12	0.02	0.00	4.12	0.00	0.00	0.00	0.00	0.00	1048574	0.2526
4.46	4.23	0.09	4.20	0.03	0.00	4.20	0.00	0.00	0.00	0.00	0.00	1048574	0.2478
4.46	4.23	0.09	4.20	0.02	0.00	4.20	0.00	0.00	0.01	0.00	0.00	1048574	0.2479
4.27	4.04	0.09	4.01	0.03	0.00	4.01	0.00	0.00	0.00	0.00	0.00	1048574	0.2594
5.03	4.81	0.09	4.77	0.03	0.00	4.77	0.00	0.00	0.00	0.00	0.00	1048574	0.2182
5.05	4.82	0.09	4.78	0.03	0.00	4.78	0.00	0.00	0.00	0.00	0.00	1048574	0.2177
5.97	5.72	0.09	5.69	0.02	0.00	5.69	0.00	0.00	0.00	0.00	0.00	1048574	0.1832
5.54	5.31	0.09	5.28	0.03	0.00	5.28	0.00	0.00	0.00	0.00	0.00	1048574	0.1975
4.41	4.18	0.09	4.15	0.03	0.00	4.15	0.00	0.00	0.00	0.00	0.00	1048574	0.2509
5.74	5.51	0.09	5.48	0.02	0.00	5.48	0.00	0.00	0.00	0.00	0.00	1048574	0.1903
5.35	5.11	0.09	5.08	0.03	0.00	5.08	0.00	0.00	0.01	0.00	0.00	1048574	0.2050
4.74	4.51	0.09	4.48	0.03	0.00	4.48	0.00	0.00	0.00	0.00	0.00	1048574	0.2326
4.74	4.51	0.09	4.48	0.03	0.00	4.48	0.00	0.00	0.01	0.00	0.00	1048574	0.2326
4.72	4.49	0.09	4.46	0.03	0.00	4.46	0.00	0.00	0.00	0.00	0.00	1048574	0.2335
4.51	4.28	0.10	4.24	0.03	0.00	4.24	0.00	0.00	0.00	0.00	0.00	1048574	0.2451
4.96	4.73	0.09	4.69	0.03	0.00	4.69	0.00	0.00	0.00	0.00	0.00	1048574	0.2218
5.39	5.15	0.09	5.12	0.03	0.00	5.12	0.00	0.00	0.00	0.00	0.00	1048574	0.2036
4.57	4.34	0.09	4.31	0.02	0.00	4.31	0.00	0.00	0.00	0.00	0.00	1048574	0.2414
5.47	5.23	0.09	5.19	0.03	0.00	5.19	0.00	0.00	0.00	0.00	0.00	1048574	0.2007
4.75	4.41	0.09	4.38	0.03	0.00	4.38	0.00	0.00	0.00	0.00	0.00	1048574	0.2377
4.29	4.06	0.09	4.03	0.02	0.00	4.03	0.00	0.00	0.01	0.00	0.00	1048574	0.2582
4.82	4.53	0.15	4.50	0.03	0.00	4.50	0.00	0.00	0.00	0.00	0.00	1048574	0.2314
4.42	4.19	0.09	4.16	0.03	0.00	4.16	0.00	0.00	0.00	0.00	0.00	1048574	0.2503
4.80	4.57	0.09	4.54	0.02	0.00	4.54	0.00	0.00	0.00	0.00	0.00	1048574	0.2294
5.52	5.29	0.09	5.26	0.03	0.00	5.26	0.00	0.00	0.00	0.00	0.00	1048574	0.1981
4.75	4.51	0.09	4.47	0.03	0.00	4.47	0.00	0.00	0.01	0.00	0.00	1048574	0.2324
4.35	4.11	0.09	4.08	0.03	0.00	4.08	0.00	0.00	0.00	0.00	0.00	1048574	0.2552
5.17	4.94	0.09	4.91	0.02	0.00	4.91	0.00	0.00	0.00	0.00	0.00	1048574	0.2122
4.57	4.34	0.09	4.31	0.03	0.00	4.31	0.00	0.00	0.00	0.00	0.00	1048574	0.2417
4.80	4.57	0.09	4.54	0.03	0.00	4.54	0.00	0.00	0.01	0.00	0.00	1048574	0.2292
4.34	4.11	0.10	4.08	0.03	0.00	4.08	0.00	0.00	0.00	0.00	0.00	1048574	0.2550
5.16	4.93	0.09	4.90	0.03	0.00	4.90	0.00	0.00	0.00	0.00	0.00	1048574	0.2126
4.41	4.18	0.09	4.15	0.03	0.00	4.15	0.00	0.00	0.00	0.00	0.00	1048574	0.2509
4.73	4.48	0.09	4.45	0.03	0.00	4.45	0.00	0.00	0.01	0.00	0.00	1048574	0.2340
4.77	4.54	0.09	4.50	0.02	0.00	4.50	0.00	0.00	0.00	0.00	0.00	1048574	0.2312
5.30	5.07	0.09	5.04	0.02	0.00	5.04	0.00	0.00	0.00	0.00	0.00	1048574	0.2069
4.47	4.24	0.09	4.21	0.03	0.00	4.21	0.00	0.00	0.00	0.00	0.00	1048574	0.2471
4.62	4.39	0.09	4.36	0.03	0.00	4.36	0.00	0.00	0.00	0.00	0.00	1048574	0.2388
4.49	4.25	0.09	4.21	0.03	0.00	4.21	0.00	0.00	0.00	0.00	0.01	1048574	0.2468
4.67	4.43	0.09	4.40	0.03	0.00	4.40	0.00	0.00	0.00	0.00	0.00	1048574	0.2365
4.41	4.18	0.09	4.14	0.03	0.00	4.14	0.00	0.00	0.00	0.00	0.00	1048574	0.2510
SCALE: 15
nvtx: 32768
edgefactor: 16
terasize: 8.38860799999999983e-06
A: 5.69999999999999951e-01
B: 1.90000000000000002e-01
C: 1.90000000000000002e-01
D: 5.00000000000000444e-02
generation_time: 0.00000000000000000e+00
construction_time: 3.38442000000000021e-01
nbfs: 100
min_time: 4.05500006675720177e-03
firstquartile_time: 4.34124988317489708e-03
median_time: 4.61700022220611593e-03
thirdquartile_time: 5.10474973917007455e-03
max_time: 6.08000016212463350e-03
mean_time: 4.74430001735687279e-03
stddev_time: 4.68646870066619147e-04
min_nedge: 5.24282000000000000e+05
firstquartile_nedge: 5.24282000000000000e+05
median_nedge: 5.24282000000000000e+05
thirdquartile_nedge: 5.24282000000000000e+05
max_nedge: 5.24282000000000000e+05
mean_nedge: 5.24282000000000000e+05
stddev_nedge: 0.00000000000000000e+00
min_TEPS: 8.62305898059041500e+07
firstquartile_TEPS: 1.03337709074815333e+08
median_TEPS: 1.13961965263801798e+08
thirdquartile_TEPS: 1.21123373031747118e+08
max_TEPS: 1.29292722902288437e+08
harmonic_mean_TEPS: 1.10507766811106116e+08
harmonic_stddev_TEPS: 1.09710648267993866e+06
