[BASH] Running the CPU only (default) graph500 for scale 19 with sorted edges
file:/dev/null	benchmark:GRAPH500	vertices:524288	edges:16777214	partitioning:RANDOM	platform:CPU	alpha:50	repeat:1	gpu_count:1	thread_count:4	thread_sched:GUIDED	thread_bind:false	gpu_graph_mem:DEVICE	gpu_par_randomized:false	sorted:false	edge_sort_key:degree	edge_order:asc	separate_singletons:false	lambda:0	time_init:2708.45	time_par:225.61	rmt_vertex:0	rmt_edge:0	beta:0	pid0:100,100,0,0	
total	exec	init	comp	comm	finalize	cpu_comp	gpu_comp	gpu_total_comp	scatter	gather	aggr	trv_edges	exec_rate
139.98	132.04	6.52	131.97	0.05	0.00	131.97	0.00	0.00	0.00	0.00	0.00	16777214	0.1271
113.41	107.83	0.41	107.76	0.06	0.00	107.76	0.00	0.00	0.01	0.00	0.00	16777214	0.1556
199.78	188.67	3.40	188.60	0.06	0.00	188.60	0.00	0.00	0.00	0.00	0.00	16777214	0.0889
116.91	105.35	0.42	105.31	0.04	0.00	105.31	0.00	0.00	0.00	0.00	0.00	16777214	0.1592
121.33	119.58	0.40	119.52	0.06	0.00	119.52	0.00	0.00	0.02	0.00	0.00	16777214	0.1403
113.70	109.92	0.41	109.85	0.05	0.00	109.85	0.00	0.00	0.01	0.00	0.00	16777214	0.1526
98.87	93.41	2.47	93.35	0.04	0.00	93.35	0.00	0.00	0.00	0.00	0.00	16777214	0.1796
179.71	174.96	3.39	174.90	0.06	0.00	174.90	0.00	0.00	0.01	0.00	0.00	16777214	0.0959
100.21	98.45	0.42	98.40	0.03	0.00	98.40	0.00	0.00	0.01	0.00	0.00	16777214	0.1704
108.23	96.73	0.42	96.67	0.05	0.00	96.67	0.00	0.00	0.00	0.00	0.00	16777214	0.1734
131.35	114.54	15.44	114.50	0.04	0.00	114.50	0.00	0.00	0.00	0.00	0.00	16777214	0.1465
99.03	95.98	0.43	95.92	0.05	0.00	95.92	0.00	0.00	0.01	0.00	0.00	16777214	0.1748
178.11	164.02	11.06	163.95	0.06	0.00	163.95	0.00	0.00	0.00	0.00	0.00	16777214	0.1023
163.94	153.21	2.50	153.14	0.06	0.00	153.14	0.00	0.00	0.01	0.00	0.00	16777214	0.1095
72.19	70.41	0.40	70.38	0.03	0.00	70.38	0.00	0.00	0.00	0.00	0.00	16777214	0.2383
111.37	107.92	0.42	107.87	0.05	0.00	107.87	0.00	0.00	0.00	0.00	0.00	16777214	0.1555
127.58	122.11	2.47	122.04	0.06	0.00	122.04	0.00	0.00	0.01	0.00	0.00	16777214	0.1374
169.95	160.08	3.82	160.01	0.06	0.00	160.01	0.00	0.00	0.01	0.00	0.00	16777214	0.1048
204.53	194.88	6.67	194.81	0.06	0.00	194.81	0.00	0.00	0.00	0.00	0.00	16777214	0.0861
173.91	152.32	18.88	152.25	0.06	0.00	152.25	0.00	0.00	0.01	0.00	0.00	16777214	0.1101
102.66	98.84	2.46	98.80	0.04	0.00	98.80	0.00	0.00	0.00	0.00	0.00	16777214	0.1697
135.65	133.87	0.42	133.83	0.04	0.00	133.83	0.00	0.00	0.01	0.00	0.00	16777214	0.1253
151.46	145.99	2.52	145.93	0.06	0.00	145.93	0.00	0.00	0.00	0.00	0.00	16777214	0.1149
142.59	136.21	3.38	136.14	0.06	0.00	136.14	0.00	0.00	0.01	0.00	0.00	16777214	0.1232
118.59	95.83	2.53	95.78	0.05	0.00	95.78	0.00	0.00	0.01	0.00	0.00	16777214	0.1751
146.53	133.03	12.03	132.96	0.05	0.00	132.96	0.00	0.00	0.01	0.00	0.00	16777214	0.1261
137.17	113.53	12.41	113.48	0.04	0.00	113.48	0.00	0.00	0.01	0.00	0.00	16777214	0.1478
125.73	121.78	2.49	121.72	0.05	0.00	121.72	0.00	0.00	0.01	0.00	0.00	16777214	0.1378
140.79	134.33	2.50	134.26	0.06	0.00	134.26	0.00	0.00	0.01	0.00	0.00	16777214	0.1249
225.98	217.60	3.86	217.53	0.06	0.00	217.53	0.00	0.00	0.01	0.00	0.00	16777214	0.0771
213.33	206.56	3.82	206.49	0.06	0.00	206.49	0.00	0.00	0.01	0.00	0.00	16777214	0.0812
138.34	132.85	2.50	132.78	0.06	0.00	132.78	0.00	0.00	0.00	0.00	0.00	16777214	0.1263
110.70	107.11	2.12	106.61	0.50	0.00	106.61	0.00	0.00	0.00	0.00	0.00	16777214	0.1566
136.65	127.98	2.57	127.94	0.04	0.00	127.94	0.00	0.00	0.00	0.00	0.00	16777214	0.1311
179.54	169.85	6.67	169.78	0.06	0.00	169.78	0.00	0.00	0.00	0.00	0.00	16777214	0.0988
168.80	149.96	12.19	149.89	0.06	0.00	149.89	0.00	0.00	0.01	0.00	0.00	16777214	0.1119
113.18	106.38	3.60	105.88	0.49	0.00	105.88	0.00	0.00	0.00	0.00	0.00	16777214	0.1577
153.09	146.34	3.76	146.28	0.06	0.00	146.28	0.00	0.00	0.01	0.00	0.00	16777214	0.1146
156.65	143.72	11.57	143.67	0.05	0.00	143.67	0.00	0.00	0.00	0.00	0.00	16777214	0.1167
114.96	107.40	6.19	107.36	0.04	0.00	107.36	0.00	0.00	0.00	0.00	0.00	16777214	0.1562
141.61	138.25	0.41	138.18	0.05	0.00	138.18	0.00	0.00	0.00	0.00	0.00	16777214	0.1214
122.68	113.58	2.49	113.50	0.06	0.00	113.50	0.00	0.00	0.00	0.00	0.00	16777214	0.1477
240.10	227.81	6.66	227.73	0.07	0.00	227.73	0.00	0.00	0.01	0.00	0.00	16777214	0.0736
165.12	154.32	4.59	154.25	0.06	0.00	154.25	0.00	0.00	0.00	0.00	0.00	16777214	0.1087
135.92	131.89	2.56	131.83	0.05	0.00	131.83	0.00	0.00	0.01	0.00	0.00	16777214	0.1272
188.30	174.13	3.82	174.06	0.06	0.00	174.06	0.00	0.00	0.01	0.00	0.00	16777214	0.0964
109.94	106.07	2.51	106.02	0.04	0.00	106.02	0.00	0.00	0.00	0.00	0.00	16777214	0.1582
178.47	161.66	12.28	161.59	0.07	0.00	161.59	0.00	0.00	0.01	0.00	0.00	16777214	0.1038
123.63	116.45	3.87	116.37	0.07	0.00	116.37	0.00	0.00	0.01	0.00	0.00	16777214	0.1441
171.21	166.90	2.94	166.84	0.05	0.00	166.84	0.00	0.00	0.00	0.00	0.00	16777214	0.1005
192.60	187.08	2.52	187.01	0.07	0.00	187.01	0.00	0.00	0.01	0.00	0.00	16777214	0.0897
139.25	125.75	12.11	125.70	0.04	0.00	125.70	0.00	0.00	0.00	0.00	0.00	16777214	0.1334
148.46	145.42	0.40	145.36	0.05	0.01	145.36	0.00	0.00	0.01	0.00	0.00	16777214	0.1154
170.33	158.86	3.37	158.79	0.06	0.00	158.79	0.00	0.00	0.01	0.00	0.00	16777214	0.1056
202.37	181.63	10.77	181.56	0.05	0.00	181.56	0.00	0.00	0.01	0.00	0.00	16777214	0.0924
153.04	147.51	2.51	147.44	0.06	0.00	147.44	0.00	0.00	0.01	0.00	0.00	16777214	0.1137
108.70	104.84	2.51	104.79	0.04	0.00	104.79	0.00	0.00	0.00	0.00	0.00	16777214	0.1600
165.76	157.34	2.50	157.26	0.07	0.00	157.26	0.00	0.00	0.01	0.00	0.00	16777214	0.1066
231.75	218.07	6.68	217.99	0.07	0.00	217.99	0.00	0.00	0.01	0.00	0.00	16777214	0.0769
156.45	147.20	6.66	147.13	0.06	0.00	147.13	0.00	0.00	0.01	0.00	0.00	16777214	0.1140
109.25	103.98	2.55	103.92	0.05	0.00	103.92	0.00	0.00	0.00	0.00	0.00	16777214	0.1614
143.80	135.67	2.46	135.60	0.06	0.00	135.60	0.00	0.00	0.01	0.00	0.00	16777214	0.1237
176.71	163.08	6.65	163.01	0.06	0.00	163.01	0.00	0.00	0.01	0.00	0.00	16777214	0.1029
208.28	195.55	6.67	195.48	0.07	0.00	195.48	0.00	0.00	0.01	0.00	0.00	16777214	0.0858
102.19	94.17	6.67	94.11	0.05	0.00	94.11	0.00	0.00	0.00	0.00	0.00	16777214	0.1782
91.75	88.66	0.43	88.61	0.04	0.00	88.61	0.00	0.00	0.00	0.00	0.00	16777214	0.1892
187.87	180.84	2.47	180.77	0.06	0.00	180.77	0.00	0.00	0.01	0.00	0.00	16777214	0.0928
205.66	194.59	5.02	194.51	0.06	0.00	194.51	0.00	0.00	0.01	0.00	0.00	16777214	0.0862
167.16	157.49	6.66	157.43	0.06	0.00	157.43	0.00	0.00	0.01	0.00	0.00	16777214	0.1065
108.62	103.05	2.57	103.00	0.05	0.00	103.00	0.00	0.00	0.00	0.00	0.00	16777214	0.1628
167.87	154.48	10.43	154.42	0.05	0.00	154.42	0.00	0.00	0.01	0.00	0.00	16777214	0.1086
170.56	165.12	2.49	165.06	0.05	0.00	165.06	0.00	0.00	0.01	0.00	0.00	16777214	0.1016
179.77	174.94	2.51	174.84	0.08	0.00	174.84	0.00	0.00	0.01	0.00	0.00	16777214	0.0959
127.43	119.31	2.48	119.24	0.06	0.00	119.24	0.00	0.00	0.00	0.00	0.00	16777214	0.1406
179.08	165.42	6.68	165.35	0.06	0.00	165.35	0.00	0.00	0.00	0.00	0.00	16777214	0.1014
204.13	191.81	6.64	191.73	0.06	0.00	191.73	0.00	0.00	0.01	0.00	0.00	16777214	0.0875
131.06	121.70	6.66	121.63	0.06	0.00	121.63	0.00	0.00	0.01	0.00	0.00	16777214	0.1379
90.76	86.24	1.82	86.18	0.05	0.00	86.18	0.00	0.00	0.01	0.00	0.00	16777214	0.1945
133.16	127.72	2.48	127.65	0.06	0.00	127.65	0.00	0.00	0.01	0.00	0.00	16777214	0.1314
128.54	116.35	10.83	116.30	0.04	0.00	116.30	0.00	0.00	0.00	0.00	0.00	16777214	0.1442
156.32	147.61	7.36	147.56	0.05	0.00	147.56	0.00	0.00	0.01	0.00	0.00	16777214	0.1137
144.94	143.16	0.42	143.12	0.04	0.00	143.12	0.00	0.00	0.01	0.00	0.00	16777214	0.1172
82.15	80.34	0.47	80.29	0.04	0.00	80.29	0.00	0.00	0.01	0.00	0.00	16777214	0.2088
125.82	120.29	2.53	120.22	0.06	0.00	120.22	0.00	0.00	0.01	0.00	0.00	16777214	0.1395
166.83	158.21	2.53	158.13	0.07	0.00	158.13	0.00	0.00	0.00	0.00	0.00	16777214	0.1060
203.43	193.79	6.64	193.71	0.08	0.00	193.71	0.00	0.00	0.01	0.00	0.00	16777214	0.0866
110.31	105.36	2.50	105.32	0.04	0.00	105.32	0.00	0.00	0.00	0.00	0.00	16777214	0.1592
114.19	107.51	2.52	107.44	0.06	0.00	107.44	0.00	0.00	0.01	0.00	0.00	16777214	0.1561
182.85	172.18	4.57	172.08	0.09	0.00	172.08	0.00	0.00	0.01	0.00	0.00	16777214	0.0974
207.39	194.65	6.67	194.57	0.07	0.00	194.57	0.00	0.00	0.00	0.00	0.00	16777214	0.0862
155.84	147.51	5.79	147.44	0.05	0.00	147.44	0.00	0.00	0.01	0.00	0.00	16777214	0.1137
150.10	144.20	2.48	143.70	0.49	0.00	143.70	0.00	0.00	0.01	0.00	0.00	16777214	0.1163
188.21	177.73	5.89	177.66	0.06	0.00	177.66	0.00	0.00	0.01	0.00	0.00	16777214	0.0944
148.45	140.65	4.59	140.60	0.04	0.00	140.60	0.00	0.00	0.01	0.00	0.00	16777214	0.1193
116.58	109.30	4.60	109.23	0.06	0.00	109.23	0.00	0.00	0.01	0.00	0.00	16777214	0.1535
88.27	83.52	2.07	83.46	0.06	0.00	83.46	0.00	0.00	0.01	0.00	0.00	16777214	0.2009
159.08	146.41	6.60	146.34	0.06	0.00	146.34	0.00	0.00	0.00	0.00	0.00	16777214	0.1146
204.02	191.22	6.68	191.14	0.06	0.00	191.14	0.00	0.00	0.01	0.00	0.00	16777214	0.0877
196.11	183.34	6.67	183.27	0.06	0.00	183.27	0.00	0.00	0.01	0.00	0.00	16777214	0.0915
97.48	92.21	2.54	92.15	0.05	0.00	92.15	0.00	0.00	0.01	0.00	0.00	16777214	0.1819
SCALE: 19
nvtx: 524288
edgefactor: 16
terasize: 1.34217727999999997e-04
A: 5.69999999999999951e-01
B: 1.90000000000000002e-01
C: 1.90000000000000002e-01
D: 5.00000000000000444e-02
generation_time: 0.00000000000000000e+00
construction_time: 6.27712883199999983e+00
nbfs: 100
min_time: 4.30320000648498555e-02
firstquartile_time: 8.34400000870227920e-02
median_time: 9.59134998917579584e-02
thirdquartile_time: 1.11917499810457233e-01
max_time: 1.93229000091552722e-01
mean_time: 9.93628399980068661e-02
stddev_time: 2.55949939989872782e-02
min_nedge: 1.00000000000000000e+00
firstquartile_nedge: 8.38851300000000000e+06
median_nedge: 8.38851300000000000e+06
thirdquartile_nedge: 8.38851300000000000e+06
max_nedge: 8.38851300000000000e+06
mean_nedge: 8.30462787999999989e+06
stddev_nedge: 8.38851200000000070e+05
min_TEPS: 2.32385201360147171e+01
firstquartile_TEPS: 7.73548922313668132e+07
median_TEPS: 8.77879856598255038e+07
thirdquartile_TEPS: 1.01001434684023991e+08
max_TEPS: 1.87876839643862695e+08
harmonic_mean_TEPS: 2.32378832537970175e+03
harmonic_stddev_TEPS: 2.33543048780946810e+03
SCALE: 19
nvtx: 524288
edgefactor: 16
terasize: 1.34217727999999997e-04
A: 5.69999999999999951e-01
B: 1.90000000000000002e-01
C: 1.90000000000000002e-01
D: 5.00000000000000444e-02
generation_time: 0.00000000000000000e+00
construction_time: 6.86318558199999984e+00
nbfs: 100
min_time: 7.08160001039505049e-02
firstquartile_time: 1.13667750090360647e-01
median_time: 1.45148999989032745e-01
thirdquartile_time: 1.73486749887466429e-01
max_time: 2.34466000080108650e-01
mean_time: 1.44870509985685264e-01
stddev_time: 3.65287618598158920e-02
min_nedge: 1.00000000000000000e+00
firstquartile_nedge: 8.38851300000000000e+06
median_nedge: 8.38851300000000000e+06
thirdquartile_nedge: 8.38851300000000000e+06
max_nedge: 8.38851300000000000e+06
mean_nedge: 8.30462787999999989e+06
stddev_nedge: 8.38851200000000070e+05
min_TEPS: 7.66001776553354752e+00
firstquartile_TEPS: 4.88059307621530220e+07
median_TEPS: 5.81262994000748396e+07
thirdquartile_TEPS: 7.61871111107260883e+07
max_TEPS: 1.18455052356621921e+08
harmonic_mean_TEPS: 7.65991734615153518e+02
harmonic_stddev_TEPS: 7.69840465125561650e+02
