[BASH] Running the CPU only (default) graph500 for scale 20
file:(null)	benchmark:GRAPH500	vertices:1048576	edges:33554430	partitioning:RANDOM	platform:CPU	alpha:50	repeat:1	gpu_count:1	thread_count:1	thread_sched:GUIDED	thread_bind:false	gpu_graph_mem:DEVICE	gpu_par_randomized:false	sorted:false	edge_sort_key:id	edge_order:asc	separate_singletons:false	lambda:0	time_init:3533.18	time_par:81.56	rmt_vertex:0	rmt_edge:0	beta:0	pid0:100,100,0,0	
total	exec	init	comp	comm	finalize	cpu_comp	gpu_comp	gpu_total_comp	scatter	gather	aggr	trv_edges	exec_rate
175.46	168.00	2.82	167.96	0.04	0.00	167.96	0.00	0.00	0.00	0.00	0.00	33554430	0.1997
175.17	167.70	2.78	167.66	0.04	0.00	167.66	0.00	0.00	0.00	0.00	0.00	33554430	0.2001
195.74	188.35	2.77	188.31	0.04	0.00	188.31	0.00	0.00	0.00	0.00	0.00	33554430	0.1781
239.58	228.22	3.57	228.16	0.05	0.00	228.16	0.00	0.00	0.00	0.00	0.00	33554430	0.1470
280.28	270.82	4.89	270.77	0.05	0.00	270.77	0.00	0.00	0.01	0.00	0.00	33554430	0.1239
195.84	188.48	2.80	188.45	0.03	0.00	188.45	0.00	0.00	0.01	0.00	0.00	33554430	0.1780
180.47	172.99	2.84	172.95	0.04	0.00	172.95	0.00	0.00	0.00	0.00	0.00	33554430	0.1940
180.07	172.65	2.81	172.61	0.04	0.00	172.61	0.00	0.00	0.00	0.00	0.00	33554430	0.1944
191.94	184.60	2.77	184.56	0.04	0.00	184.56	0.00	0.00	0.00	0.00	0.00	33554430	0.1818
226.35	218.97	2.78	218.93	0.03	0.00	218.93	0.00	0.00	0.00	0.00	0.00	33554430	0.1532
169.02	161.69	2.77	161.64	0.04	0.00	161.64	0.00	0.00	0.00	0.00	0.00	33554430	0.2075
176.24	168.92	2.77	168.88	0.03	0.00	168.88	0.00	0.00	0.01	0.00	0.00	33554430	0.1986
170.05	162.64	2.77	162.60	0.03	0.00	162.60	0.00	0.00	0.00	0.00	0.00	33554430	0.2063
219.35	211.98	2.77	211.94	0.03	0.00	211.94	0.00	0.00	0.01	0.00	0.00	33554430	0.1583
172.60	165.19	2.85	165.14	0.04	0.00	165.14	0.00	0.00	0.01	0.00	0.00	33554430	0.2031
176.47	169.09	2.77	169.04	0.03	0.00	169.04	0.00	0.00	0.00	0.00	0.00	33554430	0.1984
177.88	170.54	2.78	170.49	0.04	0.00	170.49	0.00	0.00	0.00	0.00	0.00	33554430	0.1968
179.84	172.09	3.19	172.05	0.04	0.00	172.05	0.00	0.00	0.01	0.00	0.00	33554430	0.1950
176.13	168.78	2.78	168.74	0.04	0.00	168.74	0.00	0.00	0.00	0.00	0.00	33554430	0.1988
192.53	184.89	2.77	184.85	0.04	0.00	184.85	0.00	0.00	0.01	0.00	0.00	33554430	0.1815
171.70	164.28	2.77	164.24	0.03	0.00	164.24	0.00	0.00	0.01	0.00	0.00	33554430	0.2043
178.79	171.00	2.78	170.96	0.03	0.00	170.96	0.00	0.00	0.00	0.00	0.00	33554430	0.1962
180.33	172.46	2.78	172.41	0.04	0.00	172.41	0.00	0.00	0.01	0.00	0.00	33554430	0.1946
184.81	177.21	3.04	177.17	0.04	0.00	177.17	0.00	0.00	0.00	0.00	0.00	33554430	0.1893
173.85	166.33	2.87	166.29	0.04	0.00	166.29	0.00	0.00	0.00	0.00	0.00	33554430	0.2017
169.48	162.08	2.80	162.04	0.04	0.00	162.04	0.00	0.00	0.00	0.00	0.00	33554430	0.2070
180.48	173.05	2.77	173.01	0.04	0.00	173.01	0.00	0.00	0.00	0.00	0.00	33554430	0.1939
169.38	161.96	2.78	161.92	0.03	0.00	161.92	0.00	0.00	0.00	0.00	0.00	33554430	0.2072
186.06	178.66	2.77	178.62	0.03	0.00	178.62	0.00	0.00	0.00	0.00	0.00	33554430	0.1878
187.13	179.71	2.85	179.67	0.04	0.00	179.67	0.00	0.00	0.00	0.00	0.00	33554430	0.1867
168.57	161.15	2.77	161.11	0.04	0.00	161.11	0.00	0.00	0.00	0.00	0.00	33554430	0.2082
199.82	190.63	3.51	190.58	0.04	0.00	190.58	0.00	0.00	0.01	0.00	0.00	33554430	0.1760
213.54	204.09	3.50	204.04	0.05	0.00	204.04	0.00	0.00	0.01	0.00	0.00	33554430	0.1644
180.74	172.44	3.67	172.39	0.04	0.00	172.39	0.00	0.00	0.01	0.00	0.00	33554430	0.1946
186.00	178.65	2.77	178.61	0.04	0.00	178.61	0.00	0.00	0.00	0.00	0.00	33554430	0.1878
179.48	172.09	2.77	172.05	0.04	0.00	172.05	0.00	0.00	0.00	0.00	0.00	33554430	0.1950
175.83	168.40	2.87	168.36	0.04	0.00	168.36	0.00	0.00	0.00	0.00	0.00	33554430	0.1993
176.41	169.01	2.77	168.96	0.04	0.00	168.96	0.00	0.00	0.00	0.00	0.00	33554430	0.1985
174.80	167.39	2.77	167.35	0.03	0.00	167.35	0.00	0.00	0.01	0.00	0.00	33554430	0.2005
178.22	170.81	2.78	170.76	0.04	0.00	170.76	0.00	0.00	0.00	0.00	0.00	33554430	0.1964
171.77	164.35	2.77	164.32	0.03	0.00	164.32	0.00	0.00	0.00	0.00	0.00	33554430	0.2042
183.76	174.98	4.21	174.93	0.04	0.00	174.93	0.00	0.00	0.01	0.00	0.00	33554430	0.1918
173.42	166.08	2.77	166.04	0.03	0.00	166.04	0.00	0.00	0.00	0.00	0.00	33554430	0.2020
179.48	172.15	2.77	172.11	0.04	0.00	172.11	0.00	0.00	0.00	0.00	0.00	33554430	0.1949
174.43	167.11	2.78	167.07	0.03	0.00	167.07	0.00	0.00	0.00	0.00	0.00	33554430	0.2008
211.91	204.57	2.77	204.53	0.04	0.00	204.53	0.00	0.00	0.01	0.00	0.00	33554430	0.1640
195.24	187.83	2.83	187.79	0.04	0.00	187.79	0.00	0.00	0.01	0.00	0.00	33554430	0.1786
169.23	161.82	2.84	161.78	0.03	0.00	161.78	0.00	0.00	0.00	0.00	0.00	33554430	0.2074
170.70	163.29	2.78	162.81	0.47	0.00	162.81	0.00	0.00	0.00	0.00	0.00	33554430	0.2055
172.82	165.48	2.77	165.44	0.03	0.00	165.44	0.00	0.00	0.00	0.00	0.00	33554430	0.2028
178.64	171.24	2.77	171.20	0.04	0.00	171.20	0.00	0.00	0.00	0.00	0.00	33554430	0.1960
185.41	178.07	2.78	178.02	0.04	0.00	178.02	0.00	0.00	0.00	0.00	0.00	33554430	0.1884
203.44	196.10	2.78	196.06	0.03	0.00	196.06	0.00	0.00	0.00	0.00	0.00	33554430	0.1711
170.66	163.24	2.78	163.19	0.04	0.00	163.19	0.00	0.00	0.00	0.00	0.00	33554430	0.2056
178.28	170.92	2.80	170.88	0.04	0.00	170.88	0.00	0.00	0.00	0.00	0.00	33554430	0.1963
186.55	179.21	2.78	179.17	0.04	0.00	179.17	0.00	0.00	0.00	0.00	0.00	33554430	0.1872
183.46	176.11	2.78	176.06	0.04	0.00	176.06	0.00	0.00	0.00	0.00	0.00	33554430	0.1905
175.17	167.71	2.84	167.67	0.03	0.00	167.67	0.00	0.00	0.01	0.00	0.00	33554430	0.2001
174.16	166.75	2.85	166.71	0.04	0.00	166.71	0.00	0.00	0.00	0.00	0.00	33554430	0.2012
178.87	171.47	2.77	171.43	0.04	0.00	171.43	0.00	0.00	0.00	0.00	0.00	33554430	0.1957
179.92	172.46	2.78	172.41	0.04	0.00	172.41	0.00	0.00	0.00	0.00	0.00	33554430	0.1946
193.75	186.41	2.78	186.37	0.04	0.00	186.37	0.00	0.00	0.01	0.00	0.00	33554430	0.1800
171.63	164.22	2.78	164.18	0.04	0.00	164.18	0.00	0.00	0.00	0.00	0.00	33554430	0.2043
179.07	171.62	2.77	171.57	0.04	0.00	171.57	0.00	0.00	0.00	0.00	0.00	33554430	0.1955
212.64	205.32	2.77	205.27	0.04	0.00	205.27	0.00	0.00	0.01	0.00	0.00	33554430	0.1634
174.98	167.59	2.77	167.55	0.04	0.00	167.55	0.00	0.00	0.00	0.00	0.00	33554430	0.2002
177.17	169.84	2.78	169.80	0.03	0.00	169.80	0.00	0.00	0.00	0.00	0.00	33554430	0.1976
172.52	165.18	2.78	165.14	0.04	0.00	165.14	0.00	0.00	0.00	0.00	0.00	33554430	0.2031
174.59	167.26	2.78	167.22	0.04	0.00	167.22	0.00	0.00	0.00	0.00	0.00	33554430	0.2006
177.20	169.82	2.77	169.78	0.03	0.00	169.78	0.00	0.00	0.01	0.00	0.00	33554430	0.1976
171.91	164.51	2.77	164.47	0.03	0.00	164.47	0.00	0.00	0.00	0.00	0.00	33554430	0.2040
173.86	166.42	2.80	166.38	0.03	0.00	166.38	0.00	0.00	0.00	0.00	0.00	33554430	0.2016
169.55	162.22	2.78	162.17	0.04	0.00	162.17	0.00	0.00	0.00	0.00	0.00	33554430	0.2068
169.30	161.87	2.87	161.83	0.03	0.00	161.83	0.00	0.00	0.01	0.00	0.00	33554430	0.2073
170.03	162.59	2.78	162.54	0.04	0.00	162.54	0.00	0.00	0.00	0.00	0.00	33554430	0.2064
193.28	185.91	2.80	185.87	0.04	0.00	185.87	0.00	0.00	0.00	0.00	0.00	33554430	0.1805
173.50	166.02	2.80	165.98	0.04	0.00	165.98	0.00	0.00	0.00	0.00	0.00	33554430	0.2021
206.32	198.89	2.80	198.84	0.04	0.00	198.84	0.00	0.00	0.00	0.00	0.00	33554430	0.1687
178.71	171.32	2.77	171.27	0.04	0.00	171.27	0.00	0.00	0.01	0.00	0.00	33554430	0.1959
170.62	163.30	2.78	163.26	0.03	0.00	163.26	0.00	0.00	0.00	0.00	0.00	33554430	0.2055
179.87	172.15	2.83	172.11	0.04	0.00	172.11	0.00	0.00	0.01	0.00	0.00	33554430	0.1949
173.30	165.95	2.78	165.91	0.04	0.00	165.91	0.00	0.00	0.00	0.00	0.00	33554430	0.2022
177.06	169.73	2.77	169.69	0.04	0.00	169.69	0.00	0.00	0.00	0.00	0.00	33554430	0.1977
173.93	166.60	2.77	166.56	0.04	0.00	166.56	0.00	0.00	0.00	0.00	0.00	33554430	0.2014
191.29	183.96	2.77	183.92	0.03	0.00	183.92	0.00	0.00	0.00	0.00	0.00	33554430	0.1824
186.28	178.79	2.77	178.73	0.05	0.00	178.73	0.00	0.00	0.01	0.00	0.00	33554430	0.1877
179.70	172.31	2.77	172.26	0.04	0.00	172.26	0.00	0.00	0.00	0.00	0.00	33554430	0.1947
169.34	162.01	2.77	161.97	0.04	0.00	161.97	0.00	0.00	0.00	0.00	0.00	33554430	0.2071
206.63	199.24	2.84	199.20	0.04	0.00	199.20	0.00	0.00	0.00	0.00	0.00	33554430	0.1684
182.02	174.48	2.84	174.44	0.04	0.00	174.44	0.00	0.00	0.01	0.00	0.00	33554430	0.1923
172.86	165.34	2.77	165.30	0.04	0.00	165.30	0.00	0.00	0.00	0.00	0.00	33554430	0.2029
193.33	185.93	2.77	185.88	0.04	0.00	185.88	0.00	0.00	0.00	0.00	0.00	33554430	0.1805
174.46	167.07	2.77	167.02	0.04	0.00	167.02	0.00	0.00	0.01	0.00	0.00	33554430	0.2008
174.09	166.69	2.78	166.65	0.04	0.00	166.65	0.00	0.00	0.00	0.00	0.00	33554430	0.2013
172.55	165.22	2.77	165.17	0.04	0.00	165.17	0.00	0.00	0.00	0.00	0.00	33554430	0.2031
170.37	162.96	2.85	162.92	0.03	0.00	162.92	0.00	0.00	0.01	0.00	0.00	33554430	0.2059
185.60	178.28	2.78	178.23	0.04	0.00	178.23	0.00	0.00	0.00	0.00	0.00	33554430	0.1882
174.87	167.43	2.78	167.39	0.04	0.00	167.39	0.00	0.00	0.00	0.00	0.00	33554430	0.2004
175.18	167.86	2.77	167.82	0.04	0.00	167.82	0.00	0.00	0.01	0.00	0.00	33554430	0.1999
196.35	188.96	2.77	188.92	0.04	0.00	188.92	0.00	0.00	0.00	0.00	0.00	33554430	0.1776
SCALE: 20
nvtx: 1048576
edgefactor: 16
terasize: 2.68435455999999995e-04
A: 5.69999999999999951e-01
B: 1.90000000000000002e-01
C: 1.90000000000000002e-01
D: 5.00000000000000444e-02
generation_time: 0.00000000000000000e+00
construction_time: 1.78205401620000004e+01
nbfs: 100
min_time: 1.63928999662399294e-01
firstquartile_time: 1.68940499842166914e-01
median_time: 1.73648499965667724e-01
thirdquartile_time: 1.81526250064373007e-01
max_time: 2.75711000204086287e-01
mean_time: 1.78162459990978267e-01
stddev_time: 1.63936943214953341e-02
min_nedge: 1.67770120000000000e+07
firstquartile_nedge: 1.67770120000000000e+07
median_nedge: 1.67770120000000000e+07
thirdquartile_nedge: 1.67770120000000000e+07
max_nedge: 1.67770120000000000e+07
mean_nedge: 1.67770120000000000e+07
stddev_nedge: 0.00000000000000000e+00
min_TEPS: 6.08499914315400943e+07
firstquartile_TEPS: 9.25218047761651874e+07
median_TEPS: 9.69975250107373148e+07
thirdquartile_TEPS: 9.94165374604029059e+07
max_TEPS: 1.02343160969389945e+08
harmonic_mean_TEPS: 9.41669305691533089e+07
harmonic_stddev_TEPS: 8.70846176838964340e+05
