[BASH] Running the CPU only (default) graph500 for scale 18 with sorted edges
file:/dev/null	benchmark:GRAPH500	vertices:262143	edges:8388606	partitioning:RANDOM	platform:CPU	alpha:50	repeat:1	gpu_count:1	thread_count:4	thread_sched:GUIDED	thread_bind:false	gpu_graph_mem:DEVICE	gpu_par_randomized:false	sorted:false	edge_sort_key:degree	edge_order:asc	separate_singletons:false	lambda:0	time_init:817.08	time_par:54.93	rmt_vertex:0	rmt_edge:0	beta:0	pid0:100,100,0,0	
total	exec	init	comp	comm	finalize	cpu_comp	gpu_comp	gpu_total_comp	scatter	gather	aggr	trv_edges	exec_rate
42.74	35.03	4.04	34.98	0.04	0.00	34.98	0.00	0.00	0.00	0.00	0.00	8388606	0.2395
85.63	80.31	2.13	80.23	0.07	0.00	80.23	0.00	0.00	0.01	0.00	0.00	8388606	0.1045
46.41	38.78	5.51	38.73	0.04	0.00	38.73	0.00	0.00	0.01	0.00	0.00	8388606	0.2163
67.24	62.79	2.58	62.74	0.04	0.00	62.74	0.00	0.00	0.01	0.00	0.00	8388606	0.1336
81.01	76.56	3.77	76.50	0.04	0.00	76.50	0.00	0.00	0.00	0.00	0.00	8388606	0.1096
27.62	25.82	0.31	25.77	0.04	0.00	25.77	0.00	0.00	0.01	0.00	0.00	8388606	0.3249
62.15	47.82	12.48	47.77	0.04	0.00	47.77	0.00	0.00	0.00	0.00	0.00	8388606	0.1754
91.29	87.29	2.15	87.25	0.04	0.00	87.25	0.00	0.00	0.01	0.00	0.00	8388606	0.0961
59.25	56.08	2.50	56.03	0.04	0.00	56.03	0.00	0.00	0.01	0.00	0.00	8388606	0.1496
47.29	40.44	4.96	40.38	0.05	0.00	40.38	0.00	0.00	0.01	0.00	0.00	8388606	0.2074
57.52	55.61	1.16	55.57	0.04	0.00	55.57	0.00	0.00	0.01	0.00	0.00	8388606	0.1508
63.37	57.99	2.11	57.91	0.07	0.00	57.91	0.00	0.00	0.01	0.00	0.00	8388606	0.1446
52.77	46.75	4.06	46.69	0.05	0.00	46.69	0.00	0.00	0.01	0.00	0.00	8388606	0.1794
58.00	50.01	7.26	49.96	0.04	0.00	49.96	0.00	0.00	0.00	0.00	0.00	8388606	0.1677
66.67	56.47	8.59	56.41	0.05	0.00	56.41	0.00	0.00	0.00	0.00	0.00	8388606	0.1486
68.58	65.28	2.64	65.23	0.05	0.00	65.23	0.00	0.00	0.01	0.00	0.00	8388606	0.1285
53.89	50.37	2.83	49.90	0.47	0.00	49.90	0.00	0.00	0.00	0.00	0.00	8388606	0.1665
62.36	53.16	8.50	53.11	0.05	0.00	53.11	0.00	0.00	0.00	0.00	0.00	8388606	0.1578
65.49	58.70	2.31	58.62	0.07	0.00	58.62	0.00	0.00	0.01	0.00	0.00	8388606	0.1429
76.28	62.56	5.95	62.08	0.47	0.00	62.08	0.00	0.00	0.00	0.00	0.00	8388606	0.1341
72.41	64.85	2.12	64.36	0.48	0.00	64.36	0.00	0.00	0.01	0.00	0.00	8388606	0.1293
48.26	43.76	2.09	43.71	0.05	0.00	43.71	0.00	0.00	0.00	0.00	0.00	8388606	0.1917
60.70	56.03	2.76	55.97	0.05	0.00	55.97	0.00	0.00	0.00	0.00	0.00	8388606	0.1497
75.21	70.54	3.40	70.48	0.05	0.00	70.48	0.00	0.00	0.01	0.00	0.00	8388606	0.1189
77.01	68.91	7.43	68.86	0.05	0.00	68.86	0.00	0.00	0.01	0.00	0.00	8388606	0.1217
70.98	68.19	2.08	68.13	0.05	0.00	68.13	0.00	0.00	0.01	0.00	0.00	8388606	0.1230
52.70	48.77	2.11	48.71	0.05	0.00	48.71	0.00	0.00	0.00	0.01	0.00	8388606	0.1720
67.99	61.38	5.94	61.33	0.04	0.00	61.33	0.00	0.00	0.00	0.00	0.00	8388606	0.1367
71.79	65.58	2.94	65.53	0.04	0.00	65.53	0.00	0.00	0.00	0.00	0.00	8388606	0.1279
45.59	41.73	3.16	41.68	0.04	0.00	41.68	0.00	0.00	0.00	0.00	0.00	8388606	0.2010
45.76	44.82	0.26	44.77	0.04	0.00	44.77	0.00	0.00	0.00	0.00	0.00	8388606	0.1872
66.24	62.52	1.70	62.46	0.05	0.00	62.46	0.00	0.00	0.01	0.00	0.00	8388606	0.1342
65.28	61.23	2.11	61.17	0.05	0.00	61.17	0.00	0.00	0.00	0.00	0.00	8388606	0.1370
89.85	84.23	3.72	84.17	0.05	0.00	84.17	0.00	0.00	0.00	0.00	0.00	8388606	0.0996
70.47	66.94	1.67	66.85	0.06	0.00	66.85	0.00	0.00	0.01	0.00	0.00	8388606	0.1253
39.50	33.59	0.21	33.13	0.46	0.00	33.13	0.00	0.00	0.00	0.00	0.00	8388606	0.2497
68.88	64.70	3.50	64.64	0.05	0.00	64.64	0.00	0.00	0.01	0.00	0.00	8388606	0.1297
52.92	44.79	0.22	44.74	0.04	0.00	44.74	0.00	0.00	0.00	0.00	0.00	8388606	0.1873
50.57	38.40	10.06	38.35	0.04	0.00	38.35	0.00	0.00	0.00	0.00	0.00	8388606	0.2184
67.79	53.96	7.86	53.91	0.05	0.00	53.91	0.00	0.00	0.01	0.00	0.00	8388606	0.1555
76.03	72.53	1.69	72.47	0.05	0.00	72.47	0.00	0.00	0.00	0.00	0.00	8388606	0.1157
74.99	65.66	1.68	65.60	0.05	0.00	65.60	0.00	0.00	0.00	0.00	0.00	8388606	0.1278
72.51	68.63	2.16	68.57	0.05	0.00	68.57	0.00	0.00	0.00	0.00	0.00	8388606	0.1222
55.75	44.02	11.06	43.97	0.05	0.00	43.97	0.00	0.00	0.00	0.00	0.00	8388606	0.1906
57.49	50.56	4.50	50.49	0.06	0.00	50.49	0.00	0.00	0.01	0.00	0.00	8388606	0.1659
80.34	72.38	5.44	72.31	0.06	0.00	72.31	0.00	0.00	0.01	0.00	0.00	8388606	0.1159
85.30	81.23	2.14	81.17	0.06	0.00	81.17	0.00	0.00	0.00	0.00	0.00	8388606	0.1033
52.72	48.67	3.38	48.62	0.04	0.00	48.62	0.00	0.00	0.00	0.00	0.00	8388606	0.1724
53.04	51.15	0.25	51.11	0.04	0.00	51.11	0.00	0.00	0.00	0.00	0.00	8388606	0.1640
68.08	61.32	2.15	61.25	0.06	0.00	61.25	0.00	0.00	0.01	0.00	0.00	8388606	0.1368
50.17	43.24	3.70	43.18	0.05	0.00	43.18	0.00	0.00	0.00	0.00	0.00	8388606	0.1940
54.78	49.39	3.46	49.32	0.05	0.00	49.32	0.00	0.00	0.01	0.00	0.00	8388606	0.1699
56.12	53.30	2.16	53.23	0.06	0.00	53.23	0.00	0.00	0.01	0.00	0.00	8388606	0.1574
79.17	74.92	1.77	74.85	0.06	0.00	74.85	0.00	0.00	0.01	0.00	0.00	8388606	0.1120
32.32	28.71	2.95	28.67	0.04	0.00	28.67	0.00	0.00	0.00	0.00	0.00	8388606	0.2921
22.64	21.72	0.25	21.69	0.03	0.00	21.69	0.00	0.00	0.01	0.00	0.00	8388606	0.3861
21.85	20.97	0.25	20.93	0.03	0.00	20.93	0.00	0.00	0.00	0.00	0.00	8388606	0.4001
21.98	21.02	0.30	20.98	0.03	0.00	20.98	0.00	0.00	0.00	0.00	0.00	8388606	0.3991
21.92	20.95	0.25	20.91	0.03	0.00	20.91	0.00	0.00	0.00	0.00	0.00	8388606	0.4004
23.10	22.23	0.21	22.20	0.03	0.00	22.20	0.00	0.00	0.00	0.00	0.00	8388606	0.3773
23.69	22.69	0.34	22.65	0.03	0.00	22.65	0.00	0.00	0.00	0.00	0.00	8388606	0.3697
23.15	22.22	0.25	22.17	0.04	0.00	22.17	0.00	0.00	0.00	0.00	0.00	8388606	0.3776
22.49	21.57	0.26	21.52	0.04	0.00	21.52	0.00	0.00	0.00	0.00	0.00	8388606	0.3889
26.21	25.26	0.26	25.23	0.03	0.00	25.23	0.00	0.00	0.00	0.00	0.00	8388606	0.3321
22.97	22.05	0.25	22.01	0.03	0.00	22.01	0.00	0.00	0.01	0.00	0.00	8388606	0.3805
29.35	28.32	0.26	28.28	0.03	0.00	28.28	0.00	0.00	0.01	0.00	0.00	8388606	0.2962
22.24	21.31	0.26	21.27	0.03	0.00	21.27	0.00	0.00	0.00	0.00	0.00	8388606	0.3936
22.34	20.87	0.25	20.84	0.03	0.00	20.84	0.00	0.00	0.00	0.00	0.00	8388606	0.4019
22.77	21.85	0.25	21.81	0.04	0.00	21.81	0.00	0.00	0.00	0.00	0.00	8388606	0.3839
24.42	23.51	0.25	23.47	0.03	0.00	23.47	0.00	0.00	0.01	0.00	0.00	8388606	0.3568
27.67	26.74	0.25	26.69	0.04	0.00	26.69	0.00	0.00	0.00	0.00	0.00	8388606	0.3138
22.72	21.80	0.25	21.76	0.03	0.00	21.76	0.00	0.00	0.00	0.00	0.00	8388606	0.3849
25.04	24.11	0.27	24.07	0.03	0.00	24.07	0.00	0.00	0.00	0.00	0.00	8388606	0.3480
57.92	53.02	0.26	52.95	0.05	0.00	52.95	0.00	0.00	0.00	0.00	0.00	8388606	0.1582
62.51	54.93	3.73	54.86	0.06	0.00	54.86	0.00	0.00	0.01	0.00	0.00	8388606	0.1527
72.93	56.57	14.45	56.50	0.06	0.00	56.50	0.00	0.00	0.01	0.00	0.00	8388606	0.1483
63.52	61.54	1.30	61.50	0.03	0.00	61.50	0.00	0.00	0.01	0.00	0.00	8388606	0.1363
66.28	59.60	2.15	59.53	0.06	0.00	59.53	0.00	0.00	0.00	0.00	0.00	8388606	0.1408
56.45	48.56	5.98	48.50	0.05	0.00	48.50	0.00	0.00	0.01	0.00	0.00	8388606	0.1728
75.04	70.00	4.36	69.95	0.04	0.00	69.95	0.00	0.00	0.01	0.00	0.00	8388606	0.1198
42.67	41.74	0.28	41.70	0.03	0.00	41.70	0.00	0.00	0.00	0.00	0.00	8388606	0.2010
52.70	49.73	2.10	49.66	0.05	0.00	49.66	0.00	0.00	0.01	0.00	0.00	8388606	0.1687
55.16	50.20	2.91	49.27	0.92	0.00	49.27	0.00	0.00	0.01	0.00	0.00	8388606	0.1671
64.90	49.98	13.62	49.93	0.05	0.00	49.93	0.00	0.00	0.00	0.00	0.00	8388606	0.1678
82.08	75.77	4.06	75.71	0.05	0.00	75.71	0.00	0.00	0.00	0.00	0.00	8388606	0.1107
73.70	68.73	2.11	68.67	0.05	0.00	68.67	0.00	0.00	0.00	0.00	0.00	8388606	0.1221
53.71	49.42	2.46	49.38	0.04	0.00	49.38	0.00	0.00	0.00	0.00	0.00	8388606	0.1697
89.25	79.34	5.78	79.30	0.04	0.00	79.30	0.00	0.00	0.01	0.00	0.00	8388606	0.1057
52.14	45.58	5.92	45.53	0.04	0.00	45.53	0.00	0.00	0.00	0.00	0.00	8388606	0.1840
70.22	67.84	0.43	67.36	0.48	0.00	67.36	0.00	0.00	0.01	0.43	0.00	8388606	0.1237
62.37	56.90	2.12	56.83	0.07	0.00	56.83	0.00	0.00	0.01	0.00	0.00	8388606	0.1474
56.72	43.31	11.50	43.26	0.05	0.00	43.26	0.00	0.00	0.00	0.00	0.00	8388606	0.1937
81.56	74.11	5.54	74.04	0.06	0.00	74.04	0.00	0.00	0.01	0.00	0.00	8388606	0.1132
93.36	89.65	1.65	89.57	0.07	0.00	89.57	0.00	0.00	0.00	0.00	0.00	8388606	0.0936
64.18	59.37	2.31	59.30	0.05	0.00	59.30	0.00	0.00	0.00	0.00	0.00	8388606	0.1413
71.28	67.42	2.12	67.36	0.06	0.00	67.36	0.00	0.00	0.01	0.00	0.00	8388606	0.1244
82.12	76.76	1.82	76.70	0.06	0.00	76.70	0.00	0.00	0.00	0.00	0.00	8388606	0.1093
61.60	56.66	2.20	56.61	0.05	0.00	56.61	0.00	0.00	0.00	0.00	0.00	8388606	0.1481
56.15	53.39	2.10	53.34	0.04	0.00	53.34	0.00	0.00	0.00	0.00	0.00	8388606	0.1571
46.08	45.16	0.23	45.12	0.03	0.00	45.12	0.00	0.00	0.01	0.00	0.00	8388606	0.1858
SCALE: 18
nvtx: 262144
edgefactor: 16
terasize: 6.71088639999999987e-05
A: 5.69999999999999951e-01
B: 1.90000000000000002e-01
C: 1.90000000000000002e-01
D: 5.00000000000000444e-02
generation_time: 0.00000000000000000e+00
construction_time: 2.33151149899999988e+00
nbfs: 100
min_time: 2.11250000000000014e-02
firstquartile_time: 4.50265000760555270e-02
median_time: 5.79245000481605488e-02
thirdquartile_time: 6.84527499079704282e-02
max_time: 9.12969996929168665e-02
mean_time: 5.44071699869632733e-02
stddev_time: 1.91462146046654166e-02
min_nedge: 4.19425900000000000e+06
firstquartile_nedge: 4.19425900000000000e+06
median_nedge: 4.19425900000000000e+06
thirdquartile_nedge: 4.19425900000000000e+06
max_nedge: 4.19425900000000000e+06
mean_nedge: 4.19425900000000000e+06
stddev_nedge: 0.00000000000000000e+00
min_TEPS: 4.59408196776197553e+07
firstquartile_TEPS: 6.15636688422747701e+07
median_TEPS: 7.47245017181088626e+07
thirdquartile_TEPS: 9.43851158994790465e+07
max_TEPS: 1.98544804733727783e+08
harmonic_mean_TEPS: 7.70901886829438657e+07
harmonic_stddev_TEPS: 2.72651754914289434e+06
