[BASH] Running the CPU only (default) graph500 for scale 17 with sorted edges
file:/dev/null	benchmark:GRAPH500	vertices:131072	edges:4194302	partitioning:RANDOM	platform:CPU	alpha:50	repeat:1	gpu_count:1	thread_count:4	thread_sched:GUIDED	thread_bind:false	gpu_graph_mem:DEVICE	gpu_par_randomized:false	sorted:false	edge_sort_key:degree	edge_order:asc	separate_singletons:false	lambda:0	time_init:541.84	time_par:44.57	rmt_vertex:0	rmt_edge:0	beta:0	pid0:100,100,0,0	
total	exec	init	comp	comm	finalize	cpu_comp	gpu_comp	gpu_total_comp	scatter	gather	aggr	trv_edges	exec_rate
75.71	68.73	5.55	68.66	0.06	0.00	68.66	0.00	0.00	0.01	0.00	0.00	4194302	0.0610
46.64	41.98	3.26	41.92	0.05	0.00	41.92	0.00	0.00	0.00	0.00	0.00	4194302	0.0999
43.44	37.91	1.97	37.85	0.05	0.00	37.85	0.00	0.00	0.00	0.00	0.00	4194302	0.1107
87.99	78.04	5.64	77.97	0.06	0.00	77.97	0.00	0.00	0.01	0.00	0.00	4194302	0.0537
74.60	67.11	6.08	67.03	0.06	0.00	67.03	0.00	0.00	0.00	0.00	0.00	4194302	0.0625
43.71	40.25	1.99	39.76	0.48	0.00	39.76	0.00	0.00	0.01	0.00	0.00	4194302	0.1042
34.47	29.66	1.98	29.60	0.05	0.00	29.60	0.00	0.00	0.01	0.00	0.00	4194302	0.1414
59.04	46.17	3.78	46.11	0.05	0.00	46.11	0.00	0.00	0.01	0.00	0.00	4194302	0.0908
63.04	55.84	4.33	55.77	0.06	0.00	55.77	0.00	0.00	0.01	0.00	0.00	4194302	0.0751
60.54	49.15	3.80	49.08	0.06	0.00	49.08	0.00	0.00	0.01	0.01	0.00	4194302	0.0853
52.34	46.94	1.97	46.86	0.06	0.00	46.86	0.00	0.00	0.01	0.00	0.00	4194302	0.0894
35.74	33.32	2.09	33.27	0.04	0.00	33.27	0.00	0.00	0.01	0.00	0.00	4194302	0.1259
21.21	20.72	0.13	20.68	0.03	0.00	20.68	0.00	0.00	0.00	0.00	0.00	4194302	0.2025
22.02	21.58	0.13	21.54	0.03	0.00	21.54	0.00	0.00	0.00	0.00	0.00	4194302	0.1944
19.93	19.48	0.13	19.44	0.04	0.00	19.44	0.00	0.00	0.00	0.00	0.00	4194302	0.2153
23.98	23.52	0.13	23.48	0.04	0.00	23.48	0.00	0.00	0.00	0.00	0.00	4194302	0.1783
19.79	19.35	0.13	19.31	0.03	0.00	19.31	0.00	0.00	0.01	0.00	0.00	4194302	0.2168
25.01	24.56	0.15	24.52	0.04	0.00	24.52	0.00	0.00	0.00	0.00	0.00	4194302	0.1708
21.20	20.74	0.13	20.71	0.03	0.00	20.71	0.00	0.00	0.00	0.00	0.00	4194302	0.2022
20.25	19.80	0.13	19.77	0.03	0.00	19.77	0.00	0.00	0.00	0.00	0.00	4194302	0.2118
12.16	11.74	0.14	11.70	0.03	0.00	11.70	0.00	0.00	0.00	0.00	0.00	4194302	0.3574
23.21	21.45	0.45	21.40	0.04	0.00	21.40	0.00	0.00	0.00	0.00	0.00	4194302	0.1956
67.63	61.26	2.94	61.19	0.06	0.00	61.19	0.00	0.00	0.01	0.00	0.00	4194302	0.0685
69.55	61.48	4.80	61.41	0.06	0.00	61.41	0.00	0.00	0.01	0.00	0.00	4194302	0.0682
58.18	51.95	3.79	51.88	0.06	0.00	51.88	0.00	0.00	0.01	0.00	0.00	4194302	0.0807
44.99	39.75	3.82	39.68	0.05	0.00	39.68	0.00	0.00	0.01	0.00	0.00	4194302	0.1055
32.86	29.56	1.50	29.51	0.05	0.00	29.51	0.00	0.00	0.01	0.00	0.00	4194302	0.1419
59.33	53.66	1.39	53.59	0.06	0.00	53.59	0.00	0.00	0.00	0.00	0.00	4194302	0.0782
86.51	77.44	5.61	77.38	0.06	0.00	77.38	0.00	0.00	0.00	0.00	0.00	4194302	0.0542
56.70	50.09	5.63	50.03	0.06	0.00	50.03	0.00	0.00	0.00	0.00	0.00	4194302	0.0837
41.54	38.17	1.97	38.10	0.06	0.00	38.10	0.00	0.00	0.01	0.00	0.00	4194302	0.1099
43.07	38.46	1.54	38.40	0.05	0.00	38.40	0.00	0.00	0.00	0.00	0.00	4194302	0.1091
89.07	80.03	5.60	79.96	0.06	0.00	79.96	0.00	0.00	0.01	0.00	0.00	4194302	0.0524
66.09	58.06	5.61	58.00	0.05	0.00	58.00	0.00	0.00	0.01	0.00	0.00	4194302	0.0722
42.55	39.60	1.54	39.52	0.06	0.00	39.52	0.00	0.00	0.01	0.00	0.00	4194302	0.1059
41.57	37.27	2.96	37.21	0.06	0.00	37.21	0.00	0.00	0.01	0.00	0.00	4194302	0.1125
47.61	44.23	1.95	44.17	0.06	0.00	44.17	0.00	0.00	0.01	0.00	0.00	4194302	0.0948
66.00	62.21	2.39	62.14	0.05	0.00	62.14	0.00	0.00	0.00	0.00	0.00	4194302	0.0674
28.86	28.38	0.13	28.34	0.04	0.00	28.34	0.00	0.00	0.00	0.00	0.00	4194302	0.1478
21.89	21.43	0.13	21.39	0.03	0.00	21.39	0.00	0.00	0.00	0.00	0.00	4194302	0.1958
21.61	21.12	0.13	21.08	0.03	0.00	21.08	0.00	0.00	0.00	0.00	0.00	4194302	0.1986
50.91	46.04	2.02	45.97	0.05	0.00	45.97	0.00	0.00	0.01	0.00	0.00	4194302	0.0911
18.88	14.76	3.82	14.72	0.03	0.00	14.72	0.00	0.00	0.00	0.00	0.00	4194302	0.2842
46.14	42.49	3.29	42.44	0.04	0.00	42.44	0.00	0.00	0.01	0.00	0.00	4194302	0.0987
23.64	23.21	0.13	23.17	0.03	0.00	23.17	0.00	0.00	0.01	0.00	0.00	4194302	0.1807
22.99	22.49	0.15	22.45	0.04	0.00	22.45	0.00	0.00	0.00	0.00	0.00	4194302	0.1865
22.85	22.37	0.17	22.34	0.03	0.00	22.34	0.00	0.00	0.00	0.00	0.00	4194302	0.1875
21.22	20.74	0.13	20.71	0.03	0.00	20.71	0.00	0.00	0.00	0.00	0.00	4194302	0.2022
20.78	20.35	0.13	20.31	0.03	0.00	20.31	0.00	0.00	0.00	0.00	0.00	4194302	0.2061
19.84	19.38	0.15	19.35	0.03	0.00	19.35	0.00	0.00	0.00	0.00	0.00	4194302	0.2164
35.42	32.10	1.98	31.60	0.49	0.00	31.60	0.00	0.00	0.01	0.00	0.00	4194302	0.1307
41.13	38.85	1.98	38.79	0.05	0.00	38.79	0.00	0.00	0.00	0.00	0.00	4194302	0.1080
27.43	26.88	0.14	26.84	0.03	0.00	26.84	0.00	0.00	0.00	0.00	0.00	4194302	0.1560
24.18	23.67	0.15	23.64	0.03	0.00	23.64	0.00	0.00	0.00	0.00	0.00	4194302	0.1772
18.96	18.53	0.13	18.49	0.04	0.00	18.49	0.00	0.00	0.00	0.00	0.00	4194302	0.2263
23.29	22.77	0.15	22.74	0.03	0.00	22.74	0.00	0.00	0.00	0.00	0.00	4194302	0.1842
60.70	56.37	1.98	56.30	0.06	0.00	56.30	0.00	0.00	0.01	0.00	0.00	4194302	0.0744
51.82	45.64	3.76	45.56	0.06	0.00	45.56	0.00	0.00	0.00	0.00	0.00	4194302	0.0919
55.60	42.19	13.10	42.13	0.05	0.00	42.13	0.00	0.00	0.00	0.00	0.00	4194302	0.0994
32.35	31.87	0.13	31.83	0.04	0.00	31.83	0.00	0.00	0.00	0.00	0.00	4194302	0.1316
15.29	14.85	0.13	14.82	0.03	0.00	14.82	0.00	0.00	0.00	0.00	0.00	4194302	0.2825
24.35	23.89	0.14	23.85	0.03	0.00	23.85	0.00	0.00	0.00	0.00	0.00	4194302	0.1756
19.91	19.46	0.13	19.42	0.03	0.00	19.42	0.00	0.00	0.00	0.00	0.00	4194302	0.2156
24.83	24.40	0.13	24.35	0.05	0.00	24.35	0.00	0.00	0.00	0.00	0.00	4194302	0.1719
34.46	32.93	0.13	32.87	0.05	0.00	32.87	0.00	0.00	0.01	0.00	0.00	4194302	0.1274
51.69	46.67	1.58	46.60	0.05	0.00	46.60	0.00	0.00	0.00	0.00	0.00	4194302	0.0899
85.65	76.16	6.05	76.09	0.06	0.00	76.09	0.00	0.00	0.00	0.00	0.00	4194302	0.0551
66.00	58.98	5.61	58.92	0.06	0.00	58.92	0.00	0.00	0.01	0.00	0.00	4194302	0.0711
39.74	36.33	2.00	35.81	0.51	0.00	35.81	0.00	0.00	0.01	0.01	0.00	4194302	0.1154
57.17	53.77	2.00	53.70	0.05	0.00	53.70	0.00	0.00	0.01	0.00	0.00	4194302	0.0780
56.46	47.79	7.28	47.73	0.05	0.00	47.73	0.00	0.00	0.01	0.00	0.00	4194302	0.0878
62.48	49.65	11.42	49.59	0.06	0.00	49.59	0.00	0.00	0.01	0.00	0.00	4194302	0.0845
57.75	53.20	1.98	53.12	0.07	0.00	53.12	0.00	0.00	0.01	0.00	0.00	4194302	0.0788
46.13	39.16	5.66	39.10	0.05	0.00	39.10	0.00	0.00	0.01	0.00	0.00	4194302	0.1071
23.15	20.76	2.08	20.72	0.04	0.00	20.72	0.00	0.00	0.00	0.00	0.00	4194302	0.2020
29.38	28.94	0.13	28.90	0.03	0.00	28.90	0.00	0.00	0.00	0.00	0.00	4194302	0.1449
32.03	31.55	0.13	31.51	0.03	0.00	31.51	0.00	0.00	0.00	0.00	0.00	4194302	0.1329
34.14	33.66	0.13	33.63	0.03	0.00	33.63	0.00	0.00	0.01	0.00	0.00	4194302	0.1246
24.08	23.64	0.13	23.60	0.03	0.00	23.60	0.00	0.00	0.00	0.00	0.00	4194302	0.1775
24.38	23.91	0.13	23.88	0.03	0.00	23.88	0.00	0.00	0.00	0.00	0.00	4194302	0.1754
21.33	20.88	0.14	20.84	0.03	0.00	20.84	0.00	0.00	0.00	0.00	0.00	4194302	0.2009
25.44	24.97	0.15	24.92	0.03	0.00	24.92	0.00	0.00	0.01	0.00	0.00	4194302	0.1680
41.95	38.33	1.96	38.27	0.06	0.00	38.27	0.00	0.00	0.01	0.00	0.00	4194302	0.1094
82.62	77.26	1.92	77.19	0.06	0.00	77.19	0.00	0.00	0.01	0.00	0.00	4194302	0.0543
86.75	78.43	5.61	78.36	0.06	0.00	78.36	0.00	0.00	0.01	0.00	0.00	4194302	0.0535
46.19	42.28	1.97	42.22	0.05	0.00	42.22	0.00	0.00	0.01	0.00	0.00	4194302	0.0992
67.35	57.94	1.97	57.88	0.06	0.00	57.88	0.00	0.00	0.01	0.00	0.00	4194302	0.0724
59.84	55.36	3.12	55.30	0.05	0.00	55.30	0.00	0.00	0.01	0.00	0.00	4194302	0.0758
37.82	35.79	1.69	35.74	0.04	0.00	35.74	0.00	0.00	0.00	0.00	0.00	4194302	0.1172
24.78	24.34	0.13	24.29	0.04	0.00	24.29	0.00	0.00	0.01	0.00	0.00	4194302	0.1723
37.93	35.39	0.13	35.33	0.05	0.00	35.33	0.00	0.00	0.01	0.00	0.00	4194302	0.1185
43.16	39.00	2.86	38.94	0.05	0.00	38.94	0.00	0.00	0.01	0.00	0.00	4194302	0.1075
47.95	45.02	1.52	44.97	0.05	0.00	44.97	0.00	0.00	0.00	0.00	0.00	4194302	0.0932
81.64	74.41	3.79	74.34	0.06	0.00	74.34	0.00	0.00	0.01	0.00	0.00	4194302	0.0564
71.67	64.67	5.59	64.60	0.06	0.00	64.60	0.00	0.00	0.00	0.00	0.00	4194302	0.0649
40.93	37.55	1.97	37.48	0.06	0.00	37.48	0.00	0.00	0.01	0.00	0.00	4194302	0.1117
37.55	34.27	1.97	34.21	0.05	0.00	34.21	0.00	0.00	0.00	0.00	0.00	4194302	0.1224
88.41	79.73	5.23	79.66	0.06	0.00	79.66	0.00	0.00	0.01	0.00	0.00	4194302	0.0526
63.93	58.07	3.85	57.99	0.07	0.00	57.99	0.00	0.00	0.01	0.00	0.00	4194302	0.0722
51.05	43.99	5.67	43.92	0.06	0.00	43.92	0.00	0.00	0.01	0.00	0.00	4194302	0.0953
SCALE: 17
nvtx: 131072
edgefactor: 16
terasize: 3.35544319999999993e-05
A: 5.69999999999999951e-01
B: 1.90000000000000002e-01
C: 1.90000000000000002e-01
D: 5.00000000000000444e-02
generation_time: 0.00000000000000000e+00
construction_time: 1.24189874999999983e+00
nbfs: 100
min_time: 1.18730000257492065e-02
firstquartile_time: 2.38692501485347763e-02
median_time: 4.01860000491142261e-02
thirdquartile_time: 5.57394999265670710e-02
max_time: 8.56250001192092880e-02
mean_time: 4.19943100249767359e-02
stddev_time: 1.94757126632185591e-02
min_nedge: 2.09713500000000000e+06
firstquartile_nedge: 2.09713500000000000e+06
median_nedge: 2.09713500000000000e+06
thirdquartile_nedge: 2.09713500000000000e+06
max_nedge: 2.09713500000000000e+06
mean_nedge: 2.09713500000000000e+06
stddev_nedge: 0.00000000000000000e+00
min_TEPS: 2.44920875571423732e+07
firstquartile_TEPS: 3.79537870166531429e+07
median_TEPS: 5.25144920074714869e+07
thirdquartile_TEPS: 8.85412109926923811e+07
max_TEPS: 1.76630590032165617e+08
harmonic_mean_TEPS: 4.99385511692583859e+07
harmonic_stddev_TEPS: 2.32766914345262945e+06
