[BASH] Running the GPU only graph500 for scale 14 with sorted edges
file:/dev/null	benchmark:GRAPH500	vertices:16384	edges:524286	partitioning:RANDOM	platform:GPU	alpha:50	repeat:1	gpu_count:1	thread_count:4	thread_sched:GUIDED	thread_bind:false	gpu_graph_mem:DEVICE	gpu_par_randomized:false	sorted:false	edge_sort_key:degree	edge_order:asc	separate_singletons:false	lambda:0	time_init:181.51	time_par:3.62	rmt_vertex:0	rmt_edge:0	beta:0	pid0:100,100,0,0	
total	exec	init	comp	comm	finalize	cpu_comp	gpu_comp	gpu_total_comp	scatter	gather	aggr	trv_edges	exec_rate
99.68	97.40	0.47	94.59	2.80	0.00	0.00	94.59	94.59	0.00	0.00	0.18	524286	0.0054
37.88	34.62	1.07	29.90	4.71	0.00	0.00	29.90	29.90	0.00	0.00	0.18	524286	0.0151
43.55	38.89	1.05	31.91	6.97	0.00	0.00	31.91	31.91	0.00	0.00	0.12	524286	0.0135
49.49	45.18	0.71	33.91	11.26	0.00	0.00	33.91	33.91	0.00	0.00	0.14	524286	0.0116
116.57	113.71	0.72	75.15	38.54	0.00	0.00	75.15	75.15	0.00	0.00	0.13	524286	0.0046
52.88	49.91	0.73	35.95	13.95	0.00	0.00	35.95	35.95	0.00	0.00	0.12	524286	0.0105
49.65	46.84	0.68	36.18	10.64	0.00	0.00	36.18	36.18	0.00	0.00	0.12	524286	0.0112
49.02	46.62	0.71	35.88	10.73	0.00	0.00	35.88	35.88	0.00	0.00	0.12	524286	0.0112
49.67	45.39	0.69	31.02	14.36	0.00	0.00	31.02	31.02	0.00	0.00	0.13	524286	0.0115
22.35	21.21	0.50	20.60	0.60	0.00	0.00	20.60	20.60	0.00	0.00	0.07	524286	0.0247
32.29	29.92	0.32	21.34	8.56	0.00	0.00	21.34	21.34	0.00	0.00	0.09	524286	0.0175
28.12	25.50	0.48	24.41	1.07	0.00	0.00	24.41	24.41	0.00	0.00	0.12	524286	0.0206
27.27	24.43	0.70	23.03	1.39	0.00	0.00	23.03	23.03	0.00	0.00	0.12	524286	0.0215
29.59	26.74	0.71	25.62	1.10	0.00	0.00	25.62	25.62	0.00	0.00	0.13	524286	0.0196
33.61	30.76	0.71	26.07	4.68	0.00	0.00	26.07	26.07	0.00	0.00	0.14	524286	0.0170
40.14	37.29	0.70	27.07	10.21	0.00	0.00	27.07	27.07	0.00	0.00	0.12	524286	0.0141
42.07	39.23	0.69	26.24	12.97	0.00	0.00	26.24	26.24	0.00	0.00	0.12	524286	0.0134
47.96	37.40	0.68	29.81	7.57	0.00	0.00	29.81	29.81	0.00	0.00	7.88	524286	0.0140
29.35	26.54	0.68	25.31	1.22	0.00	0.00	25.31	25.31	0.00	0.00	0.12	524286	0.0198
45.03	42.17	0.72	40.97	1.19	0.00	0.00	40.97	40.97	0.00	0.00	0.12	524286	0.0124
41.99	39.03	0.71	26.67	12.36	0.00	0.00	26.67	26.67	0.00	0.00	0.13	524286	0.0134
56.69	53.83	0.71	29.31	24.51	0.00	0.00	29.31	29.31	0.00	0.00	0.12	524286	0.0097
33.89	31.06	0.68	22.66	8.39	0.00	0.00	22.66	22.66	0.00	0.00	0.14	524286	0.0169
35.08	32.12	0.67	27.05	5.06	0.00	0.00	27.05	27.05	0.00	0.00	0.12	524286	0.0163
32.66	29.79	0.70	28.35	1.42	0.00	0.00	28.35	28.35	0.00	0.00	0.12	524286	0.0176
29.80	27.14	0.59	26.34	0.80	0.00	0.00	26.34	26.34	0.00	0.00	0.09	524286	0.0193
29.77	25.98	0.43	23.31	2.66	0.00	0.00	23.31	23.31	0.00	0.00	0.09	524286	0.0202
36.82	32.61	0.50	22.65	9.95	0.00	0.00	22.65	22.65	0.00	0.00	0.12	524286	0.0161
28.52	24.25	0.67	22.87	1.37	0.00	0.00	22.87	22.87	0.00	0.00	0.14	524286	0.0216
27.65	23.41	0.65	22.19	1.21	0.00	0.00	22.19	22.19	0.00	0.00	0.12	524286	0.0224
36.62	32.22	0.69	23.89	8.32	0.00	0.00	23.89	23.89	0.00	0.00	0.13	524286	0.0163
46.15	41.89	0.68	29.57	12.30	0.00	0.00	29.57	29.57	0.00	0.00	0.12	524286	0.0125
34.93	30.53	0.70	24.77	5.74	0.00	0.00	24.77	24.77	0.00	0.00	0.12	524286	0.0172
39.50	35.20	0.71	29.73	5.46	0.00	0.00	29.73	29.73	0.00	0.00	0.12	524286	0.0149
34.09	29.80	0.67	28.41	1.38	0.00	0.00	28.41	28.41	0.00	0.00	0.14	524286	0.0176
35.83	31.41	0.71	30.16	1.24	0.00	0.00	30.16	30.16	0.00	0.00	0.12	524286	0.0167
30.98	26.30	0.98	25.19	1.10	0.00	0.00	25.19	25.19	0.00	0.00	0.12	524286	0.0199
35.88	31.59	0.69	24.36	7.22	0.00	0.00	24.36	24.36	0.00	0.00	0.12	524286	0.0166
40.00	36.55	0.69	31.87	4.66	0.00	0.00	31.87	31.87	0.00	0.00	0.13	524286	0.0143
38.77	35.95	0.74	27.18	8.76	0.00	0.00	27.18	27.18	0.00	0.00	0.12	524286	0.0146
30.32	27.53	0.67	26.07	1.45	0.00	0.00	26.07	26.07	0.00	0.00	0.16	524286	0.0190
32.49	29.59	0.82	27.96	1.62	0.00	0.00	27.96	27.96	0.00	0.00	0.12	524286	0.0177
32.05	29.41	0.68	28.43	0.97	0.00	0.00	28.43	28.43	0.00	0.00	0.10	524286	0.0178
29.65	27.11	0.55	25.62	1.47	0.00	0.00	25.62	25.62	0.00	0.00	0.12	524286	0.0193
26.08	24.08	0.64	23.07	1.01	0.00	0.00	23.07	23.07	0.00	0.00	0.09	524286	0.0218
25.79	24.60	0.56	22.56	2.03	0.00	0.00	22.56	22.56	0.00	0.00	0.07	524286	0.0213
27.04	24.41	0.46	23.57	0.83	0.00	0.00	23.57	23.57	0.00	0.00	0.13	524286	0.0215
46.77	43.95	0.69	26.44	17.49	0.00	0.00	26.44	26.44	0.00	0.00	0.12	524286	0.0119
41.46	38.61	0.71	24.49	14.11	0.00	0.00	24.49	24.49	0.00	0.00	0.13	524286	0.0136
67.76	64.91	0.71	41.89	23.01	0.00	0.00	41.89	41.89	0.00	0.00	0.12	524286	0.0081
45.34	42.46	0.69	28.21	14.23	0.00	0.00	28.21	28.21	0.00	0.00	0.12	524286	0.0123
59.00	56.09	0.71	42.40	13.67	0.00	0.00	42.40	42.40	0.00	0.00	0.18	524286	0.0093
35.52	32.33	1.00	30.29	2.03	0.00	0.00	30.29	30.29	0.00	0.00	0.19	524286	0.0162
31.27	28.03	0.99	25.90	2.11	0.00	0.00	25.90	25.90	0.00	0.00	0.24	524286	0.0187
33.20	29.72	1.28	27.93	1.79	0.00	0.00	27.93	27.93	0.00	0.00	0.18	524286	0.0176
49.38	45.64	1.05	30.69	14.94	0.00	0.00	30.69	30.69	0.00	0.00	0.13	524286	0.0115
35.84	32.98	0.70	30.86	2.11	0.00	0.00	30.86	30.86	0.00	0.00	0.12	524286	0.0159
35.75	33.03	0.74	31.92	1.10	0.00	0.00	31.92	31.92	0.00	0.00	0.10	524286	0.0159
27.89	26.30	0.94	22.59	3.70	0.00	0.00	22.59	22.59	0.00	0.00	0.08	524286	0.0199
21.58	20.63	0.31	20.08	0.54	0.00	0.00	20.08	20.08	0.00	0.00	0.07	524286	0.0254
40.33	39.36	0.31	24.33	15.01	0.00	0.00	24.33	24.33	0.00	0.00	0.12	524286	0.0133
39.14	37.78	0.68	23.93	13.84	0.00	0.00	23.93	23.93	0.00	0.00	0.12	524286	0.0139
41.58	40.24	0.65	25.43	14.80	0.00	0.00	25.43	25.43	0.00	0.00	0.15	524286	0.0130
44.68	43.33	0.69	28.02	15.30	0.00	0.00	28.02	28.02	0.00	0.00	0.12	524286	0.0121
41.33	39.97	0.69	28.12	11.84	0.00	0.00	28.12	28.12	0.00	0.00	0.12	524286	0.0131
39.28	37.91	0.70	22.12	15.77	0.00	0.00	22.12	22.12	0.00	0.00	0.13	524286	0.0138
38.97	37.58	0.71	27.14	10.42	0.00	0.00	27.14	27.14	0.00	0.00	0.14	524286	0.0140
32.52	29.70	0.69	24.01	5.67	0.00	0.00	24.01	24.01	0.00	0.00	0.12	524286	0.0177
26.66	23.82	0.71	22.63	1.19	0.00	0.00	22.63	22.63	0.00	0.00	0.12	524286	0.0220
42.03	39.15	0.71	27.78	11.35	0.00	0.00	27.78	27.78	0.00	0.00	0.14	524286	0.0134
43.30	40.42	0.74	24.24	16.17	0.00	0.00	24.24	24.24	0.00	0.00	0.12	524286	0.0130
38.68	35.95	0.71	29.09	6.85	0.00	0.00	29.09	29.09	0.00	0.00	0.12	524286	0.0146
33.93	31.36	0.59	30.44	0.91	0.00	0.00	30.44	30.44	0.00	0.00	0.10	524286	0.0167
30.15	28.40	0.54	27.03	1.36	0.00	0.00	27.03	27.03	0.00	0.00	0.13	524286	0.0185
24.55	23.31	0.58	22.36	0.94	0.00	0.00	22.36	22.36	0.00	0.00	0.10	524286	0.0225
24.93	23.77	0.53	22.60	1.16	0.00	0.00	22.60	22.60	0.00	0.00	0.10	524286	0.0221
24.28	23.09	0.52	22.16	0.92	0.00	0.00	22.16	22.16	0.00	0.00	0.10	524286	0.0227
26.53	24.08	0.52	23.40	0.68	0.00	0.00	23.40	23.40	0.00	0.00	0.09	524286	0.0218
29.14	26.47	0.61	25.08	1.39	0.00	0.00	25.08	25.08	0.00	0.00	0.14	524286	0.0198
30.29	27.27	0.83	25.31	1.95	0.00	0.00	25.31	25.31	0.00	0.00	0.18	524286	0.0192
33.55	30.36	0.99	28.58	1.78	0.00	0.00	28.58	28.58	0.00	0.00	0.18	524286	0.0173
53.47	49.84	0.99	41.07	8.76	0.00	0.00	41.07	41.07	0.00	0.00	0.63	524286	0.0105
43.46	39.97	1.27	37.99	1.97	0.00	0.00	37.99	37.99	0.00	0.00	0.20	524286	0.0131
62.29	59.10	0.98	33.36	25.73	0.00	0.00	33.36	33.36	0.00	0.00	0.20	524286	0.0089
38.58	35.09	1.29	33.20	1.89	0.00	0.00	33.20	33.20	0.00	0.00	0.18	524286	0.0149
44.06	40.90	0.94	31.16	9.72	0.00	0.00	31.16	31.16	0.00	0.00	0.20	524286	0.0128
47.41	44.25	0.97	35.46	8.77	0.00	0.00	35.46	35.46	0.00	0.00	0.18	524286	0.0118
50.68	47.51	0.99	41.62	5.87	0.00	0.00	41.62	41.62	0.00	0.00	0.18	524286	0.0110
57.92	54.79	1.00	47.69	7.10	0.00	0.00	47.69	47.69	0.00	0.00	0.16	524286	0.0096
36.86	34.17	0.68	32.83	1.34	0.00	0.00	32.83	32.83	0.00	0.00	0.13	524286	0.0153
26.64	24.02	0.63	22.74	1.27	0.00	0.00	22.74	22.74	0.00	0.00	0.12	524286	0.0218
29.67	27.03	0.64	25.84	1.19	0.00	0.00	25.84	25.84	0.00	0.00	0.13	524286	0.0194
28.40	25.77	0.63	24.45	1.31	0.00	0.00	24.45	24.45	0.00	0.00	0.13	524286	0.0203
35.11	32.55	0.63	31.72	0.83	0.00	0.00	31.72	31.72	0.00	0.00	0.07	524286	0.0161
42.76	40.29	0.32	25.19	15.09	0.00	0.00	25.19	25.19	0.00	0.00	0.12	524286	0.0130
53.99	51.14	0.71	28.44	22.68	0.00	0.00	28.44	28.44	0.00	0.00	0.13	524286	0.0103
49.24	46.34	0.70	42.96	3.37	0.00	0.00	42.96	42.96	0.00	0.00	0.18	524286	0.0113
49.67	46.50	0.98	30.10	16.39	0.00	0.00	30.10	30.10	0.00	0.00	0.18	524286	0.0113
47.86	44.68	0.99	35.50	9.17	0.00	0.00	35.50	35.50	0.00	0.00	0.18	524286	0.0117
36.34	34.69	0.96	29.90	4.78	0.00	0.00	29.90	29.90	0.00	0.00	0.13	524286	0.0151
SCALE: 14
nvtx: 16384
edgefactor: 16
terasize: 4.19430399999999992e-06
A: 5.69999999999999951e-01
B: 1.90000000000000002e-01
C: 1.90000000000000002e-01
D: 5.00000000000000444e-02
generation_time: 0.00000000000000000e+00
construction_time: 2.31650917000000012e-01
nbfs: 100
min_time: 2.09429999589920042e-02
firstquartile_time: 2.81254998743534074e-02
median_time: 3.52520001530647262e-02
thirdquartile_time: 4.28097499310970270e-02
max_time: 1.14427000045776370e-01
mean_time: 3.72598799932002955e-02
stddev_time: 1.36142348508063622e-02
min_nedge: 2.62140000000000000e+05
firstquartile_nedge: 2.62140000000000000e+05
median_nedge: 2.62140000000000000e+05
thirdquartile_nedge: 2.62140000000000000e+05
max_nedge: 2.62140000000000000e+05
mean_nedge: 2.62140000000000000e+05
stddev_nedge: 0.00000000000000000e+00
min_TEPS: 2.29089288275609119e+06
firstquartile_TEPS: 6.28822910057632253e+06
median_TEPS: 7.77345620792320929e+06
thirdquartile_TEPS: 9.46619286841849796e+06
max_TEPS: 1.25168314240218773e+07
harmonic_mean_TEPS: 7.03544939081496838e+06
harmonic_stddev_TEPS: 2.58360450000170444e+05
