[BASH] Running the GPU only graph500 for scale 15
file:/dev/null	benchmark:GRAPH500	vertices:32768	edges:1048574	partitioning:RANDOM	platform:GPU	alpha:50	repeat:1	gpu_count:1	thread_count:1	thread_sched:GUIDED	thread_bind:false	gpu_graph_mem:DEVICE	gpu_par_randomized:false	sorted:false	edge_sort_key:id	edge_order:asc	separate_singletons:false	lambda:0	time_init:130.98	time_par:2.49	rmt_vertex:0	rmt_edge:0	beta:0	pid0:100,100,0,0	
total	exec	init	comp	comm	finalize	cpu_comp	gpu_comp	gpu_total_comp	scatter	gather	aggr	trv_edges	exec_rate
114.81	110.44	0.46	108.92	1.52	0.00	0.00	108.92	108.92	0.00	0.00	0.10	1048574	0.0095
56.64	52.35	0.45	51.47	0.88	0.00	0.00	51.47	51.47	0.00	0.00	0.09	1048574	0.0200
44.81	40.52	0.44	39.62	0.90	0.00	0.00	39.62	39.62	0.00	0.00	0.09	1048574	0.0259
48.13	43.70	0.59	42.83	0.86	0.00	0.00	42.83	42.83	0.00	0.00	0.09	1048574	0.0240
45.95	41.64	0.44	40.91	0.72	0.00	0.00	40.91	40.91	0.00	0.00	0.09	1048574	0.0252
48.81	44.51	0.42	43.76	0.74	0.00	0.00	43.76	43.76	0.00	0.00	0.09	1048574	0.0236
50.33	46.04	0.45	45.30	0.73	0.00	0.00	45.30	45.30	0.00	0.00	0.10	1048574	0.0228
50.42	46.14	0.44	45.33	0.80	0.00	0.00	45.33	45.33	0.00	0.00	0.09	1048574	0.0227
46.96	42.68	0.44	41.76	0.92	0.00	0.00	41.76	41.76	0.00	0.00	0.09	1048574	0.0246
48.72	44.43	0.42	43.50	0.93	0.00	0.00	43.50	43.50	0.00	0.00	0.09	1048574	0.0236
50.06	45.78	0.44	45.05	0.72	0.00	0.00	45.05	45.05	0.00	0.00	0.09	1048574	0.0229
47.24	42.96	0.44	42.31	0.65	0.00	0.00	42.31	42.31	0.00	0.00	0.10	1048574	0.0244
47.65	43.38	0.43	42.65	0.72	0.00	0.00	42.65	42.65	0.00	0.00	0.10	1048574	0.0242
48.89	44.61	0.44	43.95	0.66	0.00	0.00	43.95	43.95	0.00	0.00	0.09	1048574	0.0235
51.72	47.40	0.43	46.74	0.65	0.00	0.00	46.74	46.74	0.00	0.00	0.09	1048574	0.0221
46.93	42.62	0.43	41.97	0.65	0.00	0.00	41.97	41.97	0.00	0.00	0.09	1048574	0.0246
47.90	43.39	0.65	42.66	0.72	0.00	0.00	42.66	42.66	0.00	0.00	0.09	1048574	0.0242
46.75	42.50	0.43	41.62	0.87	0.00	0.00	41.62	41.62	0.00	0.00	0.09	1048574	0.0247
52.78	48.51	0.44	47.86	0.65	0.00	0.00	47.86	47.86	0.00	0.00	0.09	1048574	0.0216
47.86	43.58	0.43	42.69	0.87	0.00	0.00	42.69	42.69	0.00	0.00	0.09	1048574	0.0241
45.79	41.50	0.42	40.61	0.89	0.00	0.00	40.61	40.61	0.00	0.00	0.09	1048574	0.0253
54.90	50.62	0.44	49.73	0.89	0.00	0.00	49.73	49.73	0.00	0.00	0.10	1048574	0.0207
47.37	43.10	0.43	42.45	0.65	0.00	0.00	42.45	42.45	0.00	0.00	0.09	1048574	0.0243
49.81	45.54	0.43	44.83	0.70	0.00	0.00	44.83	44.83	0.00	0.00	0.09	1048574	0.0230
46.77	42.47	0.43	41.57	0.90	0.00	0.00	41.57	41.57	0.00	0.00	0.09	1048574	0.0247
47.54	43.28	0.42	42.57	0.71	0.00	0.00	42.57	42.57	0.00	0.00	0.10	1048574	0.0242
47.87	43.60	0.42	42.73	0.86	0.00	0.00	42.73	42.73	0.00	0.00	0.09	1048574	0.0240
46.33	42.05	0.44	41.16	0.88	0.00	0.00	41.16	41.16	0.00	0.00	0.09	1048574	0.0249
50.42	46.14	0.43	45.34	0.80	0.00	0.00	45.34	45.34	0.00	0.00	0.09	1048574	0.0227
51.01	46.82	0.34	46.16	0.66	0.00	0.00	46.16	46.16	0.00	0.00	0.10	1048574	0.0224
48.59	44.38	0.34	43.72	0.66	0.00	0.00	43.72	43.72	0.00	0.00	0.09	1048574	0.0236
48.73	44.51	0.35	43.83	0.67	0.00	0.00	43.83	43.83	0.00	0.00	0.10	1048574	0.0236
47.04	42.82	0.34	42.09	0.72	0.00	0.00	42.09	42.09	0.00	0.00	0.09	1048574	0.0245
50.35	46.15	0.35	45.34	0.81	0.00	0.00	45.34	45.34	0.00	0.00	0.09	1048574	0.0227
49.81	45.62	0.34	44.96	0.65	0.00	0.00	44.96	44.96	0.00	0.00	0.10	1048574	0.0230
47.14	42.96	0.34	42.29	0.66	0.00	0.00	42.29	42.29	0.00	0.00	0.09	1048574	0.0244
52.45	48.23	0.35	47.37	0.86	0.00	0.00	47.37	47.37	0.00	0.00	0.09	1048574	0.0217
46.44	42.25	0.35	41.53	0.71	0.00	0.00	41.53	41.53	0.00	0.00	0.10	1048574	0.0248
45.32	41.10	0.35	40.37	0.72	0.00	0.00	40.37	40.37	0.00	0.00	0.10	1048574	0.0255
48.21	43.94	0.39	43.21	0.72	0.00	0.00	43.21	43.21	0.00	0.00	0.10	1048574	0.0239
52.13	47.93	0.35	47.05	0.88	0.00	0.00	47.05	47.05	0.00	0.00	0.09	1048574	0.0219
55.35	51.17	0.34	50.51	0.65	0.00	0.00	50.51	50.51	0.00	0.00	0.10	1048574	0.0205
46.29	42.07	0.34	41.21	0.86	0.00	0.00	41.21	41.21	0.00	0.00	0.10	1048574	0.0249
50.29	46.11	0.34	45.44	0.66	0.00	0.00	45.44	45.44	0.00	0.00	0.10	1048574	0.0227
51.25	47.07	0.34	46.41	0.65	0.00	0.00	46.41	46.41	0.00	0.00	0.09	1048574	0.0223
47.85	43.68	0.33	42.96	0.72	0.00	0.00	42.96	42.96	0.00	0.00	0.09	1048574	0.0240
46.73	42.53	0.34	41.66	0.86	0.00	0.00	41.66	41.66	0.00	0.00	0.10	1048574	0.0247
48.86	44.69	0.33	44.03	0.66	0.00	0.00	44.03	44.03	0.00	0.00	0.09	1048574	0.0235
50.71	46.50	0.34	45.85	0.65	0.00	0.00	45.85	45.85	0.00	0.00	0.09	1048574	0.0225
49.90	45.71	0.35	45.05	0.65	0.00	0.00	45.05	45.05	0.00	0.00	0.10	1048574	0.0229
47.14	42.87	0.43	42.15	0.71	0.00	0.00	42.15	42.15	0.00	0.00	0.10	1048574	0.0245
47.86	43.36	0.66	42.64	0.71	0.00	0.00	42.64	42.64	0.00	0.00	0.10	1048574	0.0242
56.47	52.15	0.48	51.34	0.80	0.00	0.00	51.34	51.34	0.00	0.00	0.10	1048574	0.0201
49.88	45.36	0.68	44.66	0.70	0.00	0.00	44.66	44.66	0.00	0.00	0.10	1048574	0.0231
48.24	43.97	0.43	43.24	0.72	0.00	0.00	43.24	43.24	0.00	0.00	0.09	1048574	0.0238
48.38	44.08	0.43	43.40	0.67	0.00	0.00	43.40	43.40	0.00	0.00	0.10	1048574	0.0238
51.13	46.85	0.43	46.19	0.66	0.00	0.00	46.19	46.19	0.00	0.00	0.10	1048574	0.0224
46.63	42.32	0.48	41.60	0.71	0.00	0.00	41.60	41.60	0.00	0.00	0.09	1048574	0.0248
52.94	48.64	0.42	47.81	0.83	0.00	0.00	47.81	47.81	0.00	0.00	0.09	1048574	0.0216
47.10	42.79	0.44	41.91	0.87	0.00	0.00	41.91	41.91	0.00	0.00	0.09	1048574	0.0245
49.51	45.09	0.58	44.22	0.86	0.00	0.00	44.22	44.22	0.00	0.00	0.09	1048574	0.0233
45.05	40.76	0.43	40.04	0.71	0.00	0.00	40.04	40.04	0.00	0.00	0.09	1048574	0.0257
49.17	44.72	0.61	44.04	0.67	0.00	0.00	44.04	44.04	0.00	0.00	0.10	1048574	0.0234
53.09	48.65	0.60	47.93	0.71	0.00	0.00	47.93	47.93	0.00	0.00	0.09	1048574	0.0216
49.21	44.73	0.65	44.01	0.71	0.00	0.00	44.01	44.01	0.00	0.00	0.09	1048574	0.0234
48.70	44.42	0.43	43.77	0.65	0.00	0.00	43.77	43.77	0.00	0.00	0.09	1048574	0.0236
47.32	43.03	0.44	42.37	0.65	0.00	0.00	42.37	42.37	0.00	0.00	0.09	1048574	0.0244
45.42	41.14	0.44	40.42	0.71	0.00	0.00	40.42	40.42	0.00	0.00	0.10	1048574	0.0255
52.16	47.89	0.44	47.23	0.65	0.00	0.00	47.23	47.23	0.00	0.00	0.09	1048574	0.0219
59.55	55.25	0.43	54.40	0.85	0.00	0.00	54.40	54.40	0.00	0.00	0.10	1048574	0.0190
48.67	44.20	0.62	43.53	0.66	0.00	0.00	43.53	43.53	0.00	0.00	0.10	1048574	0.0237
51.62	47.35	0.43	46.70	0.65	0.00	0.00	46.70	46.70	0.00	0.00	0.09	1048574	0.0221
46.65	42.39	0.42	41.52	0.87	0.00	0.00	41.52	41.52	0.00	0.00	0.09	1048574	0.0247
45.74	41.46	0.44	40.57	0.88	0.00	0.00	40.57	40.57	0.00	0.00	0.09	1048574	0.0253
49.65	45.35	0.43	44.46	0.88	0.00	0.00	44.46	44.46	0.00	0.00	0.09	1048574	0.0231
50.26	45.96	0.42	45.24	0.71	0.00	0.00	45.24	45.24	0.00	0.00	0.09	1048574	0.0228
47.94	42.41	1.66	41.69	0.71	0.00	0.00	41.69	41.69	0.00	0.00	0.09	1048574	0.0247
49.85	45.57	0.44	44.67	0.89	0.00	0.00	44.67	44.67	0.00	0.00	0.10	1048574	0.0230
45.54	41.24	0.43	40.53	0.71	0.00	0.00	40.53	40.53	0.00	0.00	0.09	1048574	0.0254
48.60	44.06	0.65	43.40	0.66	0.00	0.00	43.40	43.40	0.00	0.00	0.09	1048574	0.0238
53.47	49.20	0.44	48.32	0.86	0.00	0.00	48.32	48.32	0.00	0.00	0.10	1048574	0.0213
46.59	42.13	0.62	41.48	0.65	0.00	0.00	41.48	41.48	0.00	0.00	0.09	1048574	0.0249
49.14	44.87	0.44	44.20	0.66	0.00	0.00	44.20	44.20	0.00	0.00	0.09	1048574	0.0234
50.05	45.76	0.45	45.04	0.71	0.00	0.00	45.04	45.04	0.00	0.00	0.10	1048574	0.0229
47.08	42.80	0.43	42.06	0.74	0.00	0.00	42.06	42.06	0.00	0.02	0.09	1048574	0.0245
48.21	43.94	0.43	43.23	0.71	0.00	0.00	43.23	43.23	0.00	0.00	0.09	1048574	0.0239
50.28	46.01	0.43	45.20	0.81	0.00	0.00	45.20	45.20	0.00	0.00	0.09	1048574	0.0228
50.66	46.36	0.43	45.33	1.02	0.00	0.00	45.33	45.33	0.00	0.00	0.10	1048574	0.0226
54.12	49.83	0.43	48.96	0.86	0.00	0.00	48.96	48.96	0.00	0.00	0.09	1048574	0.0210
45.54	41.26	0.43	40.36	0.90	0.00	0.00	40.36	40.36	0.00	0.00	0.09	1048574	0.0254
53.60	49.33	0.42	48.53	0.80	0.00	0.00	48.53	48.53	0.00	0.00	0.09	1048574	0.0213
47.28	43.01	0.43	42.29	0.71	0.00	0.00	42.29	42.29	0.00	0.00	0.09	1048574	0.0244
47.75	43.49	0.43	42.78	0.70	0.00	0.00	42.78	42.78	0.00	0.00	0.09	1048574	0.0241
47.32	42.88	0.60	42.16	0.71	0.00	0.00	42.16	42.16	0.00	0.00	0.10	1048574	0.0245
51.87	47.61	0.43	46.78	0.83	0.00	0.00	46.78	46.78	0.00	0.00	0.09	1048574	0.0220
45.96	41.48	0.64	40.76	0.71	0.00	0.00	40.76	40.76	0.00	0.00	0.09	1048574	0.0253
52.45	48.15	0.43	47.12	1.03	0.00	0.00	47.12	47.12	0.00	0.00	0.09	1048574	0.0218
51.88	47.60	0.44	46.71	0.87	0.00	0.00	46.71	46.71	0.00	0.00	0.10	1048574	0.0220
50.82	46.56	0.42	45.68	0.87	0.00	0.00	45.68	45.68	0.00	0.00	0.10	1048574	0.0225
48.44	44.16	0.44	43.23	0.92	0.00	0.00	43.23	43.23	0.00	0.00	0.09	1048574	0.0237
SCALE: 15
nvtx: 32768
edgefactor: 16
terasize: 8.38860799999999983e-06
A: 5.69999999999999951e-01
B: 1.90000000000000002e-01
C: 1.90000000000000002e-01
D: 5.00000000000000444e-02
generation_time: 0.00000000000000000e+00
construction_time: 3.44477332999999997e-01
nbfs: 100
min_time: 4.09609999656677243e-02
firstquartile_time: 4.33255000114440916e-02
median_time: 4.48580002784728996e-02
thirdquartile_time: 4.69427499771118140e-02
max_time: 1.10895999431610104e-01
mean_time: 4.60147399950027458e-02
stddev_time: 7.11587102967398653e-03
min_nedge: 5.24282000000000000e+05
firstquartile_nedge: 5.24282000000000000e+05
median_nedge: 5.24282000000000000e+05
thirdquartile_nedge: 5.24282000000000000e+05
max_nedge: 5.24282000000000000e+05
mean_nedge: 5.24282000000000000e+05
stddev_nedge: 0.00000000000000000e+00
min_TEPS: 4.72769083363846969e+06
firstquartile_TEPS: 1.12175713442449607e+07
median_TEPS: 1.16930674492446035e+07
thirdquartile_TEPS: 1.21225517244862169e+07
max_TEPS: 1.27995410375585891e+07
harmonic_mean_TEPS: 1.13937838192052711e+07
harmonic_stddev_TEPS: 1.77084876766815287e+05
