[BASH] Running the GPU only graph500 for scale 19
file:/dev/null	benchmark:GRAPH500	vertices:524288	edges:16777214	partitioning:RANDOM	platform:GPU	alpha:50	repeat:1	gpu_count:1	thread_count:1	thread_sched:GUIDED	thread_bind:false	gpu_graph_mem:DEVICE	gpu_par_randomized:false	sorted:false	edge_sort_key:id	edge_order:asc	separate_singletons:false	lambda:0	time_init:1650.60	time_par:40.56	rmt_vertex:0	rmt_edge:0	beta:0	pid0:100,100,0,0	
total	exec	init	comp	comm	finalize	cpu_comp	gpu_comp	gpu_total_comp	scatter	gather	aggr	trv_edges	exec_rate
1381.28	1319.60	0.47	1317.21	2.37	0.00	0.00	1317.21	1317.21	0.00	0.00	0.40	16777214	0.0127
696.36	635.34	0.42	634.29	1.04	0.00	0.00	634.29	634.29	0.00	0.00	0.40	16777214	0.0264
668.51	607.40	0.52	606.39	1.00	0.00	0.00	606.39	606.39	0.00	0.00	0.40	16777214	0.0276
671.36	610.32	0.46	609.27	1.04	0.00	0.00	609.27	609.27	0.00	0.00	0.40	16777214	0.0275
690.85	629.78	0.43	628.77	1.01	0.00	0.00	628.77	628.77	0.00	0.00	0.41	16777214	0.0266
718.71	657.65	0.42	656.57	1.07	0.00	0.00	656.57	656.57	0.00	0.00	0.40	16777214	0.0255
704.68	643.65	0.42	642.24	1.40	0.00	0.00	642.24	642.24	0.00	0.00	0.39	16777214	0.0261
702.63	641.54	0.42	640.48	1.05	0.00	0.00	640.48	640.48	0.00	0.00	0.40	16777214	0.0262
685.71	624.42	0.63	623.45	0.96	0.00	0.00	623.45	623.45	0.00	0.00	0.40	16777214	0.0269
695.58	634.43	0.45	633.40	1.03	0.00	0.00	633.40	633.40	0.00	0.00	0.40	16777214	0.0264
703.38	642.31	0.44	641.25	1.05	0.00	0.00	641.25	641.25	0.00	0.00	0.40	16777214	0.0261
669.15	608.08	0.42	607.07	1.00	0.00	0.00	607.07	607.07	0.00	0.00	0.40	16777214	0.0276
669.90	608.77	0.47	607.68	1.07	0.00	0.00	607.68	607.68	0.00	0.00	0.40	16777214	0.0276
677.25	616.24	0.43	615.22	1.02	0.00	0.00	615.22	615.22	0.00	0.00	0.40	16777214	0.0272
692.89	631.83	0.43	630.81	1.01	0.00	0.00	630.81	630.81	0.00	0.00	0.40	16777214	0.0266
691.92	630.72	0.54	629.69	1.02	0.00	0.00	629.69	629.69	0.00	0.00	0.40	16777214	0.0266
684.77	623.68	0.46	622.64	1.03	0.00	0.00	622.64	622.64	0.00	0.00	0.40	16777214	0.0269
687.54	626.46	0.43	625.40	1.06	0.00	0.00	625.40	625.40	0.00	0.00	0.40	16777214	0.0268
673.65	612.56	0.41	611.55	1.00	0.00	0.00	611.55	611.55	0.00	0.00	0.40	16777214	0.0274
684.47	623.34	0.46	622.29	1.05	0.00	0.00	622.29	622.29	0.00	0.00	0.40	16777214	0.0269
691.38	630.22	0.46	629.15	1.06	0.00	0.00	629.15	629.15	0.00	0.00	0.40	16777214	0.0266
720.70	659.59	0.46	658.53	1.06	0.00	0.00	658.53	658.53	0.00	0.00	0.40	16777214	0.0254
700.54	639.47	0.45	638.25	1.21	0.00	0.00	638.25	638.25	0.00	0.00	0.40	16777214	0.0262
685.80	624.75	0.42	623.74	1.00	0.00	0.00	623.74	623.74	0.00	0.00	0.39	16777214	0.0269
674.27	613.15	0.45	612.14	1.00	0.00	0.00	612.14	612.14	0.00	0.00	0.40	16777214	0.0274
692.86	631.67	0.42	630.60	1.06	0.00	0.00	630.60	630.60	0.00	0.00	0.40	16777214	0.0266
669.00	607.86	0.42	606.80	1.07	0.00	0.00	606.80	606.80	0.00	0.00	0.40	16777214	0.0276
693.05	631.96	0.42	630.97	0.99	0.00	0.00	630.97	630.97	0.00	0.00	0.40	16777214	0.0265
680.93	619.77	0.46	618.71	1.05	0.00	0.00	618.71	618.71	0.00	0.00	0.40	16777214	0.0271
699.90	638.77	0.44	637.67	1.09	0.00	0.00	637.67	637.67	0.00	0.00	0.39	16777214	0.0263
720.22	659.05	0.49	657.90	1.14	0.00	0.00	657.90	657.90	0.00	0.00	0.40	16777214	0.0255
671.94	610.90	0.42	609.88	1.01	0.00	0.00	609.88	609.88	0.00	0.00	0.40	16777214	0.0275
678.09	616.95	0.42	615.86	1.08	0.00	0.00	615.86	615.86	0.00	0.00	0.40	16777214	0.0272
4626.31	4565.17	0.45	4564.42	0.75	0.00	0.00	4564.42	4564.42	0.00	0.00	0.40	16777214	0.0037
704.76	643.65	0.42	642.65	1.00	0.00	0.00	642.65	642.65	0.00	0.00	0.40	16777214	0.0261
681.27	620.16	0.42	619.01	1.15	0.00	0.00	619.01	619.01	0.00	0.00	0.40	16777214	0.0271
728.81	667.67	0.42	666.54	1.13	0.00	0.00	666.54	666.54	0.00	0.00	0.40	16777214	0.0251
699.26	638.13	0.42	637.05	1.07	0.00	0.00	637.05	637.05	0.00	0.00	0.40	16777214	0.0263
692.03	630.86	0.45	629.79	1.06	0.00	0.00	629.79	629.79	0.00	0.00	0.39	16777214	0.0266
667.57	606.46	0.42	605.46	1.00	0.00	0.00	605.46	605.46	0.00	0.00	0.40	16777214	0.0277
668.86	607.61	0.46	606.52	1.08	0.00	0.00	606.52	606.52	0.00	0.00	0.40	16777214	0.0276
685.49	624.43	0.41	623.34	1.08	0.00	0.00	623.34	623.34	0.00	0.00	0.40	16777214	0.0269
701.53	640.42	0.46	639.31	1.10	0.00	0.00	639.31	639.31	0.00	0.00	0.40	16777214	0.0262
673.34	612.21	0.46	611.18	1.02	0.00	0.00	611.18	611.18	0.00	0.00	0.40	16777214	0.0274
706.60	645.49	0.42	644.42	1.06	0.00	0.00	644.42	644.42	0.00	0.00	0.40	16777214	0.0260
686.30	625.13	0.47	624.11	1.01	0.00	0.00	624.11	624.11	0.00	0.00	0.39	16777214	0.0268
704.77	643.70	0.43	642.70	0.99	0.00	0.00	642.70	642.70	0.00	0.00	0.40	16777214	0.0261
701.08	640.04	0.42	638.94	1.09	0.00	0.00	638.94	638.94	0.00	0.00	0.40	16777214	0.0262
672.76	611.62	0.45	610.57	1.04	0.00	0.00	610.57	610.57	0.00	0.00	0.40	16777214	0.0274
709.97	648.70	0.62	647.78	0.91	0.00	0.00	647.78	647.78	0.00	0.00	0.40	16777214	0.0259
705.95	644.73	0.51	643.64	1.09	0.00	0.00	643.64	643.64	0.00	0.00	0.40	16777214	0.0260
705.17	644.04	0.43	643.03	1.00	0.00	0.00	643.03	643.03	0.00	0.00	0.40	16777214	0.0261
696.66	635.52	0.42	634.46	1.05	0.00	0.00	634.46	634.46	0.00	0.00	0.40	16777214	0.0264
684.74	623.57	0.45	622.60	0.97	0.00	0.00	622.60	622.60	0.00	0.00	0.40	16777214	0.0269
668.52	607.32	0.46	606.36	0.96	0.00	0.00	606.36	606.36	0.00	0.00	0.40	16777214	0.0276
674.92	613.79	0.42	612.76	1.03	0.00	0.00	612.76	612.76	0.00	0.00	0.40	16777214	0.0273
695.91	634.77	0.42	633.69	1.07	0.00	0.00	633.69	633.69	0.00	0.00	0.40	16777214	0.0264
685.53	624.44	0.43	623.43	1.01	0.00	0.00	623.43	623.43	0.00	0.00	0.40	16777214	0.0269
700.55	639.39	0.46	638.31	1.07	0.00	0.00	638.31	638.31	0.00	0.00	0.40	16777214	0.0262
683.83	622.78	0.41	621.77	1.01	0.00	0.00	621.77	621.77	0.00	0.00	0.40	16777214	0.0269
672.37	611.24	0.43	610.25	0.98	0.00	0.00	610.25	610.25	0.00	0.00	0.40	16777214	0.0274
717.71	656.64	0.43	655.57	1.06	0.00	0.00	655.57	655.57	0.00	0.00	0.40	16777214	0.0255
690.89	629.77	0.46	628.76	1.00	0.00	0.00	628.76	628.76	0.00	0.00	0.40	16777214	0.0266
706.58	645.47	0.43	644.37	1.09	0.00	0.00	644.37	644.37	0.00	0.00	0.40	16777214	0.0260
676.73	615.64	0.42	614.65	0.98	0.00	0.00	614.65	614.65	0.00	0.00	0.40	16777214	0.0273
708.96	647.75	0.50	646.71	1.04	0.00	0.00	646.71	646.71	0.00	0.00	0.39	16777214	0.0259
670.78	609.65	0.42	608.66	0.99	0.00	0.00	608.66	608.66	0.00	0.00	0.40	16777214	0.0275
679.31	618.13	0.45	617.10	1.03	0.00	0.00	617.10	617.10	0.00	0.00	0.40	16777214	0.0271
676.86	615.52	0.61	614.62	0.90	0.00	0.00	614.62	614.62	0.00	0.00	0.40	16777214	0.0273
693.30	632.20	0.42	631.19	1.01	0.00	0.00	631.19	631.19	0.00	0.00	0.40	16777214	0.0265
699.75	638.62	0.45	637.57	1.05	0.00	0.00	637.57	637.57	0.00	0.00	0.40	16777214	0.0263
679.47	618.33	0.47	617.25	1.07	0.00	0.00	617.25	617.25	0.00	0.00	0.40	16777214	0.0271
699.22	638.08	0.45	636.96	1.11	0.00	0.00	636.96	636.96	0.00	0.00	0.40	16777214	0.0263
693.78	632.58	0.46	631.51	1.07	0.00	0.00	631.51	631.51	0.00	0.00	0.40	16777214	0.0265
708.38	647.24	0.43	646.21	1.03	0.00	0.00	646.21	646.21	0.00	0.00	0.40	16777214	0.0259
714.89	653.74	0.47	652.69	1.04	0.00	0.00	652.69	652.69	0.00	0.00	0.40	16777214	0.0257
691.89	630.69	0.46	629.64	1.04	0.00	0.00	629.64	629.64	0.00	0.00	0.40	16777214	0.0266
674.09	612.97	0.45	611.99	0.97	0.00	0.00	611.99	611.99	0.00	0.00	0.40	16777214	0.0274
700.14	639.03	0.45	637.93	1.10	0.00	0.00	637.93	637.93	0.00	0.00	0.40	16777214	0.0263
693.81	632.68	0.42	631.61	1.07	0.00	0.00	631.61	631.61	0.00	0.00	0.40	16777214	0.0265
672.61	611.46	0.43	610.43	1.03	0.00	0.00	610.43	610.43	0.00	0.00	0.40	16777214	0.0274
693.74	632.63	0.45	631.58	1.04	0.00	0.00	631.58	631.58	0.00	0.00	0.40	16777214	0.0265
714.46	653.23	0.46	652.12	1.09	0.00	0.00	652.12	652.12	0.00	0.00	0.40	16777214	0.0257
673.16	612.05	0.42	611.01	1.03	0.00	0.00	611.01	611.01	0.00	0.00	0.40	16777214	0.0274
706.79	645.70	0.45	644.64	1.06	0.00	0.00	644.64	644.64	0.00	0.00	0.40	16777214	0.0260
689.13	628.00	0.45	626.90	1.09	0.00	0.00	626.90	626.90	0.00	0.00	0.40	16777214	0.0267
699.20	637.95	0.60	637.03	0.91	0.00	0.00	637.03	637.03	0.00	0.00	0.40	16777214	0.0263
684.01	622.85	0.45	621.83	1.02	0.00	0.00	621.83	621.83	0.00	0.00	0.40	16777214	0.0269
717.13	655.99	0.45	654.97	1.02	0.00	0.00	654.97	654.97	0.00	0.00	0.40	16777214	0.0256
699.56	638.42	0.43	637.36	1.05	0.00	0.00	637.36	637.36	0.00	0.00	0.40	16777214	0.0263
674.50	613.39	0.44	612.28	1.10	0.00	0.00	612.28	612.28	0.00	0.00	0.40	16777214	0.0274
667.74	606.57	0.47	605.59	0.98	0.00	0.00	605.59	605.59	0.00	0.00	0.40	16777214	0.0277
665.09	603.94	0.44	602.95	0.99	0.00	0.00	602.95	602.95	0.00	0.00	0.40	16777214	0.0278
666.13	604.98	0.45	603.95	1.03	0.00	0.00	603.95	603.95	0.00	0.00	0.40	16777214	0.0277
709.73	648.58	0.44	647.48	1.09	0.00	0.00	647.48	647.48	0.00	0.00	0.39	16777214	0.0259
670.15	609.02	0.44	608.10	0.91	0.00	0.00	608.10	608.10	0.00	0.00	0.39	16777214	0.0275
669.08	607.97	0.43	606.99	0.98	0.00	0.00	606.99	606.99	0.00	0.00	0.40	16777214	0.0276
669.86	608.73	0.43	607.73	0.99	0.00	0.00	607.73	607.73	0.00	0.00	0.40	16777214	0.0276
681.03	619.74	0.60	618.79	0.95	0.00	0.00	618.79	618.79	0.00	0.00	0.40	16777214	0.0271
676.66	615.27	0.66	614.18	1.08	0.00	0.00	614.18	614.18	0.00	0.00	0.40	16777214	0.0273
SCALE: 19
nvtx: 524288
edgefactor: 16
terasize: 1.34217727999999997e-04
A: 5.69999999999999951e-01
B: 1.90000000000000002e-01
C: 1.90000000000000002e-01
D: 5.00000000000000444e-02
generation_time: 0.00000000000000000e+00
construction_time: 7.60794883099999986e+00
nbfs: 100
min_time: 6.04383999586105336e-01
firstquartile_time: 6.14643249928951252e-01
median_time: 6.30911999940872104e-01
thirdquartile_time: 6.41692000031471199e-01
max_time: 4.56562699985504139e+00
mean_time: 6.75219109995365496e-01
stddev_time: 3.99297695522923157e-01
min_nedge: 1.00000000000000000e+00
firstquartile_nedge: 8.38851300000000000e+06
median_nedge: 8.38851300000000000e+06
thirdquartile_nedge: 8.38851300000000000e+06
max_nedge: 8.38851300000000000e+06
mean_nedge: 8.30462787999999989e+06
stddev_nedge: 8.38851200000000070e+05
min_TEPS: 2.19027967030979542e-01
firstquartile_TEPS: 1.31003496002074871e+07
median_TEPS: 1.33104835872814320e+07
thirdquartile_TEPS: 1.36697043926047608e+07
max_TEPS: 1.38794425493471492e+07
harmonic_mean_TEPS: 2.19027606989502850e+01
harmonic_stddev_TEPS: 2.20130662100380974e+01
