[BASH] Running the GPU only graph500 for scale 16
file:/dev/null	benchmark:GRAPH500	vertices:65536	edges:2097150	partitioning:RANDOM	platform:GPU	alpha:50	repeat:1	gpu_count:1	thread_count:1	thread_sched:GUIDED	thread_bind:false	gpu_graph_mem:DEVICE	gpu_par_randomized:false	sorted:false	edge_sort_key:id	edge_order:asc	separate_singletons:false	lambda:0	time_init:205.39	time_par:5.03	rmt_vertex:0	rmt_edge:0	beta:0	pid0:100,100,0,0	
total	exec	init	comp	comm	finalize	cpu_comp	gpu_comp	gpu_total_comp	scatter	gather	aggr	trv_edges	exec_rate
405.19	397.07	0.45	395.26	1.80	0.00	0.00	395.26	395.26	0.00	0.00	0.12	2097150	0.0053
102.32	94.26	0.47	93.36	0.89	0.00	0.00	93.36	93.36	0.00	0.00	0.12	2097150	0.0222
102.92	94.77	0.50	93.52	1.25	0.00	0.00	93.52	93.52	0.00	0.00	0.12	2097150	0.0221
100.50	92.45	0.44	91.29	1.14	0.00	0.00	91.29	91.29	0.00	0.00	0.12	2097150	0.0227
122.38	114.26	0.46	113.19	1.07	0.00	0.00	113.19	113.19	0.00	0.00	0.11	2097150	0.0184
96.14	88.07	0.44	86.84	1.21	0.00	0.00	86.84	86.84	0.00	0.00	0.12	2097150	0.0238
101.62	93.58	0.45	92.43	1.14	0.00	0.00	92.43	92.43	0.00	0.00	0.12	2097150	0.0224
98.24	89.95	0.67	89.08	0.86	0.00	0.00	89.08	89.08	0.00	0.00	0.12	2097150	0.0233
90.01	81.93	0.46	81.21	0.71	0.00	0.00	81.21	81.21	0.00	0.00	0.13	2097150	0.0256
87.78	79.66	0.47	78.93	0.71	0.00	0.00	78.93	78.93	0.00	0.00	0.12	2097150	0.0263
90.27	82.23	0.45	81.12	1.11	0.00	0.00	81.12	81.12	0.00	0.00	0.12	2097150	0.0255
91.46	83.40	0.46	82.69	0.71	0.00	0.00	82.69	82.69	0.00	0.00	0.12	2097150	0.0251
93.89	85.85	0.45	84.75	1.09	0.00	0.00	84.75	84.75	0.00	0.00	0.11	2097150	0.0244
87.31	78.90	0.44	78.00	0.89	0.00	0.00	78.00	78.00	0.00	0.00	0.12	2097150	0.0266
97.81	89.72	0.45	88.83	0.89	0.00	0.00	88.83	88.83	0.00	0.00	0.12	2097150	0.0234
99.53	91.48	0.45	90.61	0.86	0.00	0.00	90.61	90.61	0.00	0.00	0.12	2097150	0.0229
98.41	90.43	0.37	89.40	1.02	0.00	0.00	89.40	89.40	0.00	0.00	0.12	2097150	0.0232
100.32	92.12	0.57	91.10	1.01	0.00	0.00	91.10	91.10	0.00	0.00	0.12	2097150	0.0228
87.40	79.19	0.58	78.47	0.71	0.00	0.00	78.47	78.47	0.00	0.00	0.12	2097150	0.0265
507.81	499.60	0.57	498.98	0.62	0.00	0.00	498.98	498.98	0.00	0.00	0.11	2097150	0.0042
85.31	77.33	0.37	76.62	0.71	0.00	0.00	76.62	76.62	0.00	0.00	0.12	2097150	0.0271
100.19	92.21	0.38	91.34	0.86	0.00	0.00	91.34	91.34	0.00	0.00	0.12	2097150	0.0227
88.42	80.40	0.37	79.67	0.72	0.00	0.00	79.67	79.67	0.00	0.00	0.12	2097150	0.0261
85.34	77.17	0.58	76.44	0.72	0.00	0.00	76.44	76.44	0.00	0.00	0.12	2097150	0.0272
89.20	81.17	0.40	80.43	0.73	0.00	0.00	80.43	80.43	0.00	0.00	0.12	2097150	0.0258
94.32	86.28	0.37	85.34	0.94	0.00	0.00	85.34	85.34	0.00	0.00	0.12	2097150	0.0243
95.66	87.65	0.37	86.62	1.02	0.00	0.00	86.62	86.62	0.00	0.00	0.12	2097150	0.0239
94.49	86.49	0.37	85.48	0.99	0.00	0.00	85.48	85.48	0.00	0.00	0.12	2097150	0.0242
98.67	90.69	0.38	89.47	1.21	0.00	0.00	89.47	89.47	0.00	0.00	0.12	2097150	0.0231
94.78	86.75	0.39	85.81	0.92	0.00	0.00	85.81	85.81	0.00	0.00	0.12	2097150	0.0242
117.36	109.38	0.38	108.16	1.21	0.00	0.00	108.16	108.16	0.00	0.00	0.12	2097150	0.0192
92.94	84.93	0.38	84.02	0.91	0.00	0.00	84.02	84.02	0.00	0.00	0.11	2097150	0.0247
94.79	86.81	0.38	85.79	1.02	0.00	0.00	85.79	85.79	0.00	0.00	0.12	2097150	0.0242
94.50	86.51	0.39	85.62	0.88	0.00	0.00	85.62	85.62	0.00	0.00	0.12	2097150	0.0242
104.82	96.81	0.38	95.61	1.19	0.00	0.00	95.61	95.61	0.00	0.00	0.12	2097150	0.0217
86.61	78.59	0.38	77.65	0.93	0.00	0.00	77.65	77.65	0.00	0.00	0.11	2097150	0.0267
88.77	80.75	0.39	79.79	0.95	0.00	0.00	79.79	79.79	0.00	0.00	0.12	2097150	0.0260
91.70	83.45	0.61	82.58	0.86	0.00	0.00	82.58	82.58	0.00	0.00	0.12	2097150	0.0251
85.17	77.17	0.37	76.43	0.73	0.00	0.00	76.43	76.43	0.00	0.00	0.12	2097150	0.0272
89.64	81.60	0.41	80.73	0.86	0.00	0.00	80.73	80.73	0.00	0.00	0.12	2097150	0.0257
85.78	77.75	0.38	76.85	0.89	0.00	0.00	76.85	76.85	0.00	0.00	0.12	2097150	0.0270
97.71	89.71	0.38	88.80	0.90	0.00	0.00	88.80	88.80	0.00	0.00	0.12	2097150	0.0234
93.80	85.83	0.37	84.93	0.90	0.00	0.00	84.93	84.93	0.00	0.00	0.12	2097150	0.0244
90.90	82.89	0.37	81.98	0.90	0.00	0.00	81.98	81.98	0.00	0.00	0.12	2097150	0.0253
90.83	82.67	0.56	81.72	0.94	0.00	0.00	81.72	81.72	0.00	0.00	0.12	2097150	0.0254
93.55	85.58	0.37	84.68	0.89	0.00	0.00	84.68	84.68	0.00	0.00	0.12	2097150	0.0245
90.67	82.69	0.38	81.67	1.01	0.00	0.00	81.67	81.67	0.00	0.00	0.12	2097150	0.0254
90.68	82.65	0.37	81.93	0.72	0.00	0.00	81.93	81.93	0.00	0.00	0.12	2097150	0.0254
92.07	84.03	0.37	82.96	1.07	0.00	0.00	82.96	82.96	0.00	0.00	0.12	2097150	0.0250
84.80	76.79	0.38	76.06	0.72	0.00	0.00	76.06	76.06	0.00	0.00	0.12	2097150	0.0273
85.05	77.04	0.37	76.32	0.72	0.00	0.00	76.32	76.32	0.00	0.00	0.12	2097150	0.0272
85.39	77.39	0.37	76.65	0.73	0.00	0.00	76.65	76.65	0.00	0.00	0.12	2097150	0.0271
94.28	86.22	0.40	85.30	0.91	0.00	0.00	85.30	85.30	0.00	0.00	0.12	2097150	0.0243
95.46	87.46	0.37	86.49	0.96	0.00	0.00	86.49	86.49	0.00	0.00	0.12	2097150	0.0240
92.79	84.78	0.41	83.71	1.06	0.00	0.00	83.71	83.71	0.00	0.00	0.12	2097150	0.0247
96.33	88.30	0.42	86.81	1.46	0.00	0.00	86.81	86.81	0.00	0.00	0.12	2097150	0.0237
85.04	77.03	0.37	76.30	0.72	0.00	0.00	76.30	76.30	0.00	0.00	0.12	2097150	0.0272
91.25	82.99	0.61	82.13	0.86	0.00	0.00	82.13	82.13	0.00	0.00	0.12	2097150	0.0253
86.93	78.92	0.38	78.21	0.71	0.00	0.00	78.21	78.21	0.00	0.00	0.12	2097150	0.0266
93.68	85.67	0.37	84.81	0.86	0.00	0.00	84.81	84.81	0.00	0.00	0.12	2097150	0.0245
88.88	80.88	0.37	80.15	0.72	0.00	0.00	80.15	80.15	0.00	0.00	0.12	2097150	0.0259
89.76	81.76	0.39	80.88	0.88	0.00	0.00	80.88	80.88	0.00	0.00	0.12	2097150	0.0256
90.46	82.46	0.37	81.66	0.79	0.00	0.00	81.66	81.66	0.00	0.00	0.12	2097150	0.0254
92.62	84.35	0.66	83.47	0.88	0.00	0.00	83.47	83.47	0.00	0.00	0.12	2097150	0.0249
85.66	77.67	0.39	76.92	0.75	0.00	0.00	76.92	76.92	0.00	0.00	0.11	2097150	0.0270
93.20	85.17	0.44	84.24	0.92	0.00	0.00	84.24	84.24	0.00	0.00	0.12	2097150	0.0246
86.54	78.52	0.38	77.79	0.72	0.00	0.00	77.79	77.79	0.00	0.00	0.12	2097150	0.0267
95.33	87.32	0.37	86.52	0.79	0.00	0.00	86.52	86.52	0.00	0.00	0.12	2097150	0.0240
85.23	77.22	0.39	76.48	0.73	0.00	0.00	76.48	76.48	0.00	0.00	0.12	2097150	0.0272
91.44	83.43	0.37	82.36	1.06	0.00	0.00	82.36	82.36	0.00	0.00	0.12	2097150	0.0251
89.33	81.33	0.37	80.60	0.72	0.00	0.00	80.60	80.60	0.00	0.00	0.12	2097150	0.0258
93.40	85.43	0.37	84.56	0.86	0.00	0.00	84.56	84.56	0.00	0.00	0.12	2097150	0.0245
86.68	78.67	0.37	78.00	0.66	0.00	0.00	78.00	78.00	0.00	0.00	0.12	2097150	0.0267
84.02	76.04	0.37	75.32	0.72	0.00	0.00	75.32	75.32	0.00	0.00	0.12	2097150	0.0276
84.21	76.24	0.37	75.51	0.72	0.00	0.00	75.51	75.51	0.00	0.00	0.12	2097150	0.0275
88.89	80.89	0.40	80.01	0.87	0.00	0.00	80.01	80.01	0.00	0.00	0.11	2097150	0.0259
88.26	80.23	0.39	79.29	0.93	0.00	0.00	79.29	79.29	0.00	0.00	0.12	2097150	0.0261
87.40	79.42	0.38	78.55	0.86	0.00	0.00	78.55	78.55	0.00	0.00	0.12	2097150	0.0264
90.04	81.21	1.19	80.32	0.89	0.00	0.00	80.32	80.32	0.00	0.00	0.12	2097150	0.0258
85.36	77.37	0.39	76.65	0.71	0.00	0.00	76.65	76.65	0.00	0.00	0.12	2097150	0.0271
85.63	77.57	0.42	76.85	0.72	0.00	0.00	76.85	76.85	0.00	0.00	0.12	2097150	0.0270
84.67	76.62	0.41	75.88	0.73	0.00	0.00	75.88	75.88	0.00	0.00	0.12	2097150	0.0274
95.65	87.62	0.39	86.75	0.87	0.00	0.00	86.75	86.75	0.00	0.00	0.12	2097150	0.0239
90.18	82.15	0.37	81.08	1.05	0.00	0.00	81.08	81.08	0.00	0.00	0.14	2097150	0.0255
88.19	80.09	0.38	79.11	0.98	0.00	0.00	79.11	79.11	0.00	0.00	0.11	2097150	0.0262
98.31	90.14	0.57	89.24	0.89	0.00	0.00	89.24	89.24	0.00	0.00	0.12	2097150	0.0233
89.08	81.05	0.38	80.18	0.86	0.00	0.00	80.18	80.18	0.00	0.00	0.11	2097150	0.0259
91.27	83.26	0.37	82.36	0.89	0.00	0.00	82.36	82.36	0.00	0.00	0.12	2097150	0.0252
88.81	80.82	0.38	79.89	0.92	0.00	0.00	79.89	79.89	0.00	0.00	0.12	2097150	0.0259
94.00	85.99	0.38	85.11	0.87	0.00	0.00	85.11	85.11	0.00	0.00	0.12	2097150	0.0244
84.22	76.20	0.40	75.48	0.71	0.00	0.00	75.48	75.48	0.00	0.00	0.12	2097150	0.0275
92.72	84.72	0.37	83.86	0.86	0.00	0.00	83.86	83.86	0.00	0.00	0.12	2097150	0.0248
91.39	83.40	0.38	82.28	1.12	0.00	0.00	82.28	82.28	0.00	0.00	0.12	2097150	0.0251
83.67	75.67	0.38	74.95	0.72	0.00	0.00	74.95	74.95	0.00	0.00	0.12	2097150	0.0277
93.47	85.49	0.37	84.62	0.87	0.00	0.00	84.62	84.62	0.00	0.00	0.12	2097150	0.0245
85.05	77.02	0.39	76.26	0.75	0.00	0.00	76.26	76.26	0.00	0.00	0.12	2097150	0.0272
90.50	82.49	0.39	81.62	0.86	0.00	0.00	81.62	81.62	0.00	0.00	0.12	2097150	0.0254
91.79	83.82	0.37	82.86	0.95	0.00	0.00	82.86	82.86	0.00	0.00	0.12	2097150	0.0250
90.72	82.69	0.37	81.79	0.89	0.00	0.00	81.79	81.79	0.00	0.00	0.12	2097150	0.0254
86.85	78.87	0.38	78.14	0.73	0.00	0.00	78.14	78.14	0.00	0.00	0.12	2097150	0.0266
SCALE: 16
nvtx: 65536
edgefactor: 16
terasize: 1.67772159999999997e-05
A: 5.69999999999999951e-01
B: 1.90000000000000002e-01
C: 1.90000000000000002e-01
D: 5.00000000000000444e-02
generation_time: 0.00000000000000000e+00
construction_time: 7.80841082999999991e-01
nbfs: 100
min_time: 7.60459997653961245e-02
firstquartile_time: 7.98807498812675598e-02
median_time: 8.36174999475479130e-02
thirdquartile_time: 8.75652500391006505e-02
max_time: 5.00170000076293975e-01
mean_time: 9.16087200069427565e-02
stddev_time: 5.21913566296498821e-02
min_nedge: 1.00000000000000000e+00
firstquartile_nedge: 1.04856600000000000e+06
median_nedge: 1.04856600000000000e+06
thirdquartile_nedge: 1.04856600000000000e+06
max_nedge: 1.04856600000000000e+06
mean_nedge: 1.03808034999999998e+06
stddev_nedge: 1.04856500000000000e+05
min_TEPS: 1.99932023081645016e+00
firstquartile_TEPS: 1.20421876648371872e+07
median_TEPS: 1.25967495986365676e+07
thirdquartile_TEPS: 1.31986737127665356e+07
max_TEPS: 1.37885753785189651e+07
harmonic_mean_TEPS: 1.99928721554491375e+02
harmonic_stddev_TEPS: 2.00932573897676178e+02
