[BASH] Running the GPU only graph500 for scale 16 with sorted edges
file:/dev/null	benchmark:GRAPH500	vertices:65536	edges:2097150	partitioning:RANDOM	platform:GPU	alpha:50	repeat:1	gpu_count:1	thread_count:4	thread_sched:GUIDED	thread_bind:false	gpu_graph_mem:DEVICE	gpu_par_randomized:false	sorted:false	edge_sort_key:degree	edge_order:asc	separate_singletons:false	lambda:0	time_init:396.38	time_par:19.71	rmt_vertex:0	rmt_edge:0	beta:0	pid0:100,100,0,0	
total	exec	init	comp	comm	finalize	cpu_comp	gpu_comp	gpu_total_comp	scatter	gather	aggr	trv_edges	exec_rate
205.28	199.32	0.81	185.65	13.65	0.00	0.00	185.65	185.65	0.00	0.00	0.17	2097150	0.0105
109.50	102.76	0.79	93.32	9.43	0.00	0.00	93.32	93.32	0.00	0.00	0.16	2097150	0.0204
219.61	210.20	0.74	198.79	11.40	0.00	0.00	198.79	198.79	0.00	0.00	0.16	2097150	0.0100
317.50	311.67	0.78	289.85	21.80	0.00	0.00	289.85	289.85	0.00	0.00	0.18	2097150	0.0067
106.62	100.85	0.74	85.16	15.67	0.00	0.00	85.16	85.16	0.00	0.00	0.15	2097150	0.0208
96.60	90.69	0.62	88.75	1.93	0.00	0.00	88.75	88.75	0.00	0.00	0.17	2097150	0.0231
104.52	98.26	0.75	88.61	9.64	0.00	0.00	88.61	88.61	0.00	0.00	0.22	2097150	0.0213
97.74	91.13	1.09	78.78	12.33	0.00	0.00	78.78	78.78	0.00	0.00	0.22	2097150	0.0230
112.65	105.95	1.08	103.57	2.36	0.00	0.00	103.57	103.57	0.00	0.00	0.22	2097150	0.0198
101.97	95.32	1.10	87.40	7.90	0.00	0.00	87.40	87.40	0.00	0.00	0.16	2097150	0.0220
110.00	100.51	0.76	85.55	14.94	0.00	0.00	85.55	85.55	0.00	0.00	0.15	2097150	0.0209
91.12	85.22	0.77	83.32	1.90	0.00	0.00	83.32	83.32	0.00	0.00	0.16	2097150	0.0246
103.13	92.13	2.18	79.00	13.12	0.00	0.00	79.00	79.00	0.00	0.00	6.79	2097150	0.0228
96.90	90.58	0.77	74.18	16.39	0.00	0.00	74.18	74.18	0.00	0.00	0.16	2097150	0.0232
108.12	101.87	0.77	82.11	19.74	0.00	0.00	82.11	82.11	0.00	0.00	0.16	2097150	0.0206
111.46	97.15	0.77	86.00	11.13	0.00	0.00	86.00	86.00	0.00	0.00	8.21	2097150	0.0216
112.87	107.11	0.80	105.40	1.70	0.00	0.00	105.40	105.40	0.00	0.00	0.16	2097150	0.0196
91.48	85.31	0.68	83.78	1.53	0.00	0.00	83.78	83.78	0.00	0.00	0.13	2097150	0.0246
94.95	89.56	0.38	75.22	14.33	0.00	0.00	75.22	75.22	0.00	0.00	0.15	2097150	0.0234
525.79	519.56	0.68	499.50	20.06	0.00	0.00	499.50	499.50	0.00	0.00	0.16	2097150	0.0040
128.10	122.07	0.76	107.56	14.50	0.00	0.00	107.56	107.56	0.00	0.00	0.14	2097150	0.0172
95.07	89.52	0.62	88.37	1.14	0.00	0.00	88.37	88.37	0.00	0.00	0.13	2097150	0.0234
78.61	75.01	0.52	74.16	0.84	0.00	0.00	74.16	74.16	0.00	0.00	0.13	2097150	0.0280
94.50	91.74	0.56	77.52	14.20	0.00	0.00	77.52	77.52	0.00	0.00	0.16	2097150	0.0229
103.72	97.46	0.77	87.75	9.69	0.00	0.00	87.75	87.75	0.00	0.00	0.18	2097150	0.0215
95.40	88.86	1.04	78.92	9.92	0.00	0.00	78.92	78.92	0.00	0.00	0.17	2097150	0.0236
104.85	90.09	9.28	84.56	5.52	0.00	0.00	84.56	84.56	0.00	0.00	0.16	2097150	0.0233
97.60	91.22	0.75	89.35	1.85	0.00	0.00	89.35	89.35	0.00	0.00	0.18	2097150	0.0230
88.69	82.50	1.05	80.90	1.59	0.00	0.00	80.90	80.90	0.00	0.00	0.13	2097150	0.0254
116.46	110.44	0.53	100.56	9.87	0.00	0.00	100.56	100.56	0.00	0.00	0.18	2097150	0.0190
112.06	99.54	7.08	85.31	14.21	0.00	0.00	85.31	85.31	0.00	0.00	0.17	2097150	0.0211
148.74	136.26	0.78	108.84	27.40	0.00	0.00	108.84	108.84	0.00	0.00	6.36	2097150	0.0154
110.87	97.19	0.78	82.01	15.17	0.00	0.00	82.01	82.01	0.00	0.00	7.60	2097150	0.0216
99.31	92.98	0.77	91.31	1.65	0.00	0.00	91.31	91.31	0.00	0.00	0.13	2097150	0.0226
104.31	91.43	0.54	82.68	8.74	0.00	0.00	82.68	82.68	0.00	0.00	7.00	2097150	0.0229
131.38	125.02	0.71	109.63	15.38	0.00	0.00	109.63	109.63	0.00	0.00	0.18	2097150	0.0168
94.12	87.75	0.71	77.90	9.85	0.00	0.00	77.90	77.90	0.00	0.00	0.17	2097150	0.0239
100.57	87.94	0.73	80.75	7.17	0.00	0.00	80.75	80.75	0.00	0.00	0.17	2097150	0.0238
100.14	96.79	1.01	92.07	4.70	0.00	0.00	92.07	92.07	0.00	0.00	0.19	2097150	0.0217
84.39	78.03	0.83	76.42	1.60	0.00	0.00	76.42	76.42	0.00	0.00	0.24	2097150	0.0269
86.29	79.76	1.00	77.75	1.99	0.00	0.00	77.75	77.75	0.00	0.00	0.22	2097150	0.0263
102.85	96.25	1.00	90.77	5.46	0.00	0.00	90.77	90.77	0.00	0.00	0.16	2097150	0.0218
124.13	110.84	0.80	97.56	13.27	0.00	0.00	97.56	97.56	0.00	0.00	7.05	2097150	0.0189
109.89	103.64	0.72	88.27	15.35	0.00	0.00	88.27	88.27	0.00	0.00	0.18	2097150	0.0202
87.66	81.88	0.72	80.41	1.46	0.00	0.00	80.41	80.41	0.00	0.00	0.12	2097150	0.0256
89.75	86.93	0.47	85.92	1.00	0.00	0.00	85.92	85.92	0.00	0.00	0.12	2097150	0.0241
82.33	77.17	0.39	76.13	1.03	0.00	0.00	76.13	76.13	0.00	0.00	0.11	2097150	0.0272
115.16	97.40	0.43	82.58	14.80	0.00	0.00	82.58	82.58	0.00	0.00	5.34	2097150	0.0215
98.37	91.80	1.06	79.52	12.26	0.00	0.00	79.52	79.52	0.00	0.00	0.17	2097150	0.0228
125.91	119.65	0.79	89.04	30.60	0.00	0.00	89.04	89.04	0.00	0.00	0.16	2097150	0.0175
132.84	126.78	0.77	108.56	18.21	0.00	0.00	108.56	108.56	0.00	0.00	0.14	2097150	0.0165
88.25	82.69	0.62	81.32	1.36	0.00	0.00	81.32	81.32	0.00	0.00	0.14	2097150	0.0254
94.13	85.01	0.47	83.41	1.59	0.00	0.00	83.41	83.41	0.00	0.00	0.16	2097150	0.0247
116.49	106.81	1.03	83.91	22.88	0.00	0.00	83.91	83.91	0.00	0.00	0.16	2097150	0.0196
101.72	92.26	0.76	81.02	11.23	0.00	0.00	81.02	81.02	0.00	0.00	0.16	2097150	0.0227
146.10	137.17	0.72	110.50	26.64	0.00	0.00	110.50	110.50	0.00	0.00	0.16	2097150	0.0153
105.05	99.20	0.77	97.15	2.04	0.00	0.00	97.15	97.15	0.00	0.00	0.16	2097150	0.0211
86.66	77.85	0.70	76.66	1.18	0.00	0.00	76.66	76.66	0.00	0.00	0.13	2097150	0.0269
94.37	83.56	0.81	79.67	3.87	0.00	0.00	79.67	79.67	0.00	0.00	1.52	2097150	0.0251
123.56	114.13	0.72	100.99	13.12	0.00	0.00	100.99	100.99	0.00	0.00	0.19	2097150	0.0184
123.39	113.84	0.76	84.81	29.01	0.00	0.00	84.81	84.81	0.00	0.00	0.16	2097150	0.0184
90.47	84.73	0.74	75.85	8.86	0.00	0.00	75.85	75.85	0.00	0.00	0.16	2097150	0.0248
94.25	88.11	0.80	86.17	1.93	0.00	0.00	86.17	86.17	0.00	0.00	0.18	2097150	0.0238
105.03	98.17	0.87	86.11	12.05	0.00	0.00	86.11	86.11	0.00	0.00	0.23	2097150	0.0214
100.11	87.38	7.65	82.96	4.40	0.00	0.00	82.96	82.96	0.00	0.00	0.16	2097150	0.0240
98.42	90.52	2.88	78.75	11.76	0.00	0.00	78.75	78.75	0.00	0.00	0.16	2097150	0.0232
103.18	93.78	0.77	79.51	14.26	0.00	0.00	79.51	79.51	0.00	0.00	0.17	2097150	0.0224
103.68	94.25	0.78	83.27	10.96	0.00	0.00	83.27	83.27	0.00	0.00	0.18	2097150	0.0223
81.27	75.13	1.06	74.13	0.98	0.00	0.00	74.13	74.13	0.00	0.00	0.12	2097150	0.0279
103.86	91.76	0.55	81.19	10.56	0.00	0.00	81.19	81.19	0.00	0.00	6.24	2097150	0.0229
147.96	141.66	0.78	124.78	16.87	0.00	0.00	124.78	124.78	0.00	0.00	0.18	2097150	0.0148
115.95	106.53	3.91	82.42	24.09	0.00	0.00	82.42	82.42	0.00	0.00	0.18	2097150	0.0197
98.28	93.96	2.09	79.57	14.37	0.00	0.00	79.57	79.57	0.00	0.00	0.22	2097150	0.0223
82.16	78.98	0.99	77.29	1.68	0.00	0.00	77.29	77.29	0.00	0.00	0.16	2097150	0.0266
84.88	78.03	0.69	76.08	1.93	0.00	0.00	76.08	76.08	0.00	0.00	4.04	2097150	0.0269
98.04	94.79	1.01	80.40	14.38	0.00	0.00	80.40	80.40	0.00	0.00	0.24	2097150	0.0221
107.93	101.26	1.02	87.18	14.06	0.00	0.00	87.18	87.18	0.00	0.00	0.16	2097150	0.0207
127.13	120.75	0.78	104.70	16.04	0.00	0.00	104.70	104.70	0.00	0.00	0.16	2097150	0.0174
96.28	89.73	1.25	74.55	15.17	0.00	0.00	74.55	74.55	0.00	0.00	0.15	2097150	0.0234
85.46	79.54	0.94	78.01	1.52	0.00	0.00	78.01	78.01	0.00	0.00	0.12	2097150	0.0264
88.21	81.97	0.60	75.12	6.84	0.00	0.00	75.12	75.12	0.00	0.00	0.17	2097150	0.0256
103.16	96.92	0.74	77.65	19.26	0.00	0.00	77.65	77.65	0.00	0.00	0.16	2097150	0.0216
114.32	107.92	0.78	88.82	19.08	0.00	0.00	88.82	88.82	0.00	0.00	0.17	2097150	0.0194
99.42	91.79	2.14	79.24	12.54	0.00	0.00	79.24	79.24	0.00	0.00	0.17	2097150	0.0228
101.64	98.54	0.75	89.12	9.41	0.00	0.00	89.12	89.12	0.00	0.00	0.18	2097150	0.0213
91.66	85.86	0.66	84.48	1.37	0.00	0.00	84.48	84.48	0.00	0.00	0.13	2097150	0.0244
89.06	82.94	0.62	75.42	7.50	0.00	0.00	75.42	75.42	0.00	0.00	0.16	2097150	0.0253
105.67	92.97	7.07	79.68	13.28	0.00	0.00	79.68	79.68	0.00	0.00	0.16	2097150	0.0226
141.03	134.77	0.74	125.60	9.16	0.00	0.00	125.60	125.60	0.00	0.00	0.16	2097150	0.0156
131.23	127.37	0.80	112.56	14.80	0.00	0.00	112.56	112.56	0.00	0.00	0.16	2097150	0.0165
89.84	83.17	1.03	81.77	1.39	0.00	0.00	81.77	81.77	0.00	0.00	0.11	2097150	0.0252
89.18	79.76	0.76	78.52	1.23	0.00	0.00	78.52	78.52	0.00	0.00	0.16	2097150	0.0263
102.88	90.31	3.77	80.82	9.48	0.00	0.00	80.82	80.82	0.00	0.00	0.16	2097150	0.0232
121.57	113.69	2.83	89.36	24.31	0.00	0.00	89.36	89.36	0.00	0.00	0.17	2097150	0.0184
118.17	112.32	0.76	88.75	23.56	0.00	0.00	88.75	88.75	0.00	0.00	0.16	2097150	0.0187
95.72	91.16	0.81	88.89	2.25	0.00	0.00	88.89	88.89	0.00	0.00	0.14	2097150	0.0230
88.46	82.35	0.61	76.67	5.67	0.00	0.00	76.67	76.67	0.00	0.00	0.18	2097150	0.0255
112.80	106.61	0.76	91.27	15.32	0.00	0.00	91.27	91.27	0.00	0.00	0.17	2097150	0.0197
107.32	93.78	8.03	80.76	13.00	0.00	0.00	80.76	80.76	0.00	0.00	0.16	2097150	0.0224
130.10	118.96	0.80	93.10	25.85	0.00	0.00	93.10	93.10	0.00	0.00	7.56	2097150	0.0176
SCALE: 16
nvtx: 65536
edgefactor: 16
terasize: 1.67772159999999997e-05
A: 5.69999999999999951e-01
B: 1.90000000000000002e-01
C: 1.90000000000000002e-01
D: 5.00000000000000444e-02
generation_time: 0.00000000000000000e+00
construction_time: 7.70986498999999936e-01
nbfs: 100
min_time: 7.55350002050399760e-02
firstquartile_time: 8.87302498221397423e-02
median_time: 9.62294999361038295e-02
thirdquartile_time: 1.07892250090837485e-01
max_time: 5.20244999766349747e-01
mean_time: 1.06608699998855638e-01
stddev_time: 5.13349682384719799e-02
min_nedge: 1.00000000000000000e+00
firstquartile_nedge: 1.04856600000000000e+06
median_nedge: 1.04856600000000000e+06
thirdquartile_nedge: 1.04856600000000000e+06
max_nedge: 1.04856600000000000e+06
mean_nedge: 1.03808034999999998e+06
stddev_nedge: 1.04856500000000000e+05
min_TEPS: 1.92217128554645567e+00
firstquartile_TEPS: 9.77391848444671929e+06
median_TEPS: 1.09898185267406665e+07
thirdquartile_TEPS: 1.19616960184100196e+07
max_TEPS: 1.38818560555194877e+07
harmonic_mean_TEPS: 1.92213555455651431e+02
harmonic_stddev_TEPS: 1.93178264532470791e+02
