[BASH] Running the GPU only graph500 for scale 19 with sorted edges
file:/dev/null	benchmark:GRAPH500	vertices:524288	edges:16777214	partitioning:RANDOM	platform:GPU	alpha:50	repeat:1	gpu_count:1	thread_count:1	thread_sched:GUIDED	thread_bind:false	gpu_graph_mem:DEVICE	gpu_par_randomized:false	sorted:false	edge_sort_key:degree	edge_order:asc	separate_singletons:false	lambda:0	time_init:3895.88	time_par:66.43	rmt_vertex:0	rmt_edge:0	beta:0	pid0:100,100,0,0	
total	exec	init	comp	comm	finalize	cpu_comp	gpu_comp	gpu_total_comp	scatter	gather	aggr	trv_edges	exec_rate
1588.91	1513.96	0.41	1326.88	187.07	0.00	0.00	1326.88	1326.88	0.00	0.00	5.83	16777214	0.0111
1061.21	990.04	0.43	617.32	372.72	0.00	0.00	617.32	617.32	0.00	0.01	0.46	16777214	0.0169
1870.85	1793.98	0.40	1759.46	34.51	0.00	0.00	1759.46	1759.46	0.00	0.00	0.43	16777214	0.0094
1837.78	1752.85	0.42	1364.90	387.94	0.00	0.00	1364.90	1364.90	0.00	0.00	0.43	16777214	0.0096
1998.56	1913.13	2.37	690.44	1222.68	0.00	0.00	690.44	690.44	0.00	0.00	0.44	16777214	0.0088
2286.15	2217.74	0.36	1549.26	668.46	0.00	0.00	1549.26	1549.26	0.00	0.00	0.42	16777214	0.0076
1332.83	1238.40	0.41	629.86	608.53	0.00	0.00	629.86	629.86	0.00	0.00	13.44	16777214	0.0135
1929.78	1829.66	0.39	1073.95	755.71	0.00	0.00	1073.95	1073.95	0.00	0.00	5.83	16777214	0.0092
1800.18	1703.07	0.74	657.35	1045.71	0.00	0.00	657.35	657.35	0.00	0.00	0.39	16777214	0.0099
1903.74	1807.55	0.53	927.71	879.83	0.00	0.00	927.71	927.71	0.00	0.00	0.39	16777214	0.0093
1693.71	1624.61	0.53	1621.01	3.59	0.00	0.00	1621.01	1621.01	0.00	0.00	0.39	16777214	0.0103
773.37	689.11	0.41	589.44	99.66	0.00	0.00	589.44	589.44	0.00	0.00	0.40	16777214	0.0243
1873.83	1780.60	0.40	1724.45	56.14	0.00	0.00	1724.45	1724.45	0.00	0.00	0.39	16777214	0.0094
2141.20	2063.93	0.52	1378.47	685.44	0.00	0.00	1378.47	1378.47	0.00	0.00	2.78	16777214	0.0081
1912.00	1847.43	0.49	1464.87	382.55	0.00	0.00	1464.87	1464.87	0.00	0.00	0.43	16777214	0.0091
890.30	818.69	0.43	806.36	12.32	0.00	0.00	806.36	806.36	0.00	0.00	5.84	16777214	0.0205
1540.74	1456.38	0.41	600.72	855.65	0.00	0.00	600.72	600.72	0.00	0.00	0.40	16777214	0.0115
1785.52	1715.99	0.40	1099.97	616.00	0.00	0.00	1099.97	1099.97	0.00	0.00	5.87	16777214	0.0098
753.47	681.98	0.81	670.30	11.67	0.00	0.00	670.30	670.30	0.00	0.00	5.82	16777214	0.0246
1722.98	1637.59	0.41	613.30	1024.27	0.00	0.00	613.30	613.30	0.00	0.00	3.99	16777214	0.0102
1801.27	1734.57	0.41	1214.68	519.88	0.00	0.00	1214.68	1214.68	0.00	0.00	2.64	16777214	0.0097
1827.78	1737.04	0.87	1730.72	6.31	0.00	0.00	1730.72	1730.72	0.00	0.00	0.49	16777214	0.0097
1837.50	1735.91	0.51	1154.56	581.34	0.00	0.00	1154.56	1154.56	0.00	0.00	0.50	16777214	0.0097
1825.76	1732.33	0.53	625.43	1106.89	0.00	0.00	625.43	625.43	0.00	0.00	11.72	16777214	0.0097
2204.27	2111.94	1.14	1666.52	445.41	0.00	0.00	1666.52	1666.52	0.00	0.00	0.39	16777214	0.0079
2564.21	2489.34	0.90	2064.55	424.79	0.00	0.00	2064.55	2064.55	0.00	0.00	5.84	16777214	0.0067
2232.04	2131.67	0.43	1799.25	332.40	0.00	0.00	1799.25	1799.25	0.00	0.00	0.48	16777214	0.0079
669.78	591.27	0.55	589.46	1.80	0.00	0.00	589.46	589.46	0.00	0.00	0.41	16777214	0.0284
864.30	788.27	0.47	785.60	2.66	0.00	0.00	785.60	785.60	0.00	0.00	0.40	16777214	0.0213
751.88	670.09	0.45	667.61	2.48	0.00	0.00	667.61	667.61	0.00	0.00	0.40	16777214	0.0250
800.48	718.10	0.44	716.12	1.97	0.00	0.00	716.12	716.12	0.00	0.00	0.41	16777214	0.0234
874.73	797.62	0.44	793.15	4.47	0.00	0.00	793.15	793.15	0.00	0.00	0.41	16777214	0.0210
917.59	802.76	0.47	784.38	18.36	0.00	0.00	784.38	784.38	0.00	0.00	0.56	16777214	0.0209
6059.70	5990.76	0.84	5989.69	1.07	0.00	0.00	5989.69	5989.69	0.00	0.00	0.47	16777214	0.0028
1021.58	889.76	0.41	863.55	26.20	0.00	0.00	863.55	863.55	0.00	0.00	0.56	16777214	0.0189
714.05	637.43	0.83	618.44	18.98	0.00	0.00	618.44	618.44	0.00	0.00	0.60	16777214	0.0263
835.62	765.85	1.26	760.24	5.59	0.00	0.00	760.24	760.24	0.00	0.00	0.43	16777214	0.0219
750.32	611.57	0.42	608.03	3.52	0.00	0.00	608.03	608.03	0.00	0.00	6.78	16777214	0.0274
838.80	705.90	0.84	703.38	2.51	0.00	0.00	703.38	703.38	0.00	0.00	0.48	16777214	0.0238
911.43	840.41	0.84	810.14	30.25	0.00	0.00	810.14	810.14	0.00	0.00	0.48	16777214	0.0200
823.48	748.82	0.71	743.70	5.11	0.00	0.00	743.70	743.70	0.00	0.00	0.48	16777214	0.0224
718.71	631.23	0.88	621.23	9.99	0.00	0.00	621.23	621.23	0.00	0.00	0.43	16777214	0.0266
776.76	641.20	0.83	624.96	16.23	0.00	0.00	624.96	624.96	0.00	0.00	0.47	16777214	0.0262
1005.36	898.49	0.70	886.68	11.80	0.00	0.00	886.68	886.68	0.00	0.00	0.54	16777214	0.0187
701.80	632.91	0.85	627.37	5.52	0.00	0.00	627.37	627.37	0.00	0.00	0.47	16777214	0.0265
674.93	597.40	0.66	594.90	2.49	0.00	0.00	594.90	594.90	0.00	0.00	0.48	16777214	0.0281
810.23	734.03	12.56	719.05	14.96	0.00	0.00	719.05	719.05	0.00	0.00	0.46	16777214	0.0229
714.57	619.61	0.87	612.74	6.86	0.00	0.00	612.74	612.74	0.00	0.00	0.48	16777214	0.0271
833.99	764.54	0.86	754.85	9.67	0.00	0.00	754.85	754.85	0.00	0.00	0.41	16777214	0.0219
817.85	743.38	0.49	725.95	17.42	0.00	0.00	725.95	725.95	0.00	0.00	0.48	16777214	0.0226
1003.69	927.25	0.94	914.40	12.83	0.00	0.00	914.40	914.40	0.00	0.00	0.54	16777214	0.0181
779.96	715.27	1.12	713.42	1.84	0.00	0.00	713.42	713.42	0.00	0.00	0.43	16777214	0.0235
688.84	612.84	0.41	603.30	9.53	0.00	0.00	603.30	603.30	0.00	0.00	0.66	16777214	0.0274
750.38	679.49	1.16	677.33	2.15	0.00	0.00	677.33	677.33	0.00	0.00	0.43	16777214	0.0247
847.37	771.03	0.78	767.67	3.34	0.00	0.00	767.67	767.67	0.00	0.00	0.54	16777214	0.0218
989.95	914.76	1.22	892.18	22.57	0.00	0.00	892.18	892.18	0.00	0.00	0.47	16777214	0.0183
712.20	647.02	0.88	628.13	18.87	0.00	0.00	628.13	628.13	0.00	0.00	0.47	16777214	0.0259
1021.83	912.22	0.71	908.44	3.78	0.00	0.00	908.44	908.44	0.00	0.00	0.56	16777214	0.0184
727.49	626.52	0.87	624.72	1.78	0.00	0.00	624.72	624.72	0.00	0.00	0.47	16777214	0.0268
756.11	681.29	0.83	673.63	7.65	0.00	0.00	673.63	673.63	0.00	0.00	0.48	16777214	0.0246
779.97	641.06	0.84	627.45	13.59	0.00	0.00	627.45	627.45	0.00	0.00	0.48	16777214	0.0262
755.26	690.37	0.81	678.67	11.69	0.00	0.00	678.67	678.67	0.00	0.00	0.42	16777214	0.0243
685.64	609.90	0.65	602.24	7.64	0.00	0.00	602.24	602.24	0.00	0.00	0.54	16777214	0.0275
811.74	746.03	1.16	740.37	5.64	0.00	0.00	740.37	740.37	0.00	0.00	0.42	16777214	0.0225
746.63	606.24	0.47	588.06	18.17	0.00	0.00	588.06	588.06	0.00	0.00	0.48	16777214	0.0277
763.04	697.40	0.86	695.41	1.97	0.00	0.00	695.41	695.41	0.00	0.00	0.39	16777214	0.0241
743.87	603.19	0.54	586.78	16.39	0.00	0.00	586.78	586.78	0.00	0.00	0.50	16777214	0.0278
696.88	624.20	0.86	606.75	17.43	0.00	0.00	606.75	606.75	0.00	0.00	0.44	16777214	0.0269
975.62	899.28	0.88	885.58	13.69	0.00	0.00	885.58	885.58	0.00	0.00	0.55	16777214	0.0187
988.61	877.74	1.66	862.22	15.51	0.00	0.00	862.22	862.22	0.00	0.00	0.47	16777214	0.0191
718.09	642.97	0.87	640.51	2.44	0.00	0.00	640.51	640.51	0.00	0.00	0.48	16777214	0.0261
690.80	615.80	1.01	590.20	25.58	0.00	0.00	590.20	590.20	0.00	0.00	0.48	16777214	0.0272
766.69	621.75	0.85	615.68	6.06	0.00	0.00	615.68	615.68	0.00	0.00	0.51	16777214	0.0270
955.11	890.44	0.80	865.27	25.16	0.00	0.00	865.27	865.27	0.00	0.00	0.42	16777214	0.0188
715.43	619.89	0.60	618.16	1.72	0.00	0.00	618.16	618.16	0.00	0.00	0.48	16777214	0.0271
796.03	729.83	0.86	728.27	1.54	0.00	0.00	728.27	728.27	0.00	0.00	0.39	16777214	0.0230
771.70	618.08	0.60	603.57	14.50	0.00	0.00	603.57	603.57	0.00	0.00	0.48	16777214	0.0271
1035.55	914.98	0.83	898.00	16.97	0.00	0.00	898.00	898.00	0.00	0.00	0.48	16777214	0.0183
700.40	631.34	0.84	620.66	10.67	0.00	0.00	620.66	620.66	0.00	0.00	0.46	16777214	0.0266
680.25	604.93	0.65	603.21	1.70	0.00	0.00	603.21	603.21	0.00	0.00	0.47	16777214	0.0277
971.65	874.11	0.95	864.31	9.79	0.00	0.00	864.31	864.31	0.00	0.00	0.58	16777214	0.0192
725.17	608.29	0.84	594.51	13.76	0.00	0.00	594.51	594.51	0.00	0.00	0.48	16777214	0.0276
725.01	616.55	0.88	604.75	11.78	0.00	0.00	604.75	604.75	0.00	0.00	0.56	16777214	0.0272
779.92	647.69	1.21	630.97	16.71	0.00	0.00	630.97	630.97	0.00	0.00	0.47	16777214	0.0259
821.46	716.54	0.77	702.62	13.91	0.00	0.00	702.62	702.62	0.00	0.00	0.51	16777214	0.0234
712.84	648.29	0.84	640.72	7.56	0.00	0.00	640.72	640.72	0.00	0.00	0.44	16777214	0.0259
928.91	844.25	0.66	835.83	8.41	0.00	0.00	835.83	835.83	0.00	0.00	0.48	16777214	0.0199
762.29	677.38	0.88	675.64	1.73	0.00	0.00	675.64	675.64	0.00	0.00	0.49	16777214	0.0248
1181.28	1080.14	0.98	1065.59	14.53	0.00	0.00	1065.59	1065.59	0.00	0.00	0.40	16777214	0.0155
703.15	628.28	0.83	623.60	4.67	0.00	0.00	623.60	623.60	0.00	0.00	0.49	16777214	0.0267
699.02	619.43	10.77	612.49	6.92	0.00	0.00	612.49	612.49	0.00	0.00	0.39	16777214	0.0271
871.81	724.78	0.91	704.87	19.89	0.00	0.00	704.87	704.87	0.00	0.00	0.48	16777214	0.0231
889.16	759.63	5.27	742.92	16.69	0.00	0.00	742.92	742.92	0.00	0.00	0.48	16777214	0.0221
948.54	865.48	0.80	851.15	14.32	0.00	0.00	851.15	851.15	0.00	0.00	6.91	16777214	0.0194
869.16	764.37	0.81	751.76	12.59	0.00	0.00	751.76	751.76	0.00	0.00	0.48	16777214	0.0219
776.27	631.18	0.81	618.92	12.24	0.00	0.00	618.92	618.92	0.00	0.00	0.48	16777214	0.0266
1004.44	929.71	0.78	919.51	10.19	0.00	0.00	919.51	919.51	0.00	0.00	0.48	16777214	0.0180
693.93	594.14	0.89	582.61	11.51	0.00	0.00	582.61	582.61	0.00	0.00	0.48	16777214	0.0282
751.57	666.73	0.86	664.76	1.97	0.00	0.00	664.76	664.76	0.00	0.00	0.48	16777214	0.0252
961.06	888.44	1.34	865.63	22.80	0.00	0.00	865.63	865.63	0.00	0.00	0.48	16777214	0.0189
SCALE: 19
nvtx: 524288
edgefactor: 16
terasize: 1.34217727999999997e-04
A: 5.69999999999999951e-01
B: 1.90000000000000002e-01
C: 1.90000000000000002e-01
D: 5.00000000000000444e-02
generation_time: 0.00000000000000000e+00
construction_time: 1.06392857470000006e+01
nbfs: 100
min_time: 5.91822000026702932e-01
firstquartile_time: 6.41937000274658165e-01
median_time: 7.65041999876499235e-01
thirdquartile_time: 1.19938474991917587e+00
max_time: 5.99160499978065531e+00
mean_time: 1.02830784999489766e+00
stddev_time: 6.96841694904489883e-01
min_nedge: 1.00000000000000000e+00
firstquartile_nedge: 8.38851300000000000e+06
median_nedge: 8.38851300000000000e+06
thirdquartile_nedge: 8.38851300000000000e+06
max_nedge: 8.38851300000000000e+06
mean_nedge: 8.30462787999999989e+06
stddev_nedge: 8.38851200000000070e+05
min_TEPS: 1.66900187852271426e-01
firstquartile_TEPS: 8.60571407860283926e+06
median_TEPS: 1.12092896946330089e+07
thirdquartile_TEPS: 1.32127424462708607e+07
max_TEPS: 1.41740472635716666e+07
harmonic_mean_TEPS: 1.66899866279746512e+01
harmonic_stddev_TEPS: 1.67740350516361758e+01
