[BASH] Running the GPU only graph500 for scale 20 with sorted edges
file:/dev/null	benchmark:GRAPH500	vertices:1048576	edges:33554430	partitioning:RANDOM	platform:GPU	alpha:50	repeat:1	gpu_count:1	thread_count:1	thread_sched:GUIDED	thread_bind:false	gpu_graph_mem:DEVICE	gpu_par_randomized:false	sorted:false	edge_sort_key:degree	edge_order:asc	separate_singletons:false	lambda:0	time_init:11921.07	time_par:203.05	rmt_vertex:0	rmt_edge:0	beta:0	pid0:100,100,0,0	
total	exec	init	comp	comm	finalize	cpu_comp	gpu_comp	gpu_total_comp	scatter	gather	aggr	trv_edges	exec_rate
1719.65	1580.37	0.69	1527.79	52.58	0.00	0.00	1527.79	1527.79	0.00	0.00	6.53	33554430	0.0212
3562.36	3386.76	0.40	1341.24	2045.51	0.00	0.00	1341.24	1341.24	0.00	0.00	0.73	33554430	0.0099
3584.51	3441.92	0.41	1717.62	1724.29	0.00	0.00	1717.62	1717.62	0.00	0.00	6.36	33554430	0.0097
1537.68	1415.49	0.43	1303.20	112.28	0.00	0.00	1303.20	1303.20	0.00	0.00	0.73	33554430	0.0237
3788.99	3646.11	0.67	2534.95	1111.15	0.00	0.00	2534.95	2534.95	0.00	0.00	6.18	33554430	0.0092
1952.08	1812.64	3.25	1266.00	546.63	0.00	0.00	1266.00	1266.00	0.00	0.00	0.72	33554430	0.0185
3079.15	2914.81	0.40	1468.97	1445.83	0.00	0.00	1468.97	1468.97	0.00	0.00	0.73	33554430	0.0115
3652.69	3510.60	0.40	2400.30	1110.29	0.00	0.00	2400.30	2400.30	0.00	0.00	6.18	33554430	0.0096
3548.38	3404.51	0.82	1825.02	1579.48	0.00	0.00	1825.02	1825.02	0.00	0.00	6.18	33554430	0.0099
1490.77	1348.92	0.42	1294.04	54.87	0.00	0.00	1294.04	1294.04	0.00	0.00	0.73	33554430	0.0249
3526.46	3338.05	0.42	1338.58	1999.46	0.00	0.00	1338.58	1338.58	0.00	0.00	0.71	33554430	0.0101
3813.25	3682.11	0.46	2975.02	707.08	0.00	0.00	2975.02	2975.02	0.00	0.00	1.24	33554430	0.0091
2000.19	1862.92	0.66	1282.06	580.86	0.00	0.00	1282.06	1282.06	0.00	0.00	0.76	33554430	0.0180
3040.11	2865.16	0.40	1459.43	1405.73	0.00	0.00	1459.43	1459.43	0.00	0.00	0.72	33554430	0.0117
3162.38	3024.21	0.41	1302.01	1722.19	0.00	0.00	1302.01	1302.01	0.00	0.00	0.76	33554430	0.0111
1940.14	1774.75	0.41	1252.93	521.82	0.00	0.00	1252.93	1252.93	0.00	0.00	0.72	33554430	0.0189
2754.61	2611.36	0.40	1307.12	1304.24	0.00	0.00	1307.12	1307.12	0.00	0.00	6.39	33554430	0.0128
2224.16	2087.53	0.43	1277.83	809.69	0.00	0.00	1277.83	1277.83	0.00	0.00	0.73	33554430	0.0161
3518.08	3347.74	0.39	1365.21	1982.51	0.00	0.00	1365.21	1365.21	0.00	0.00	0.72	33554430	0.0100
2432.66	2294.91	0.52	1361.47	933.43	0.00	0.00	1361.47	1361.47	0.00	0.00	0.76	33554430	0.0146
2585.50	2456.31	0.41	1273.77	1182.53	0.00	0.00	1273.77	1273.77	0.00	0.00	0.72	33554430	0.0137
3667.60	3529.91	0.57	2469.26	1060.65	0.00	0.00	2469.26	2469.26	0.00	0.00	0.71	33554430	0.0095
3359.62	3221.51	0.80	1387.11	1834.39	0.00	0.00	1387.11	1387.11	0.00	0.00	0.77	33554430	0.0104
1711.59	1535.76	0.40	1231.96	303.79	0.00	0.00	1231.96	1231.96	0.00	0.00	0.72	33554430	0.0218
3202.25	3058.92	0.40	3056.76	2.16	0.00	0.00	3056.76	3056.76	0.00	0.00	6.34	33554430	0.0110
1881.30	1707.82	0.41	1210.89	496.92	0.00	0.00	1210.89	1210.89	0.00	0.00	0.72	33554430	0.0196
3567.66	3430.20	0.52	2001.58	1428.62	0.00	0.00	2001.58	2001.58	0.00	0.00	0.77	33554430	0.0098
1687.52	1547.45	0.38	1533.10	14.34	0.00	0.00	1533.10	1533.10	0.00	0.00	6.21	33554430	0.0217
3416.03	3265.66	0.39	1573.99	1691.66	0.00	0.00	1573.99	1573.99	0.00	0.00	0.74	33554430	0.0103
3579.10	3441.86	0.59	2021.81	1420.04	0.00	0.00	2021.81	2021.81	0.00	0.00	0.77	33554430	0.0097
3722.34	3537.92	0.43	1244.63	2293.27	0.00	0.00	1244.63	1244.63	0.00	0.00	6.19	33554430	0.0095
3453.32	3315.06	0.63	1487.07	1827.98	0.00	0.00	1487.07	1487.07	0.00	0.00	0.71	33554430	0.0101
1799.12	1634.47	0.40	1286.60	347.86	0.00	0.00	1286.60	1286.60	0.00	0.00	0.72	33554430	0.0205
3770.18	3639.45	0.37	3412.84	226.60	0.00	0.00	3412.84	3412.84	0.00	0.00	0.78	33554430	0.0092
3600.33	3457.17	0.66	2194.84	1262.32	0.00	0.00	2194.84	2194.84	0.00	0.00	6.18	33554430	0.0097
3171.67	3032.90	0.80	1302.73	1730.16	0.00	0.00	1302.73	1302.73	0.00	0.00	0.71	33554430	0.0111
1972.46	1792.97	0.40	1294.13	498.83	0.00	0.00	1294.13	1294.13	0.00	0.00	4.17	33554430	0.0187
3858.37	3683.49	0.39	3660.14	23.34	0.00	0.00	3660.14	3660.14	0.00	0.00	0.75	33554430	0.0091
2462.08	2320.38	0.40	2307.44	12.94	0.00	0.00	2307.44	2307.44	0.00	0.00	6.21	33554430	0.0145
2576.91	2403.46	0.42	1336.08	1067.37	0.00	0.00	1336.08	1336.08	0.00	0.00	0.72	33554430	0.0140
3214.28	3071.39	0.42	1410.13	1661.26	0.00	0.00	1410.13	1410.13	0.00	0.00	6.19	33554430	0.0109
1953.13	1802.61	0.42	1274.20	528.41	0.00	0.00	1274.20	1274.20	0.00	0.00	0.72	33554430	0.0186
3722.76	3588.49	0.53	1263.92	2324.56	0.00	0.00	1263.92	1263.92	0.00	0.00	0.76	33554430	0.0094
3445.01	3307.11	0.56	1569.34	1737.76	0.00	0.00	1569.34	1569.34	0.00	0.00	0.71	33554430	0.0101
1468.23	1345.58	0.42	1218.48	127.10	0.00	0.00	1218.48	1218.48	0.00	0.00	0.72	33554430	0.0249
1889.67	1749.01	0.62	1267.48	481.52	0.00	0.00	1267.48	1267.48	0.00	0.00	6.22	33554430	0.0192
2860.90	2737.54	0.41	1519.49	1218.05	0.00	0.00	1519.49	1519.49	0.00	0.00	0.70	33554430	0.0123
2178.77	2037.88	0.61	2024.75	13.11	0.00	0.00	2024.75	2024.75	0.00	0.00	6.21	33554430	0.0165
2892.99	2769.74	0.40	1223.90	1545.84	0.00	0.00	1223.90	1223.90	0.00	0.00	0.71	33554430	0.0121
3687.14	3529.33	0.58	1310.26	2219.06	0.00	0.00	1310.26	1310.26	0.00	0.00	0.71	33554430	0.0095
3380.71	3236.88	0.55	3205.22	31.65	0.00	0.00	3205.22	3205.22	0.00	0.00	6.19	33554430	0.0104
4016.95	3876.56	0.42	3541.17	335.37	0.00	0.00	3541.17	3541.17	0.00	0.00	6.22	33554430	0.0087
2718.72	2580.15	0.66	1310.55	1269.58	0.00	0.00	1310.55	1310.55	0.00	0.00	0.77	33554430	0.0130
2260.24	2085.85	0.40	1215.69	870.16	0.00	0.00	1215.69	1215.69	0.00	0.00	5.34	33554430	0.0161
3502.70	3360.41	0.39	1572.42	1787.97	0.00	0.00	1572.42	1572.42	0.00	0.00	6.18	33554430	0.0100
1572.49	1433.99	0.40	1289.43	144.55	0.00	0.00	1289.43	1289.43	0.00	0.00	0.72	33554430	0.0234
3070.64	2927.80	0.54	1359.84	1567.94	0.00	0.00	1359.84	1359.84	0.00	0.00	6.20	33554430	0.0115
2014.73	1851.01	0.41	1256.87	594.13	0.00	0.00	1256.87	1256.87	0.00	0.00	0.73	33554430	0.0181
3761.83	3619.64	4.37	1895.44	1724.16	0.00	0.00	1895.44	1895.44	0.00	0.00	0.77	33554430	0.0093
1918.33	1761.90	0.41	1257.39	504.50	0.00	0.00	1257.39	1257.39	0.00	0.00	0.73	33554430	0.0190
3330.03	3187.03	0.51	1373.98	1813.05	0.00	0.00	1373.98	1373.98	0.00	0.00	6.19	33554430	0.0105
1880.99	1709.39	0.39	1322.46	386.92	0.00	0.00	1322.46	1322.46	0.00	0.00	0.73	33554430	0.0196
3441.61	3304.12	0.48	1506.34	1797.77	0.00	0.00	1506.34	1506.34	0.00	0.00	0.77	33554430	0.0102
1600.67	1478.36	0.42	1279.50	198.86	0.00	0.00	1279.50	1279.50	0.00	0.00	0.73	33554430	0.0227
3855.60	3716.45	1.35	2753.83	962.60	0.00	0.00	2753.83	2753.83	0.00	0.00	6.18	33554430	0.0090
3599.46	3457.46	0.66	2380.86	1076.58	0.00	0.00	2380.86	2380.86	0.00	0.00	6.18	33554430	0.0097
3440.63	3297.15	1.08	1525.93	1771.21	0.00	0.00	1525.93	1525.93	0.00	0.00	6.36	33554430	0.0102
1555.44	1390.79	0.43	1240.49	150.29	0.00	0.00	1240.49	1240.49	0.00	0.00	0.72	33554430	0.0241
3562.90	3425.16	0.38	1593.33	1831.82	0.00	0.00	1593.33	1593.33	0.00	0.00	0.77	33554430	0.0098
1640.90	1518.21	1.16	1223.74	294.46	0.00	0.00	1223.74	1223.74	0.00	0.00	0.73	33554430	0.0221
2873.38	2734.77	0.57	1375.74	1359.02	0.00	0.00	1375.74	1375.74	0.00	0.00	0.77	33554430	0.0123
2167.11	2024.12	0.41	1259.96	764.15	0.00	0.00	1259.96	1259.96	0.00	0.00	4.86	33554430	0.0166
1915.44	1775.24	0.56	1762.86	12.38	0.00	0.00	1762.86	1762.86	0.00	0.00	6.22	33554430	0.0189
3100.46	2915.41	0.40	1220.45	1694.96	0.00	0.00	1220.45	1220.45	0.00	0.00	0.72	33554430	0.0115
2647.27	2505.31	0.43	2492.46	12.84	0.00	0.00	2492.46	2492.46	0.00	0.00	6.20	33554430	0.0134
2395.10	2213.45	0.40	1311.13	902.31	0.00	0.00	1311.13	1311.13	0.00	0.00	0.73	33554430	0.0152
3654.42	3516.22	0.43	1684.48	1831.73	0.00	0.00	1684.48	1684.48	0.00	0.00	0.77	33554430	0.0095
1800.86	1636.10	0.40	1308.42	327.67	0.00	0.00	1308.42	1308.42	0.00	0.00	0.72	33554430	0.0205
3858.43	3727.30	0.43	2976.78	750.50	0.00	0.00	2976.78	2976.78	0.00	0.00	0.98	33554430	0.0090
3011.72	2872.81	0.67	1406.87	1465.93	0.00	0.00	1406.87	1406.87	0.00	0.00	0.77	33554430	0.0117
2137.36	1973.90	0.40	1278.40	695.49	0.00	0.00	1278.40	1278.40	0.00	0.00	0.73	33554430	0.0170
3887.64	3753.34	0.57	3118.98	634.33	0.03	0.00	3118.98	3118.98	0.00	0.00	6.20	33554430	0.0089
3725.36	3564.93	0.65	2839.59	725.32	0.00	0.00	2839.59	2839.59	0.00	0.00	0.79	33554430	0.0094
3693.25	3532.58	0.65	2446.40	1086.17	0.00	0.00	2446.40	2446.40	0.00	0.00	0.80	33554430	0.0095
3590.40	3446.94	0.67	1969.74	1477.19	0.00	0.00	1969.74	1969.74	0.00	0.00	6.19	33554430	0.0097
2332.23	2191.01	0.37	1270.69	920.31	0.00	0.00	1270.69	1270.69	0.00	0.00	6.21	33554430	0.0153
2688.21	2510.80	0.41	1380.69	1130.09	0.00	0.00	1380.69	1380.69	0.00	0.00	0.72	33554430	0.0134
3166.05	3023.41	0.38	3010.72	12.68	0.00	0.00	3010.72	3010.72	0.00	0.00	6.20	33554430	0.0111
1967.37	1785.77	0.40	1296.73	489.04	0.00	0.00	1296.73	1296.73	0.00	0.00	0.75	33554430	0.0188
3781.05	3649.54	0.42	2933.52	716.02	0.00	0.00	2933.52	2933.52	0.00	0.00	0.75	33554430	0.0092
3627.83	3498.28	0.54	2361.30	1136.97	0.00	0.00	2361.30	2361.30	0.00	0.00	0.79	33554430	0.0096
1725.24	1584.85	0.67	1571.55	13.29	0.00	0.00	1571.55	1571.55	0.00	0.00	6.21	33554430	0.0212
3510.38	3387.85	0.40	1726.31	1661.53	0.00	0.00	1726.31	1726.31	0.00	0.00	0.73	33554430	0.0099
1912.86	1776.30	0.59	1765.48	10.81	0.00	0.00	1765.48	1765.48	0.00	0.00	0.76	33554430	0.0189
3140.53	2952.00	0.39	1446.37	1505.62	0.00	0.00	1446.37	1446.37	0.00	0.00	0.71	33554430	0.0114
2117.34	1976.50	0.36	1963.62	12.87	0.00	0.00	1963.62	1963.62	0.00	0.00	6.21	33554430	0.0170
2829.91	2707.10	0.38	1428.26	1278.84	0.00	0.00	1428.26	1428.26	0.00	0.00	0.71	33554430	0.0124
3519.89	3381.99	0.63	1565.81	1816.17	0.00	0.00	1565.81	1565.81	0.00	0.00	0.78	33554430	0.0099
1689.25	1525.75	0.39	1280.24	245.50	0.00	0.00	1280.24	1280.24	0.00	0.00	0.72	33554430	0.0220
3700.87	3559.07	0.37	2466.37	1092.69	0.00	0.00	2466.37	2466.37	0.00	0.00	6.18	33554430	0.0094
SCALE: 20
nvtx: 1048576
edgefactor: 16
terasize: 2.68435455999999995e-04
A: 5.69999999999999951e-01
B: 1.90000000000000002e-01
C: 1.90000000000000002e-01
D: 5.00000000000000444e-02
generation_time: 0.00000000000000000e+00
construction_time: 2.82485453259999986e+01
nbfs: 100
min_time: 1.34600599980354318e+00
firstquartile_time: 1.85445824995636932e+00
median_time: 2.92207100009918186e+00
thirdquartile_time: 3.44241950002312658e+00
max_time: 3.87698100006580360e+00
mean_time: 2.70280073998808845e+00
stddev_time: 7.95241055074106806e-01
min_nedge: 1.67770120000000000e+07
firstquartile_nedge: 1.67770120000000000e+07
median_nedge: 1.67770120000000000e+07
thirdquartile_nedge: 1.67770120000000000e+07
max_nedge: 1.67770120000000000e+07
mean_nedge: 1.67770120000000000e+07
stddev_nedge: 0.00000000000000000e+00
min_TEPS: 4.32733923630661238e+06
firstquartile_TEPS: 4.89206899801716860e+06
median_TEPS: 5.79677695733833313e+06
thirdquartile_TEPS: 9.28842620407328568e+06
max_TEPS: 1.24642921372183301e+07
harmonic_mean_TEPS: 6.20726927878299076e+06
harmonic_stddev_TEPS: 1.83555648049547104e+05
