[BASH] Running the GPU only graph500 for scale 18
file:/dev/null	benchmark:GRAPH500	vertices:262143	edges:8388606	partitioning:RANDOM	platform:GPU	alpha:50	repeat:1	gpu_count:1	thread_count:1	thread_sched:GUIDED	thread_bind:false	gpu_graph_mem:DEVICE	gpu_par_randomized:false	sorted:false	edge_sort_key:id	edge_order:asc	separate_singletons:false	lambda:0	time_init:749.23	time_par:20.18	rmt_vertex:0	rmt_edge:0	beta:0	pid0:100,100,0,0	
total	exec	init	comp	comm	finalize	cpu_comp	gpu_comp	gpu_total_comp	scatter	gather	aggr	trv_edges	exec_rate
490.43	459.28	0.43	457.90	1.37	0.00	0.00	457.90	457.90	0.00	0.00	0.24	8388606	0.0183
402.39	371.60	0.49	370.59	1.01	0.00	0.00	370.59	370.59	0.00	0.00	0.24	8388606	0.0226
342.25	311.28	0.69	310.36	0.91	0.00	0.00	310.36	310.36	0.00	0.00	0.24	8388606	0.0269
340.84	309.83	0.70	308.84	0.98	0.00	0.00	308.84	308.84	0.00	0.00	0.24	8388606	0.0271
336.68	305.73	0.69	304.82	0.90	0.00	0.00	304.82	304.82	0.00	0.00	0.24	8388606	0.0274
339.64	308.64	0.69	307.73	0.90	0.00	0.00	307.73	307.73	0.00	0.00	0.24	8388606	0.0272
362.35	331.40	0.64	330.42	0.97	0.00	0.00	330.42	330.42	0.00	0.00	0.24	8388606	0.0253
366.19	335.25	0.63	334.32	0.93	0.00	0.00	334.32	334.32	0.00	0.00	0.24	8388606	0.0250
346.37	315.43	0.62	314.38	1.03	0.00	0.00	314.38	314.38	0.00	0.00	0.24	8388606	0.0266
363.17	332.22	0.62	331.28	0.93	0.00	0.00	331.28	331.28	0.00	0.00	0.25	8388606	0.0253
336.14	305.16	0.68	304.23	0.93	0.00	0.00	304.23	304.23	0.00	0.00	0.24	8388606	0.0275
334.11	303.19	0.61	302.23	0.95	0.00	0.00	302.23	302.23	0.00	0.00	0.24	8388606	0.0277
351.15	320.16	0.68	319.25	0.91	0.00	0.00	319.25	319.25	0.00	0.00	0.24	8388606	0.0262
333.18	302.28	0.60	301.36	0.91	0.00	0.00	301.36	301.36	0.00	0.00	0.24	8388606	0.0278
333.52	302.55	0.70	301.52	1.03	0.00	0.00	301.52	301.52	0.00	0.00	0.24	8388606	0.0277
335.43	304.41	0.68	303.46	0.95	0.00	0.00	303.46	303.46	0.00	0.00	0.24	8388606	0.0276
371.12	340.15	0.65	339.12	1.03	0.00	0.00	339.12	339.12	0.00	0.00	0.24	8388606	0.0247
357.90	326.98	0.61	326.05	0.92	0.00	0.00	326.05	326.05	0.00	0.00	0.24	8388606	0.0257
361.75	330.84	0.61	329.92	0.91	0.00	0.00	329.92	329.92	0.00	0.00	0.24	8388606	0.0254
341.88	310.92	0.66	309.88	1.03	0.00	0.00	309.88	309.88	0.00	0.00	0.24	8388606	0.0270
335.35	304.40	0.63	303.48	0.90	0.00	0.00	303.48	303.48	0.00	0.00	0.24	8388606	0.0276
357.20	326.28	0.62	325.36	0.91	0.00	0.00	325.36	325.36	0.00	0.00	0.25	8388606	0.0257
354.55	323.54	0.70	322.51	1.02	0.00	0.00	322.51	322.51	0.00	0.00	0.24	8388606	0.0259
355.33	324.39	0.64	323.30	1.08	0.00	0.00	323.30	323.30	0.00	0.00	0.24	8388606	0.0259
332.70	301.73	0.63	300.73	1.00	0.00	0.00	300.73	300.73	0.00	0.00	0.24	8388606	0.0278
338.27	307.25	0.71	306.27	0.97	0.00	0.00	306.27	306.27	0.00	0.00	0.24	8388606	0.0273
344.08	312.62	0.78	311.64	0.97	0.00	0.00	311.64	311.64	0.00	0.00	0.24	8388606	0.0268
368.35	337.52	0.45	336.51	0.99	0.00	0.00	336.51	336.51	0.00	0.00	0.25	8388606	0.0249
354.70	323.68	0.70	322.64	1.03	0.00	0.00	322.64	322.64	0.00	0.00	0.24	8388606	0.0259
362.56	331.63	0.62	330.61	1.02	0.00	0.00	330.61	330.61	0.00	0.00	0.24	8388606	0.0253
339.27	308.26	0.68	307.32	0.93	0.00	0.00	307.32	307.32	0.00	0.00	0.23	8388606	0.0272
345.68	314.66	0.71	313.77	0.89	0.00	0.00	313.77	313.77	0.00	0.00	0.24	8388606	0.0267
362.51	331.57	0.64	330.56	1.01	0.00	0.00	330.56	330.56	0.00	0.00	0.24	8388606	0.0253
363.79	332.76	0.69	331.80	0.96	0.00	0.00	331.80	331.80	0.00	0.00	0.24	8388606	0.0252
334.45	303.51	0.63	302.50	1.00	0.00	0.00	302.50	302.50	0.00	0.00	0.24	8388606	0.0276
342.11	311.15	0.66	310.19	0.95	0.00	0.00	310.19	310.19	0.00	0.00	0.24	8388606	0.0270
343.62	312.71	0.62	311.77	0.93	0.00	0.00	311.77	311.77	0.00	0.00	0.23	8388606	0.0268
345.67	314.67	0.69	313.75	0.93	0.00	0.00	313.75	313.75	0.00	0.00	0.24	8388606	0.0267
342.46	311.51	0.62	310.57	0.93	0.00	0.00	310.57	310.57	0.00	0.00	0.24	8388606	0.0269
331.79	300.80	0.66	299.87	0.93	0.00	0.00	299.87	299.87	0.00	0.00	0.24	8388606	0.0279
358.78	327.76	0.71	326.83	0.93	0.00	0.00	326.83	326.83	0.00	0.00	0.24	8388606	0.0256
364.17	333.20	0.63	332.27	0.93	0.00	0.00	332.27	332.27	0.00	0.00	0.24	8388606	0.0252
364.28	333.33	0.64	332.28	1.05	0.00	0.00	332.28	332.28	0.00	0.00	0.24	8388606	0.0252
338.31	307.22	0.73	306.28	0.94	0.00	0.00	306.28	306.28	0.00	0.00	0.24	8388606	0.0273
346.40	315.49	0.62	314.49	1.00	0.00	0.00	314.49	314.49	0.00	0.00	0.24	8388606	0.0266
339.14	308.13	0.66	307.20	0.92	0.00	0.00	307.20	307.20	0.00	0.00	0.24	8388606	0.0272
368.68	337.72	0.64	336.70	1.02	0.00	0.00	336.70	336.70	0.00	0.00	0.24	8388606	0.0248
365.83	334.84	0.67	333.91	0.92	0.00	0.00	333.91	333.91	0.00	0.00	0.24	8388606	0.0251
364.94	333.95	0.65	332.95	1.00	0.00	0.00	332.95	332.95	0.00	0.00	0.24	8388606	0.0251
345.39	314.37	0.71	312.88	1.48	0.00	0.00	312.88	312.88	0.00	0.00	0.24	8388606	0.0267
358.98	328.03	0.63	327.10	0.93	0.00	0.00	327.10	327.10	0.00	0.00	0.24	8388606	0.0256
334.42	303.50	0.64	302.56	0.93	0.00	0.00	302.56	302.56	0.00	0.00	0.24	8388606	0.0276
346.04	315.05	0.65	314.08	0.97	0.00	0.00	314.08	314.08	0.00	0.00	0.24	8388606	0.0266
368.21	337.23	0.68	336.27	0.95	0.00	0.00	336.27	336.27	0.00	0.00	0.24	8388606	0.0249
337.32	306.36	0.62	305.35	1.00	0.00	0.00	305.35	305.35	0.00	0.00	0.24	8388606	0.0274
332.83	301.90	0.61	300.90	0.99	0.00	0.00	300.90	300.90	0.00	0.00	0.24	8388606	0.0278
343.66	312.71	0.61	311.77	0.93	0.00	0.00	311.77	311.77	0.00	0.00	0.24	8388606	0.0268
333.19	302.19	0.66	301.30	0.89	0.00	0.00	301.30	301.30	0.00	0.00	0.24	8388606	0.0278
353.51	322.56	0.61	321.60	0.95	0.00	0.00	321.60	321.60	0.00	0.00	0.24	8388606	0.0260
335.77	304.81	0.63	303.82	0.98	0.00	0.00	303.82	303.82	0.00	0.00	0.23	8388606	0.0275
344.21	312.57	0.73	311.68	0.89	0.00	0.00	311.68	311.68	0.00	0.00	0.24	8388606	0.0268
335.66	304.73	0.62	303.74	0.99	0.00	0.00	303.74	303.74	0.00	0.00	0.24	8388606	0.0275
341.78	310.81	0.63	309.90	0.90	0.00	0.00	309.90	309.90	0.00	0.00	0.24	8388606	0.0270
358.81	327.92	0.61	326.90	1.01	0.00	0.00	326.90	326.90	0.00	0.00	0.24	8388606	0.0256
340.40	309.44	0.61	308.51	0.92	0.00	0.00	308.51	308.51	0.00	0.00	0.24	8388606	0.0271
363.71	332.69	0.69	331.70	0.98	0.00	0.00	331.70	331.70	0.00	0.00	0.24	8388606	0.0252
336.67	305.69	0.66	304.79	0.89	0.00	0.00	304.79	304.79	0.00	0.00	0.24	8388606	0.0274
344.63	313.70	0.63	312.76	0.93	0.00	0.00	312.76	312.76	0.00	0.00	0.24	8388606	0.0267
333.43	302.48	0.62	301.52	0.95	0.00	0.00	301.52	301.52	0.00	0.00	0.24	8388606	0.0277
344.15	313.24	0.63	312.19	1.04	0.00	0.00	312.19	312.19	0.00	0.00	0.24	8388606	0.0268
365.64	334.61	0.69	333.59	1.02	0.00	0.00	333.59	333.59	0.00	0.00	0.24	8388606	0.0251
334.10	303.16	0.63	302.22	0.93	0.00	0.00	302.22	302.22	0.00	0.00	0.24	8388606	0.0277
347.11	316.13	0.63	315.15	0.97	0.00	0.00	315.15	315.15	0.00	0.00	0.24	8388606	0.0265
332.79	301.67	0.77	299.94	1.73	0.00	0.00	299.94	299.94	0.00	0.00	0.24	8388606	0.0278
339.87	308.88	0.68	307.85	1.02	0.00	0.00	307.85	307.85	0.00	0.00	0.24	8388606	0.0272
354.06	323.08	0.64	322.17	0.91	0.00	0.00	322.17	322.17	0.00	0.00	0.24	8388606	0.0260
362.26	331.25	0.69	330.29	0.95	0.00	0.00	330.29	330.29	0.00	0.00	0.24	8388606	0.0253
331.50	300.56	0.63	299.58	0.97	0.00	0.00	299.58	299.58	0.00	0.00	0.24	8388606	0.0279
335.07	304.08	0.66	303.07	1.00	0.00	0.00	303.07	303.07	0.00	0.00	0.24	8388606	0.0276
361.63	330.66	0.66	329.74	0.91	0.00	0.00	329.74	329.74	0.00	0.00	0.25	8388606	0.0254
336.51	305.48	0.67	304.40	1.07	0.00	0.00	304.40	304.40	0.00	0.00	0.24	8388606	0.0275
351.54	320.59	0.62	319.63	0.95	0.00	0.00	319.63	319.63	0.00	0.00	0.24	8388606	0.0262
332.11	301.19	0.63	300.25	0.94	0.00	0.00	300.25	300.25	0.00	0.00	0.23	8388606	0.0279
338.46	307.43	0.71	306.31	1.11	0.00	0.00	306.31	306.31	0.00	0.00	0.24	8388606	0.0273
335.99	305.02	0.67	303.98	1.03	0.00	0.00	303.98	303.98	0.00	0.00	0.24	8388606	0.0275
340.44	309.47	0.62	308.56	0.91	0.00	0.00	308.56	308.56	0.00	0.00	0.24	8388606	0.0271
365.75	334.84	0.62	333.78	1.06	0.00	0.00	333.78	333.78	0.00	0.00	0.24	8388606	0.0251
332.82	301.89	0.62	300.95	0.93	0.00	0.00	300.95	300.95	0.00	0.00	0.24	8388606	0.0278
347.86	316.86	0.67	315.94	0.91	0.00	0.00	315.94	315.94	0.00	0.00	0.24	8388606	0.0265
362.82	331.86	0.62	330.83	1.02	0.00	0.00	330.83	330.83	0.00	0.00	0.24	8388606	0.0253
364.97	333.99	0.62	332.99	0.99	0.00	0.00	332.99	332.99	0.00	0.00	0.24	8388606	0.0251
363.85	332.87	0.63	331.86	1.01	0.00	0.00	331.86	331.86	0.00	0.00	0.24	8388606	0.0252
335.85	304.92	0.61	303.90	1.01	0.00	0.00	303.90	303.90	0.00	0.00	0.24	8388606	0.0275
332.30	301.32	0.64	300.31	1.01	0.00	0.00	300.31	300.31	0.00	0.00	0.24	8388606	0.0278
335.16	304.24	0.61	303.30	0.94	0.00	0.00	303.30	303.30	0.00	0.00	0.24	8388606	0.0276
343.03	312.10	0.61	311.06	1.04	0.00	0.00	311.06	311.06	0.00	0.00	0.24	8388606	0.0269
344.47	313.53	0.62	312.48	1.04	0.00	0.00	312.48	312.48	0.00	0.00	0.24	8388606	0.0268
330.72	299.77	0.61	298.80	0.96	0.00	0.00	298.80	298.80	0.00	0.00	0.24	8388606	0.0280
333.84	302.88	0.63	301.96	0.91	0.00	0.00	301.96	301.96	0.00	0.00	0.24	8388606	0.0277
359.45	328.50	0.65	327.51	0.98	0.00	0.00	327.51	327.51	0.00	0.00	0.24	8388606	0.0255
SCALE: 18
nvtx: 262144
edgefactor: 16
terasize: 6.71088639999999987e-05
A: 5.69999999999999951e-01
B: 1.90000000000000002e-01
C: 1.90000000000000002e-01
D: 5.00000000000000444e-02
generation_time: 0.00000000000000000e+00
construction_time: 3.21205808300000006e+00
nbfs: 100
min_time: 3.00380000114440937e-01
firstquartile_time: 3.05723500072956123e-01
median_time: 3.13632499933242825e-01
thirdquartile_time: 3.31416500091552768e-01
max_time: 4.59707000017166134e-01
mean_time: 3.18628820028305004e-01
stddev_time: 1.94733604099458502e-02
min_nedge: 4.19425900000000000e+06
firstquartile_nedge: 4.19425900000000000e+06
median_nedge: 4.19425900000000000e+06
thirdquartile_nedge: 4.19425900000000000e+06
max_nedge: 4.19425900000000000e+06
mean_nedge: 4.19425900000000000e+06
stddev_nedge: 0.00000000000000000e+00
min_TEPS: 9.12376578960812092e+06
firstquartile_TEPS: 1.27472826221134923e+07
median_TEPS: 1.33863958194087707e+07
thirdquartile_TEPS: 1.37308701659569964e+07
max_TEPS: 1.39631766375991777e+07
harmonic_mean_TEPS: 1.31634639943348765e+07
harmonic_stddev_TEPS: 8.08552899956374167e+04
