[BASH] Running the hybrid graph500 for scale 21 with sorted edges
Initializing the shares for Hybrid platform.
	time_init:15804.01	time_par:784.06	rmt_vertex:50	rmt_edge:50	beta:2	pid0:50,50,25,25	pid1:50,50,25,25	
total	exec	init	comp	comm	finalize	cpu_comp	gpu_comp	gpu_total_comp	scatter	gather	aggr	trv_edges	exec_rate
787.28	658.96	2.85	436.32	222.62	0.00	390.24	369.44	369.44	102.91	27.05	9.79	67108862	0.1018
1234.84	1160.90	5.90	1018.41	142.47	0.00	289.21	1010.24	1010.24	71.48	14.47	1.00	67108862	0.0578
1050.69	894.62	2.76	703.18	191.42	0.00	563.17	675.35	675.35	155.41	38.63	10.26	67108862	0.0750
861.65	696.13	2.98	518.20	177.90	0.00	383.27	428.05	428.05	101.79	34.92	3.27	67108862	0.0964
3661.72	3515.53	12.75	3273.17	242.34	0.00	1157.64	3108.61	3108.61	21.43	87.38	0.82	67108862	0.0191
906.40	744.98	15.38	579.80	165.16	0.00	485.80	570.72	570.72	73.54	36.43	0.96	67108862	0.0901
932.08	741.51	116.85	533.09	208.41	0.00	403.33	485.50	485.50	119.69	36.52	0.82	67108862	0.0905
1838.80	1703.40	4.19	1627.84	75.54	0.00	454.65	1595.29	1595.29	19.30	19.47	0.75	67108862	0.0394
file:/dev/null	benchmark:GRAPH500	vertices:2097152	edges:67108862	partitioning:RANDOM	platform:HYBRID	alpha:50	repeat:1	gpu_count:1	thread_count:4	thread_sched:GUIDED	thread_bind:false	gpu_graph_mem:DEVICE	gpu_par_randomized:false	sorted:false	edge_sort_key:degree	edge_order:asc	separate_singletons:false	lambda:03899.57	3783.18	14.40	3684.19	98.98	0.00	802.02	3594.08	3594.08	22.10	34.07	1.65	67108862	0.0177
715.62	592.52	2.48	478.73	113.78	0.00	246.24	434.81	434.81	74.69	15.25	0.99	67108862	0.1133
1413.69	1282.04	6.05	1180.90	101.13	0.00	457.56	1137.86	1137.86	53.80	35.37	0.99	67108862	0.0523
4905.72	4743.25	13.79	4545.12	198.11	0.00	998.23	4332.73	4332.73	13.90	25.66	6.41	67108862	0.0141
1196.42	1048.16	2.74	889.99	158.15	0.00	368.81	850.31	850.31	78.75	15.19	7.65	67108862	0.0640
754.24	680.73	4.16	539.99	140.72	0.00	422.73	499.72	499.72	73.81	35.16	0.96	67108862	0.0986
Initializing the shares for Hybrid platform.
	time_init:13053.60	time_par:708.07	rmt_vertex:50	rmt_edge:50	beta:2	pid0:50,50,25,25	pid1:50,50,25,25	
total	exec	init	comp	comm	finalize	cpu_comp	gpu_comp	gpu_total_comp	scatter	gather	aggr	trv_edges	exec_rate
2706.44	2630.85	2.64	2545.95	84.89	0.00	649.83	2474.98	2474.98	15.52	23.55	0.99	67108862	0.0255
2638.04	2553.48	14.95	244.36	2309.11	0.00	194.07	216.00	216.00	45.78	13.54	0.79	67108862	0.0263
3479.85	3402.46	5.85	3298.17	104.28	0.00	672.86	3221.16	3221.16	15.41	21.92	0.75	67108862	0.0197
3425.73	3339.33	27.29	371.24	2968.07	0.00	196.94	344.24	344.24	42.54	17.24	0.79	67108862	0.0201
2031.11	1942.16	10.14	1796.06	146.08	0.00	570.28	1779.76	1779.76	13.57	27.43	6.20	67108862	0.0346
2056.89	2000.69	4.18	1857.95	142.74	0.00	281.98	1832.76	1832.76	90.20	15.41	1.02	67108862	0.0335
632.99	556.02	19.11	327.88	228.12	0.00	179.38	307.56	307.56	45.64	14.35	0.96	67108862	0.1207
791.75	655.39	41.31	388.99	266.39	0.00	299.02	347.46	347.46	56.69	23.65	17.56	67108862	0.1024
3515.77	3425.48	36.65	2966.56	458.90	0.00	503.62	2902.62	2902.62	16.14	19.27	0.92	67108862	0.0196
3497.56	3408.64	6.84	3250.85	157.78	0.00	289.10	3230.48	3230.48	95.83	22.08	1.04	67108862	0.0197
4717.78	4629.74	29.75	4524.20	105.53	0.00	276.17	4501.82	4501.82	41.31	26.12	0.74	67108862	0.0145
4662.75	4569.24	3.72	4432.46	136.72	0.00	775.01	4402.80	4402.80	16.63	16.42	1.06	67108862	0.0147
681.13	592.78	32.99	475.71	117.06	0.00	171.11	457.15	457.15	64.63	12.87	0.93	67108862	0.1132
480.21	398.23	5.48	263.22	135.00	0.00	175.75	251.14	251.14	70.07	14.85	0.94	67108862	0.1685
4927.66	4862.18	8.54	1434.07	3428.09	0.00	384.36	1378.98	1378.98	27.93	24.77	1.44	67108862	0.0138
4785.03	4698.21	12.93	3572.80	1125.39	0.00	729.11	3545.55	3545.55	22.23	22.87	0.85	67108862	0.0143
4805.78	4620.48	118.34	4347.78	272.67	0.00	775.76	4147.04	4147.04	37.33	24.85	1.12	67108862	0.0145
4586.30	4496.18	24.72	4310.78	185.39	0.00	225.82	4257.32	4257.32	60.94	25.65	0.75	67108862	0.0149
2174.30	2108.31	3.55	412.79	1695.51	0.00	209.50	401.49	401.49	64.79	17.17	0.76	67108862	0.0318
2009.86	1916.88	2.94	1773.43	143.43	0.00	501.79	1744.12	1744.12	12.97	16.13	0.91	67108862	0.0350
2082.50	1997.32	23.83	1210.73	786.57	0.00	274.99	1175.95	1175.95	38.62	18.80	6.21	67108862	0.0336
1863.93	1792.77	2.22	800.11	992.65	0.00	341.53	759.98	759.98	34.49	14.98	0.86	67108862	0.0374
5691.11	5593.87	32.85	4273.81	1320.05	0.00	586.15	4207.06	4207.06	25.53	29.53	1.43	67108862	0.0120
5570.78	5487.98	2.81	5412.36	75.60	0.00	436.09	5395.83	5395.83	17.56	21.57	0.79	67108862	0.0122
1087.98	1005.43	14.33	817.15	188.23	0.00	232.02	800.59	800.59	48.68	26.77	6.21	67108862	0.0667
1027.98	950.91	5.62	764.79	186.11	0.00	322.96	731.31	731.31	122.61	14.83	0.85	67108862	0.0706
812.80	720.28	26.29	605.96	114.30	0.00	203.00	580.59	580.59	54.07	20.11	0.76	67108862	0.0932
805.95	710.05	4.60	477.40	232.64	0.00	194.47	458.79	458.79	85.01	16.48	1.03	67108862	0.0945
4429.98	4326.40	39.36	4239.21	87.18	0.00	478.64	4216.23	4216.23	27.08	25.00	0.85	67108862	0.0155
4352.92	4267.40	8.21	4190.99	76.40	0.00	469.63	4175.94	4175.94	11.77	16.35	2.15	67108862	0.0157
4738.92	4581.33	91.64	4361.81	219.50	0.00	594.02	4320.19	4320.19	24.34	31.79	0.78	67108862	0.0146
4605.08	4473.97	55.15	1550.74	2923.22	0.00	520.59	1540.97	1540.97	16.52	22.58	0.85	67108862	0.0150
2185.88	2073.88	48.77	1887.49	186.38	0.00	416.40	1854.10	1854.10	16.19	27.47	0.82	67108862	0.0324
2124.13	2005.01	25.25	572.72	1432.28	0.00	304.38	551.58	551.58	76.84	21.68	0.77	67108862	0.0335
1734.21	1648.06	28.51	1513.06	134.99	0.00	231.56	1481.19	1481.19	42.93	19.17	1.35	67108862	0.0407
1641.09	1557.62	7.53	1207.52	350.09	0.00	424.76	1167.57	1167.57	26.48	35.30	0.85	67108862	0.0431
920.90	845.62	5.76	398.96	446.65	0.00	225.04	382.67	382.67	52.81	15.63	0.78	67108862	0.0794
1001.90	890.20	42.30	751.56	138.63	0.00	275.44	738.62	738.62	47.29	19.06	0.84	67108862	0.0754
4583.62	4474.31	36.64	4359.39	114.90	0.00	378.90	4355.97	4355.97	30.07	26.51	0.97	67108862	0.0150
4558.87	4488.89	6.50	3401.82	1087.05	0.00	569.76	3351.50	3351.50	18.67	20.01	0.95	67108862	0.0149
756.21	687.06	9.04	311.98	375.07	0.00	198.41	267.60	267.60	55.97	12.24	0.85	67108862	0.0977
824.67	710.77	30.70	568.69	142.06	0.00	247.31	558.76	558.76	82.19	39.70	1.33	67108862	0.0944
4704.28	4600.15	36.65	4495.62	104.52	0.00	641.72	4457.85	4457.85	19.80	13.81	0.79	67108862	0.0146
4667.95	4585.24	4.91	4493.26	91.97	0.00	523.83	4475.78	4475.78	22.45	30.31	0.78	67108862	0.0146
1264.11	1077.83	121.07	905.80	172.01	0.00	323.02	791.11	791.11	58.78	18.45	2.88	67108862	0.0623
1222.07	992.31	161.95	545.93	446.37	0.00	350.05	485.70	485.70	48.71	15.96	0.82	67108862	0.0676
2931.48	2844.86	26.38	2707.80	137.05	0.00	547.59	2661.55	2661.55	23.67	17.51	0.97	67108862	0.0236
2694.51	2616.33	3.69	954.25	1662.07	0.01	392.06	898.66	898.66	23.24	17.59	0.96	67108862	0.0256
1755.42	1664.78	33.10	1526.89	137.88	0.00	294.03	1505.69	1505.69	33.91	14.67	0.74	67108862	0.0403
1633.90	1547.76	13.42	749.99	797.76	0.00	340.71	723.05	723.05	28.51	20.09	1.65	67108862	0.0434
5025.79	4958.62	13.59	4836.17	122.43	0.00	462.85	4812.49	4812.49	28.81	45.64	0.79	67108862	0.0135
5028.24	4950.56	5.13	3439.12	1511.42	0.00	756.81	3409.93	3409.93	47.56	20.92	0.84	67108862	0.0136
1192.26	1109.22	12.12	770.87	338.32	0.00	248.74	764.50	764.50	80.55	14.14	0.79	67108862	0.0605
1070.40	995.11	6.65	477.21	517.89	0.00	202.82	447.72	447.72	85.07	20.50	0.80	67108862	0.0674
1172.99	1093.74	2.24	849.46	244.27	0.00	345.84	824.55	824.55	17.25	14.83	0.75	67108862	0.0614
1265.85	1157.90	39.13	993.12	164.77	0.00	213.87	976.98	976.98	58.94	20.64	0.84	67108862	0.0580
2560.91	2493.27	3.98	2326.76	166.07	0.00	355.46	2298.93	2298.93	19.74	28.58	0.80	67108862	0.0269
2592.30	2487.24	26.84	540.54	1946.66	0.00	297.77	537.10	537.10	52.83	23.87	0.85	67108862	0.0270
1963.80	1859.10	42.88	1716.81	142.27	0.00	387.17	1700.49	1700.49	20.07	12.55	0.83	67108862	0.0361
1996.00	1858.39	50.56	435.03	1423.35	0.00	269.46	421.75	421.75	78.77	16.31	0.79	67108862	0.0361
898.29	802.70	38.60	591.35	211.34	0.00	225.26	574.92	574.92	55.74	15.52	0.82	67108862	0.0836
866.08	778.56	4.51	361.75	416.80	0.00	234.90	355.08	355.08	79.20	15.90	0.81	67108862	0.0862
4851.63	4789.39	11.66	1557.77	3231.61	0.00	394.74	1502.45	1502.45	25.21	24.04	1.13	67108862	0.0140
4563.10	4494.02	2.74	3364.09	1129.91	0.00	712.58	3342.67	3342.67	18.00	23.07	0.82	67108862	0.0149
1139.08	1064.43	2.66	683.81	380.57	0.00	345.03	646.52	646.52	53.02	23.13	0.77	67108862	0.0630
1216.81	1139.34	12.37	1007.61	131.72	0.00	206.02	978.52	978.52	58.98	17.09	0.79	67108862	0.0589
2773.14	2686.59	5.08	2517.27	169.31	0.00	556.11	2465.71	2465.71	14.95	20.12	2.41	67108862	0.0250
2702.03	2626.75	20.64	845.17	1781.58	0.00	334.76	798.59	798.59	31.23	17.97	0.84	67108862	0.0255
1092.16	1005.77	15.25	871.53	134.22	0.00	340.30	867.95	867.95	50.82	24.56	0.83	67108862	0.0667
1068.67	999.42	5.96	452.17	547.24	0.00	247.88	416.08	416.08	63.70	16.28	0.81	67108862	0.0671
1760.28	1595.11	91.29	757.03	838.03	0.00	585.39	465.00	465.00	85.00	16.53	0.75	67108862	0.0421
1285.44	1190.50	27.87	1101.64	88.84	0.00	306.87	1081.60	1081.60	17.05	17.60	0.80	67108862	0.0564
1120.55	1029.12	27.73	778.90	250.21	0.00	243.50	736.56	736.56	35.21	14.40	0.79	67108862	0.0652
1136.78	1026.47	27.95	407.21	619.25	0.00	244.99	397.23	397.23	88.62	21.40	0.78	67108862	0.0654
2163.25	2096.49	10.91	1963.93	132.55	0.00	348.83	1929.59	1929.59	21.74	15.92	0.81	67108862	0.0320
2108.94	2032.69	5.06	831.45	1201.22	0.00	353.40	785.11	785.11	19.59	16.23	0.80	67108862	0.0330
1317.65	1240.62	5.06	514.74	725.88	0.00	270.25	500.05	500.05	57.43	16.34	0.77	67108862	0.0541
1357.13	1273.19	13.65	1154.69	118.49	0.02	312.86	1118.98	1118.98	24.70	19.59	0.79	67108862	0.0527
3739.39	3650.05	25.25	3468.65	181.39	0.00	615.52	3440.80	3440.80	21.50	23.78	0.79	67108862	0.0184
3773.02	3660.51	30.43	359.26	3301.21	0.00	263.76	331.35	331.35	58.14	16.54	0.84	67108862	0.0183
1657.97	1509.98	88.57	1341.85	168.10	0.00	433.60	1100.60	1100.60	66.48	23.14	0.80	67108862	0.0444
1264.72	1192.91	3.07	751.85	441.04	0.00	337.71	715.17	715.17	31.00	15.99	0.85	67108862	0.0563
1125.88	1042.13	9.46	907.16	134.96	0.00	325.05	898.16	898.16	57.26	15.38	0.79	67108862	0.0644
1107.57	1032.63	9.43	941.01	91.60	0.00	290.63	902.49	902.49	18.70	22.37	0.79	67108862	0.0650
852.40	737.57	50.39	572.79	164.78	0.00	239.54	567.50	567.50	63.58	16.18	0.76	67108862	0.0910
816.52	735.74	5.14	307.84	427.89	0.00	222.10	284.21	284.21	69.07	15.97	1.10	67108862	0.0912
766.06	688.10	8.22	427.56	260.52	0.00	219.43	422.66	422.66	71.58	15.74	0.77	67108862	0.0975
832.11	724.84	35.66	574.05	150.77	0.00	223.20	539.69	539.69	75.02	18.35	0.79	67108862	0.0926
2590.86	2479.51	37.20	2319.03	160.46	0.00	512.27	2219.12	2219.12	57.47	23.53	0.76	67108862	0.0271
2496.37	2450.76	8.44	2301.65	149.09	0.00	222.37	2264.56	2264.56	61.96	23.41	0.75	67108862	0.0274
4398.01	4324.10	10.56	4187.25	136.84	0.00	590.79	4155.85	4155.85	16.43	17.44	0.78	67108862	0.0155
4504.83	4392.60	33.75	1173.48	3219.10	0.00	415.98	1135.62	1135.62	40.75	27.38	0.81	67108862	0.0153
1647.78	1546.44	34.36	712.25	834.17	0.00	340.65	664.26	664.26	61.88	18.07	0.88	67108862	0.0434
1672.63	1547.25	47.88	1398.04	149.20	0.00	458.71	1364.75	1364.75	42.34	46.23	0.86	67108862	0.0434
2132.86	1981.24	92.89	1827.27	153.95	0.00	487.77	1724.62	1724.62	19.14	15.93	0.78	67108862	0.0339
2011.41	1848.26	74.12	421.89	1426.33	0.00	304.88	390.41	390.41	64.15	17.00	0.86	67108862	0.0363
3056.38	2947.91	42.79	2800.24	147.65	0.00	300.04	2782.49	2782.49	46.88	20.35	0.96	67108862	0.0228
2948.53	2864.78	5.61	2766.37	98.39	0.00	650.44	2728.88	2728.88	13.72	17.94	0.86	67108862	0.0234
833.76	744.32	9.30	619.23	125.07	0.00	231.29	615.92	615.92	69.52	23.90	0.77	67108862	0.0902
887.92	787.22	38.19	399.04	388.17	0.00	236.08	349.91	349.91	55.92	14.24	0.84	67108862	0.0852
781.31	692.67	17.65	472.92	219.73	0.00	229.71	466.16	466.16	55.25	27.88	0.75	67108862	0.0969
765.15	696.12	5.07	338.10	358.01	0.00	217.70	297.92	297.92	62.29	14.13	0.86	67108862	0.0964
1326.87	1258.47	3.51	898.87	359.58	0.00	332.96	856.02	856.02	16.26	19.93	0.78	67108862	0.0533
1365.98	1259.72	27.16	507.69	752.01	0.00	265.80	504.34	504.34	78.99	15.71	0.80	67108862	0.0533
892.93	781.42	49.35	615.64	165.77	0.00	238.51	582.45	582.45	64.84	15.68	0.78	67108862	0.0859
836.95	752.44	2.12	346.35	406.04	0.00	205.98	337.18	337.18	84.84	15.79	0.86	67108862	0.0892
3763.81	3662.31	46.07	430.72	3231.58	0.00	259.02	394.82	394.82	48.78	11.12	0.86	67108862	0.0183
3770.33	3641.42	52.51	3405.86	235.55	0.00	769.14	3372.41	3372.41	24.49	23.56	0.80	67108862	0.0184
3778.97	3696.56	22.04	3578.32	118.21	0.00	337.10	3544.22	3544.22	36.82	19.96	1.01	67108862	0.0182
3790.95	3696.52	5.61	3586.59	109.91	0.00	725.30	3570.47	3570.47	20.95	20.91	0.94	67108862	0.0182
897.89	824.91	11.04	724.16	100.73	0.00	226.91	698.74	698.74	52.21	19.86	0.79	67108862	0.0814
970.95	898.04	5.62	355.72	542.30	0.00	258.76	309.38	309.38	68.33	15.97	0.79	67108862	0.0747
595.77	491.64	46.13	398.90	92.74	0.00	245.61	395.06	395.06	45.53	9.48	0.81	67108862	0.1365
699.35	583.93	2.82	451.37	132.54	0.00	245.03	423.98	423.98	71.39	26.28	0.77	67108862	0.1149
382.20	330.34	7.36	255.98	74.35	0.00	161.23	238.67	238.67	42.08	9.62	0.75	67108862	0.2031
1567.30	1480.30	4.87	323.47	1156.82	0.01	222.37	305.62	305.62	45.11	23.25	0.79	67108862	0.0453
1380.67	1321.26	8.98	1191.60	129.64	0.00	340.49	1147.99	1147.99	23.60	18.43	0.91	67108862	0.0508
1460.29	1390.38	9.63	1049.92	340.44	0.00	348.09	1021.51	1021.51	39.62	15.86	0.79	67108862	0.0483
1478.80	1384.83	12.44	478.87	905.95	0.00	281.11	466.95	466.95	82.57	15.72	0.81	67108862	0.0485
3439.93	3340.53	31.97	3200.08	140.43	0.00	303.84	3174.37	3174.37	29.35	17.16	6.22	67108862	0.0201
3399.34	3327.49	5.01	3217.43	110.05	0.00	572.74	3148.74	3148.74	21.12	19.91	2.77	67108862	0.0202
761.76	664.53	40.67	509.84	154.68	0.00	247.27	496.18	496.18	54.10	17.23	0.99	67108862	0.1010
733.48	651.72	6.88	339.44	312.27	0.00	232.65	312.84	312.84	96.13	16.06	1.02	67108862	0.1030
3226.57	3147.79	13.02	3047.93	99.85	0.00	452.08	3010.24	3010.24	19.44	26.29	0.89	67108862	0.0213
3235.94	3143.82	16.22	1038.97	2104.84	0.00	424.07	1018.67	1018.67	26.00	15.59	0.75	67108862	0.0213
787.19	729.67	7.33	566.81	162.84	0.00	218.96	564.99	564.99	69.14	16.29	0.92	67108862	0.0920
765.15	688.16	9.25	409.93	278.19	0.00	234.51	382.92	382.92	80.54	15.55	0.96	67108862	0.0975
3494.73	3331.09	100.77	687.71	2643.36	0.00	476.07	497.20	497.20	94.90	19.19	2.70	67108862	0.0201
3032.80	2936.96	4.15	2752.20	184.74	0.00	602.29	2742.48	2742.48	14.26	23.08	1.05	67108862	0.0228
1345.99	1268.35	14.06	459.46	808.88	0.00	227.23	445.65	445.65	79.26	17.35	0.80	67108862	0.0529
1344.66	1259.93	2.33	967.99	291.88	0.00	384.67	963.31	963.31	43.21	15.93	0.91	67108862	0.0533
696.23	621.96	10.90	368.26	253.68	0.00	206.41	334.64	334.64	61.41	17.21	0.84	67108862	0.1079
615.89	522.07	4.71	312.69	209.37	0.00	220.97	270.09	270.09	65.64	15.65	0.80	67108862	0.1285
3887.96	3770.42	53.31	3465.17	305.25	0.00	546.47	3401.18	3401.18	18.73	21.21	4.41	67108862	0.0178
3640.03	3562.25	9.45	364.60	3197.64	0.00	232.54	349.51	349.51	84.56	22.74	0.79	67108862	0.0188
4523.39	4456.17	10.49	3574.18	881.98	0.00	521.68	3496.55	3496.55	18.89	17.05	0.96	67108862	0.0151
4420.53	4338.02	15.39	936.49	3401.51	0.00	393.63	881.41	881.41	15.74	19.12	0.97	67108862	0.0155
836.94	772.89	11.22	475.72	297.16	0.00	224.38	459.06	459.06	54.00	13.30	1.21	67108862	0.0868
813.71	734.75	12.74	382.05	352.69	0.00	228.74	359.69	359.69	68.46	17.74	0.80	67108862	0.0913
1283.43	1189.13	39.52	1074.38	114.73	0.00	205.49	1058.65	1058.65	50.80	25.71	0.77	67108862	0.0564
1265.41	1174.77	7.17	846.00	328.75	0.00	325.62	816.28	816.28	20.40	16.15	8.04	67108862	0.0571
1072.52	988.59	5.38	853.21	135.37	0.00	284.35	838.72	838.72	42.27	19.51	0.82	67108862	0.0679
1008.86	917.22	27.73	792.59	124.63	0.00	211.62	769.67	769.67	49.39	14.65	0.97	67108862	0.0732
4781.39	4696.43	5.13	4581.56	114.85	0.00	852.12	4575.65	4575.65	28.28	25.41	4.85	67108862	0.0143
4838.30	4768.29	15.50	4656.37	111.91	0.00	248.13	4628.99	4628.99	66.67	17.40	0.86	67108862	0.0141
3498.56	3406.03	21.33	3265.81	140.20	0.00	543.52	3259.31	3259.31	35.93	18.60	0.79	67108862	0.0197
3483.70	3410.17	7.68	3295.77	114.39	0.00	527.40	3267.93	3267.93	19.67	22.11	0.79	67108862	0.0197
746.49	661.61	5.52	521.05	140.53	0.00	243.55	505.40	505.40	50.52	30.36	0.75	67108862	0.1014
782.96	707.50	11.78	377.28	330.20	0.00	223.42	351.33	351.33	44.95	15.83	0.79	67108862	0.0949
3439.69	3375.38	4.54	1035.58	2339.79	0.00	351.05	1014.88	1014.88	26.29	22.63	0.79	67108862	0.0199
3505.91	3386.61	34.39	3288.32	98.27	0.00	663.98	3257.61	3257.61	15.46	36.49	0.85	67108862	0.0198
1715.90	1611.47	41.93	1455.91	155.54	0.00	237.28	1425.25	1425.25	54.05	20.50	0.84	67108862	0.0416
1676.02	1579.86	7.82	1467.66	112.19	0.00	465.04	1455.50	1455.50	22.91	16.65	0.77	67108862	0.0425
3300.81	3142.67	95.53	2523.77	618.88	0.00	567.36	2392.61	2392.61	47.44	35.07	6.21	67108862	0.0214
2466.89	2391.67	5.42	483.27	1908.39	0.00	287.83	477.49	477.49	94.02	15.79	0.79	67108862	0.0281
2891.12	2812.73	7.33	2642.33	170.38	0.00	598.26	2616.40	2616.40	12.90	16.76	0.81	67108862	0.0239
2947.08	2840.72	37.42	2744.81	95.90	0.00	312.41	2708.98	2708.98	27.93	15.54	0.79	67108862	0.0236
712.25	635.45	5.32	499.08	136.35	0.00	260.55	486.10	486.10	65.39	17.37	0.83	67108862	0.1056
761.80	661.85	32.55	346.85	314.99	0.00	214.13	323.24	323.24	50.93	14.99	0.80	67108862	0.1014
858.11	795.85	10.15	599.24	196.60	0.00	228.27	585.26	585.26	60.38	14.76	0.82	67108862	0.0843
952.35	869.82	12.69	445.82	423.99	0.00	260.16	371.35	371.35	90.02	23.00	0.80	67108862	0.0772
1382.92	1300.77	8.94	445.24	855.53	0.00	267.85	437.67	437.67	49.93	22.03	0.77	67108862	0.0516
1430.20	1343.84	24.20	1246.83	96.99	0.00	334.19	1206.16	1206.16	16.26	18.67	0.79	67108862	0.0499
841.34	788.78	5.02	680.09	108.67	0.00	204.01	668.70	668.70	50.07	21.14	0.76	67108862	0.0851
934.86	834.28	29.68	448.54	385.72	0.00	272.62	422.45	422.45	68.29	20.68	5.30	67108862	0.0804
1209.07	1133.03	4.71	519.35	613.62	0.00	239.83	509.19	509.19	64.75	16.11	0.75	67108862	0.0592
1431.77	1216.47	148.97	975.87	240.59	0.00	331.90	929.71	929.71	25.06	26.90	0.79	67108862	0.0552
904.78	813.50	10.00	346.36	467.10	0.00	240.48	340.05	340.05	44.01	14.80	6.17	67108862	0.0825
761.49	691.73	13.62	463.37	228.34	0.00	242.94	428.49	428.49	17.68	16.68	0.77	67108862	0.0970
4212.90	4120.54	21.63	3948.21	172.32	0.00	570.84	3902.20	3902.20	154.66	14.84	1.30	67108862	0.0163
4195.28	4094.86	32.50	3954.87	139.96	0.00	712.67	3899.32	3899.32	19.77	22.71	1.13	67108862	0.0164
2561.60	2452.26	38.91	2326.93	125.32	0.00	500.71	2306.05	2306.05	13.37	33.58	0.74	67108862	0.0274
2531.70	2463.03	4.38	1085.52	1377.50	0.00	335.82	1061.67	1061.67	38.73	19.42	0.78	67108862	0.0272
712.47	622.86	26.18	509.83	113.01	0.00	283.02	460.01	460.01	62.79	18.39	0.75	67108862	0.1077
3190.98	3099.08	44.29	2963.97	135.10	0.00	448.40	2891.81	2891.81	13.92	16.19	0.78	67108862	0.0217
1219.69	1166.09	3.15	1110.14	55.93	0.00	247.20	1082.94	1082.94	12.09	13.86	0.74	67108862	0.0576
938.06	866.06	7.33	760.64	105.40	0.00	199.50	750.31	750.31	95.94	17.09	1.08	67108862	0.0775
2422.69	2327.93	20.33	2193.56	134.36	0.00	403.38	2125.17	2125.17	15.37	16.54	0.83	67108862	0.0288
753.34	674.32	4.79	586.67	87.64	0.00	288.40	564.77	564.77	37.74	17.17	0.99	67108862	0.0995
604.81	520.87	11.86	400.43	120.42	0.00	261.32	351.86	351.86	71.02	19.03	0.92	67108862	0.1288
781.62	699.10	4.00	607.03	92.05	0.00	317.42	595.63	595.63	42.11	18.98	0.84	67108862	0.0960
575.63	507.98	5.81	427.16	80.80	0.00	193.38	404.06	404.06	36.65	13.54	0.95	67108862	0.1321
573.86	489.15	17.45	409.56	79.58	0.00	237.91	398.24	398.24	41.28	17.20	0.90	67108862	0.1372
675.49	596.23	5.12	501.99	94.23	0.00	272.66	478.90	478.90	51.23	20.57	0.83	67108862	0.1126
1051.87	975.57	7.43	851.82	123.73	0.00	376.39	831.11	831.11	109.02	20.70	1.07	67108862	0.0688
1642.49	1569.74	4.13	1497.55	72.17	0.00	470.48	1435.81	1435.81	13.39	16.94	1.00	67108862	0.0428
SCALE: 21
nvtx: 2097152
edgefactor: 16
terasize: 5.36870911999999989e-04
A: 5.69999999999999951e-01
B: 1.90000000000000002e-01
C: 1.90000000000000002e-01
D: 5.00000000000000444e-02
generation_time: 0.00000000000000000e+00
construction_time: 2.79890411599999993e+01
nbfs: 100
min_time: 3.37699000000953653e-01
firstquartile_time: 8.26746999889612200e-01
median_time: 1.48693600004911408e+00
thirdquartile_time: 3.33451825010776526e+00
max_time: 5.62672200024127989e+00
mean_time: 2.03608738998770677e+00
stddev_time: 1.42825780361479415e+00
min_nedge: 3.35540490000000000e+07
firstquartile_nedge: 3.35540490000000000e+07
median_nedge: 3.35540490000000000e+07
thirdquartile_nedge: 3.35540490000000000e+07
max_nedge: 3.35540490000000000e+07
mean_nedge: 3.35540490000000000e+07
stddev_nedge: 0.00000000000000000e+00
min_TEPS: 5.96333868966001272e+06
firstquartile_TEPS: 1.06303866497080866e+07
median_TEPS: 2.45504568351680413e+07
thirdquartile_TEPS: 4.21103311781988293e+07
max_TEPS: 9.93608183616334200e+07
harmonic_mean_TEPS: 1.64796703545237221e+07
harmonic_stddev_TEPS: 1.16182606189150852e+06
SCALE: 21
nvtx: 2097152
edgefactor: 16
terasize: 5.36870911999999989e-04
A: 5.69999999999999951e-01
B: 1.90000000000000002e-01
C: 1.90000000000000002e-01
D: 5.00000000000000444e-02
generation_time: 0.00000000000000000e+00
construction_time: 3.63223120749999993e+01
nbfs: 100
min_time: 4.03713000059127802e-01
firstquartile_time: 8.68596250116825175e-01
median_time: 1.56316650003194813e+00
thirdquartile_time: 3.41368849998712509e+00
max_time: 5.49079699993133552e+00
mean_time: 2.06356395003557180e+00
stddev_time: 1.41629994502797585e+00
min_nedge: 3.35540490000000000e+07
firstquartile_nedge: 3.35540490000000000e+07
median_nedge: 3.35540490000000000e+07
thirdquartile_nedge: 3.35540490000000000e+07
max_nedge: 3.35540490000000000e+07
mean_nedge: 3.35540490000000000e+07
stddev_nedge: 0.00000000000000000e+00
min_TEPS: 6.11096148708823230e+06
firstquartile_TEPS: 1.02060967955330536e+07
median_TEPS: 2.33032860222358182e+07
thirdquartile_TEPS: 3.93313031015641689e+07
max_TEPS: 8.31136203072124869e+07
harmonic_mean_TEPS: 1.62602418982079886e+07
harmonic_stddev_TEPS: 1.12162249523066799e+06
