[BASH] Running the GPU only graph500 for scale 16
file:/dev/null	benchmark:GRAPH500	vertices:65536	edges:2097150	partitioning:RANDOM	platform:HYBRID	alpha:50	repeat:1	gpu_count:1	thread_count:1	thread_sched:GUIDED	thread_bind:false	gpu_graph_mem:DEVICE	gpu_par_randomized:false	sorted:false	edge_sort_key:id	edge_order:asc	separate_singletons:false	lambda:0Initializing the shares for Hybrid platform.
	time_init:264.07	time_par:8.36	rmt_vertex:62	rmt_edge:50	beta:2	pid0:50,52,31,25	pid1:50,48,31,25	
total	exec	init	comp	comm	finalize	cpu_comp	gpu_comp	gpu_total_comp	scatter	gather	aggr	trv_edges	exec_rate
70.17	65.50	0.68	47.20	18.30	0.00	7.25	47.20	47.20	3.04	1.12	0.17	2097150	0.0320
63.70	59.02	0.81	49.63	9.39	0.00	6.18	49.63	49.63	3.66	1.13	0.10	2097150	0.0355
52.00	47.32	0.81	37.37	9.94	0.00	7.56	37.37	37.37	4.67	1.02	0.12	2097150	0.0443
78.35	73.81	0.68	67.33	6.48	0.00	28.59	66.61	66.61	0.83	1.56	0.10	2097150	0.0284
34.32	29.25	1.21	20.83	8.41	0.00	6.87	20.79	20.79	4.00	1.10	0.10	2097150	0.0717
25.35	20.66	0.81	12.71	7.94	0.00	7.48	11.89	11.89	2.38	1.08	0.12	2097150	0.1015
38.26	33.72	0.67	24.29	9.42	0.00	6.02	24.29	24.29	3.50	1.11	0.11	2097150	0.0622
53.33	48.67	0.80	41.02	7.65	0.00	8.55	41.02	41.02	5.65	0.99	0.10	2097150	0.0431
23.40	18.84	0.67	13.26	5.58	0.00	10.79	11.73	11.73	0.47	1.17	0.10	2097150	0.1113
25.51	20.78	0.87	12.45	8.32	0.00	7.33	10.58	10.58	2.92	1.13	0.10	2097150	0.1009
64.29	59.48	0.92	51.55	7.92	0.00	9.92	51.55	51.55	6.43	0.97	0.10	2097150	0.0353
37.28	32.66	0.70	26.91	5.74	0.00	22.05	25.79	25.79	0.81	1.22	0.10	2097150	0.0642
26.13	21.25	1.01	13.40	7.85	0.00	6.65	11.77	11.77	3.31	1.10	0.10	2097150	0.0987
21.82	17.20	0.77	11.52	5.67	0.00	9.03	9.41	9.41	0.42	1.12	0.09	2097150	0.1220
43.95	38.81	1.21	29.11	9.68	0.00	5.90	29.11	29.11	3.70	1.10	0.11	2097150	0.0540
67.47	62.84	0.70	56.64	6.19	0.00	28.63	55.47	55.47	0.98	1.62	0.10	2097150	0.0334
32.03	27.29	0.82	17.90	9.39	0.00	6.09	17.73	17.73	3.54	1.12	0.10	2097150	0.0768
38.17	33.61	0.69	24.38	9.23	0.00	6.13	24.24	24.24	3.52	1.12	0.10	2097150	0.0624
60.57	55.71	1.00	47.33	8.36	0.00	8.54	47.33	47.33	5.66	0.98	0.10	2097150	0.0376
327.12	322.41	0.81	318.58	3.82	0.00	62.40	318.58	318.58	0.30	0.87	0.10	2097150	0.0065
38.23	33.56	0.82	26.21	7.34	0.00	9.28	26.21	26.21	6.10	0.99	0.10	2097150	0.0625
44.84	40.30	0.68	34.31	5.99	0.00	26.54	33.46	33.46	1.05	1.44	0.10	2097150	0.0520
21.90	17.23	0.81	11.14	6.08	0.00	7.68	9.29	9.29	0.51	1.11	0.10	2097150	0.1217
24.71	20.07	0.70	12.38	7.68	0.00	8.22	11.63	11.63	1.93	1.10	0.10	2097150	0.1045
26.16	21.45	0.81	13.25	8.20	0.00	7.01	12.41	12.41	3.04	1.12	0.10	2097150	0.0978
27.67	22.91	0.81	14.92	7.98	0.00	6.71	13.98	13.98	3.38	1.13	0.10	2097150	0.0915
32.14	27.53	0.69	18.64	8.89	0.00	6.34	18.00	18.00	3.57	1.15	0.10	2097150	0.0762
27.59	22.83	0.80	14.32	8.50	0.00	7.28	13.39	13.39	3.12	1.11	0.10	2097150	0.0919
33.20	28.62	0.67	19.75	8.86	0.00	6.92	19.75	19.75	4.02	1.08	0.10	2097150	0.0733
35.58	30.91	0.82	21.49	9.42	0.00	6.37	21.42	21.42	3.46	1.13	0.10	2097150	0.0678
37.14	32.47	0.81	24.44	8.03	0.00	7.80	24.44	24.44	4.53	1.03	0.10	2097150	0.0646
28.37	23.78	0.69	15.20	8.57	0.00	6.56	13.92	13.92	3.21	1.12	0.10	2097150	0.0882
30.24	25.58	0.80	17.93	7.64	0.00	6.22	17.20	17.20	3.41	1.13	0.10	2097150	0.0820
31.80	26.86	1.07	18.11	8.75	0.00	6.04	17.34	17.34	3.51	1.12	0.11	2097150	0.0781
89.58	85.03	0.67	78.79	6.24	0.00	38.95	76.87	76.87	1.40	1.65	0.09	2097150	0.0247
34.29	29.42	1.01	22.21	7.20	0.00	8.65	22.21	22.21	5.44	1.07	0.10	2097150	0.0713
24.81	20.18	0.70	11.93	8.25	0.00	7.34	9.77	9.77	2.88	1.16	0.10	2097150	0.1039
25.39	20.69	0.81	14.85	5.84	0.00	10.56	14.85	14.85	0.87	1.18	0.10	2097150	0.1014
25.98	21.41	0.67	13.26	8.14	0.00	7.74	12.54	12.54	2.58	1.09	0.10	2097150	0.0979
29.54	24.82	0.80	16.05	8.77	0.00	6.90	15.82	15.82	3.36	1.09	0.10	2097150	0.0845
49.67	45.00	0.81	37.08	7.92	0.00	8.79	37.08	37.08	5.87	0.99	0.10	2097150	0.0466
107.51	102.97	0.68	97.06	5.91	0.00	44.61	95.14	95.14	1.01	1.63	0.10	2097150	0.0204
23.06	18.41	0.79	13.05	5.35	0.00	11.08	9.69	9.69	0.47	1.14	0.10	2097150	0.1139
22.08	17.51	0.70	10.59	6.92	0.00	7.67	7.83	7.83	1.14	1.48	0.10	2097150	0.1198
30.98	26.31	0.81	18.63	7.67	0.00	6.42	18.07	18.07	3.76	1.09	0.10	2097150	0.0797
60.57	55.86	0.80	47.66	8.20	0.00	10.35	47.66	47.66	6.68	0.96	0.10	2097150	0.0375
29.79	24.93	0.90	19.92	5.01	0.00	16.97	19.49	19.49	0.45	1.19	0.10	2097150	0.0841
30.66	25.93	0.81	17.45	8.47	0.00	6.47	16.46	16.46	3.60	1.12	0.10	2097150	0.0809
23.84	19.11	0.81	11.63	7.47	0.00	7.16	10.31	10.31	2.65	1.12	0.10	2097150	0.1098
52.48	47.78	0.82	39.44	8.33	0.00	9.10	39.44	39.44	6.14	1.01	0.10	2097150	0.0439
26.71	22.10	0.70	14.47	7.62	0.00	8.56	14.47	14.47	1.50	1.39	0.11	2097150	0.0949
30.42	25.76	0.80	17.52	8.23	0.00	8.34	17.52	17.52	2.55	1.22	0.11	2097150	0.0814
33.70	29.02	0.81	20.32	8.70	0.00	6.39	20.17	20.17	3.41	1.18	0.10	2097150	0.0723
38.57	33.90	0.80	24.25	9.64	0.00	6.13	24.25	24.25	3.64	1.16	0.11	2097150	0.0619
32.09	27.33	0.77	20.70	6.62	0.00	11.04	20.70	20.70	0.50	1.14	0.14	2097150	0.0767
27.77	22.99	0.81	14.65	8.33	0.00	7.59	14.55	14.55	3.02	1.08	0.10	2097150	0.0912
26.05	21.15	0.98	13.65	7.49	0.00	8.06	13.55	13.55	1.73	1.08	0.11	2097150	0.0992
31.99	27.42	0.70	19.99	7.42	0.00	10.19	19.99	19.99	1.57	1.10	0.11	2097150	0.0765
24.89	20.17	0.86	12.53	7.64	0.00	7.14	10.92	10.92	3.15	1.11	0.10	2097150	0.1040
23.91	19.18	0.81	11.53	7.64	0.00	6.98	9.97	9.97	2.94	1.24	0.09	2097150	0.1093
30.36	25.70	0.70	16.36	9.34	0.00	5.97	15.63	15.63	3.53	1.18	0.14	2097150	0.0816
23.27	18.69	0.67	12.57	6.11	0.00	8.94	11.93	11.93	0.44	1.13	0.10	2097150	0.1122
83.21	78.54	0.81	71.06	7.47	0.00	25.48	70.05	70.05	0.95	1.23	0.10	2097150	0.0267
23.46	18.92	0.68	11.21	7.70	0.00	7.00	9.59	9.59	2.78	1.10	0.10	2097150	0.1108
43.01	38.40	0.69	30.35	8.04	0.00	8.43	30.35	30.35	5.48	1.01	0.11	2097150	0.0546
32.56	27.91	0.78	18.99	8.91	0.00	6.36	18.11	18.11	3.55	1.14	0.10	2097150	0.0752
25.03	20.42	0.69	14.13	6.28	0.00	9.01	14.07	14.07	0.46	1.19	0.10	2097150	0.1027
42.13	37.40	0.85	28.48	8.91	0.00	6.08	28.48	28.48	3.57	1.12	0.11	2097150	0.0561
28.34	23.64	0.80	15.46	8.16	0.00	7.46	15.46	15.46	2.47	1.08	0.11	2097150	0.0887
51.69	46.90	0.89	39.31	7.59	0.00	15.47	39.31	39.31	0.58	1.17	0.12	2097150	0.0447
37.77	33.08	0.77	23.72	9.35	0.00	6.14	23.72	23.72	3.50	1.11	0.11	2097150	0.0634
39.79	35.23	0.68	24.68	10.54	0.00	6.30	24.68	24.68	3.43	1.09	0.12	2097150	0.0595
40.33	35.61	0.85	27.73	7.88	0.00	6.59	27.42	27.42	3.84	1.09	0.11	2097150	0.0589
23.45	18.78	0.81	12.38	6.39	0.00	8.59	10.96	10.96	1.38	1.09	0.10	2097150	0.1117
29.51	24.84	0.80	15.75	9.09	0.00	7.45	15.75	15.75	3.02	1.10	0.11	2097150	0.0844
30.13	25.23	0.81	17.01	8.23	0.00	8.11	17.01	17.01	2.52	1.23	0.32	2097150	0.0831
36.26	31.58	0.81	25.45	6.12	0.00	15.34	25.45	25.45	0.57	1.18	0.11	2097150	0.0664
27.97	23.37	0.69	14.89	8.47	0.00	7.41	14.89	14.89	2.48	1.09	0.11	2097150	0.0898
28.09	23.38	0.80	16.68	6.69	0.00	9.15	16.58	16.58	0.41	1.11	0.11	2097150	0.0897
21.69	16.57	1.20	10.89	5.67	0.00	7.84	8.71	8.71	0.41	1.10	0.10	2097150	0.1265
38.44	33.88	0.70	26.50	7.37	0.00	8.74	26.50	26.50	5.73	1.02	0.10	2097150	0.0619
21.56	16.99	0.70	10.78	6.21	0.00	8.61	7.85	7.85	1.46	1.14	0.10	2097150	0.1234
63.62	59.06	0.70	52.78	6.28	0.00	32.51	52.13	52.13	1.11	1.89	0.10	2097150	0.0355
41.78	37.08	0.82	29.50	7.57	0.00	8.23	29.50	29.50	5.12	1.03	0.10	2097150	0.0566
23.61	18.99	0.70	11.25	7.73	0.00	7.17	8.93	8.93	3.18	1.11	0.09	2097150	0.1105
39.11	34.49	0.70	25.20	9.28	0.00	5.98	24.67	24.67	3.58	1.12	0.15	2097150	0.0608
23.92	19.26	0.81	12.02	7.22	0.00	7.93	11.02	11.02	1.56	1.10	0.10	2097150	0.1089
28.90	23.93	1.02	17.33	6.59	0.00	10.38	17.33	17.33	1.50	1.16	0.10	2097150	0.0876
28.88	24.26	0.68	17.74	6.51	0.00	11.44	17.73	17.73	0.56	1.12	0.10	2097150	0.0865
27.71	23.12	0.67	16.23	6.89	0.00	8.92	16.14	16.14	0.44	1.11	0.11	2097150	0.0907
61.87	57.14	0.84	49.30	7.84	0.00	9.17	49.30	49.30	6.01	0.96	0.10	2097150	0.0367
34.11	29.44	0.81	21.26	8.17	0.00	6.21	20.08	20.08	3.70	1.12	0.10	2097150	0.0712
38.67	34.11	0.71	26.29	7.81	0.00	7.69	26.29	26.29	4.52	1.07	0.10	2097150	0.0615
25.10	20.43	0.81	12.68	7.75	0.00	8.03	11.32	11.32	2.52	1.23	0.10	2097150	0.1026
31.74	27.15	0.73	18.36	8.79	0.00	6.06	17.57	17.57	3.57	1.11	0.10	2097150	0.0772
23.40	18.87	0.67	12.02	6.84	0.00	7.75	10.92	10.92	0.50	1.10	0.10	2097150	0.1112
30.56	25.89	0.80	19.36	6.52	0.00	11.66	19.36	19.36	1.52	1.12	0.10	2097150	0.0810
35.36	30.80	0.69	21.28	9.51	0.00	6.22	21.28	21.28	3.41	1.10	0.11	2097150	0.0681
48.96	44.31	0.79	35.90	8.40	0.00	6.11	34.80	34.80	3.73	1.13	0.10	2097150	0.0473
24.08	19.36	0.87	11.71	7.65	0.00	7.18	10.01	10.01	3.00	1.09	0.09	2097150	0.1083
SCALE: 16
nvtx: 65536
edgefactor: 16
terasize: 1.67772159999999997e-05
A: 5.69999999999999951e-01
B: 1.90000000000000002e-01
C: 1.90000000000000002e-01
D: 5.00000000000000444e-02
generation_time: 0.00000000000000000e+00
construction_time: 6.70361416999999959e-01
nbfs: 100
min_time: 1.76949996948242184e-02
firstquartile_time: 2.21649999022483814e-02
median_time: 2.80164999961853012e-02
thirdquartile_time: 3.75379997491836551e-02
max_time: 3.23213000059127786e-01
mean_time: 3.57928800177574336e-02
stddev_time: 3.31465647527772883e-02
min_nedge: 1.00000000000000000e+00
firstquartile_nedge: 1.04856600000000000e+06
median_nedge: 1.04856600000000000e+06
thirdquartile_nedge: 1.04856600000000000e+06
max_nedge: 1.04856600000000000e+06
mean_nedge: 1.03808034999999998e+06
stddev_nedge: 1.04856500000000000e+05
min_TEPS: 3.09393495873328872e+00
firstquartile_TEPS: 2.93497773335044757e+07
median_TEPS: 3.81385739669557959e+07
thirdquartile_TEPS: 4.81991541623908803e+07
max_TEPS: 5.92577574503550380e+07
harmonic_mean_TEPS: 3.09390523407879130e+02
harmonic_stddev_TEPS: 3.10946158120440032e+02
