[BASH] Running the hybrid graph500 for scale 14 with sorted edges
file:/dev/null	benchmark:GRAPH500	vertices:16384	edges:524286	partitioning:RANDOM	platform:HYBRID	alpha:50	repeat:1	gpu_count:1	thread_count:1	thread_sched:GUIDED	thread_bind:false	gpu_graph_mem:DEVICE	gpu_par_randomized:false	sorted:false	edge_sort_key:degree	edge_order:asc	separate_singletons:false	lambda:0Initializing the shares for Hybrid platform.
	time_init:164.97	time_par:4.36	rmt_vertex:67	rmt_edge:50	beta:2	pid0:50,52,34,25	pid1:50,48,33,25	
total	exec	init	comp	comm	finalize	cpu_comp	gpu_comp	gpu_total_comp	scatter	gather	aggr	trv_edges	exec_rate
54.66	52.70	0.76	47.46	5.22	0.00	2.80	47.29	47.29	1.37	0.61	0.09	524286	0.0099
16.28	14.45	0.66	10.00	4.45	0.00	3.72	10.00	10.00	1.99	0.55	0.10	524286	0.0363
20.61	18.75	0.70	14.78	3.96	0.00	5.97	14.78	14.78	0.15	0.65	0.09	524286	0.0280
17.23	15.35	0.70	10.58	4.76	0.00	2.85	10.58	10.58	1.14	0.62	0.10	524286	0.0342
21.85	20.08	0.68	15.65	4.42	0.00	2.96	15.65	15.65	1.27	0.49	0.08	524286	0.0261
22.62	20.99	0.54	16.26	4.72	0.00	2.74	16.25	16.25	1.57	0.51	0.09	524286	0.0250
23.07	21.42	0.55	16.66	4.75	0.00	2.44	16.66	16.66	1.31	0.52	0.10	524286	0.0245
13.52	11.79	0.64	7.71	4.07	0.00	2.39	7.71	7.71	0.97	0.56	0.08	524286	0.0445
33.61	31.99	0.55	28.26	3.72	0.00	7.35	28.26	28.26	0.16	0.60	0.08	524286	0.0164
23.18	21.55	0.55	17.45	4.09	0.00	5.51	17.45	17.45	0.15	0.57	0.07	524286	0.0243
15.51	13.88	0.56	9.78	4.09	0.00	3.66	9.78	9.78	0.83	0.55	0.08	524286	0.0378
62.41	60.81	0.53	56.54	4.26	0.00	12.77	56.13	56.13	0.46	0.61	0.07	524286	0.0086
10.48	8.86	0.56	5.17	3.68	0.00	2.23	4.79	4.79	1.05	0.54	0.07	524286	0.0592
11.97	10.26	0.63	6.60	3.65	0.00	2.22	6.21	6.21	1.13	0.53	0.07	524286	0.0511
20.19	18.38	0.55	15.17	3.20	0.00	7.25	14.93	14.93	0.12	0.59	0.26	524286	0.0285
51.05	49.45	0.52	46.13	3.32	0.00	12.53	46.03	46.03	0.25	0.62	0.07	524286	0.0106
13.48	11.77	0.64	8.46	3.30	0.00	3.28	8.46	8.46	1.93	0.38	0.07	524286	0.0446
26.44	24.75	0.62	21.51	3.23	0.00	9.05	21.14	21.14	0.19	0.62	0.07	524286	0.0212
11.81	10.09	0.65	6.04	4.04	0.00	2.87	6.04	6.04	1.66	0.50	0.07	524286	0.0520
25.49	23.87	0.56	20.95	2.90	0.00	10.02	20.56	20.56	0.16	0.61	0.07	524286	0.0220
9.68	7.97	0.64	4.25	3.71	0.00	2.61	3.66	3.66	0.84	0.54	0.07	524286	0.0657
25.91	24.28	0.56	20.92	3.35	0.00	9.38	20.68	20.68	0.23	0.97	0.07	524286	0.0216
9.41	7.69	0.66	4.66	3.03	0.00	2.91	4.59	4.59	0.10	0.55	0.07	524286	0.0682
14.12	12.32	0.64	8.18	4.13	0.00	2.58	7.50	7.50	1.13	0.60	0.09	524286	0.0426
22.64	20.89	0.61	17.08	3.80	0.00	7.94	16.92	16.92	0.15	0.67	0.08	524286	0.0251
14.48	12.69	0.62	8.11	4.58	0.00	2.62	7.74	7.74	1.26	0.60	0.09	524286	0.0413
14.03	12.25	0.61	7.83	4.41	0.00	3.76	7.83	7.83	1.02	0.63	0.09	524286	0.0428
12.59	10.84	0.60	6.96	3.87	0.00	3.62	6.96	6.96	0.87	0.64	0.09	524286	0.0484
15.32	13.17	0.98	9.39	3.77	0.00	4.49	9.39	9.39	0.11	0.65	0.09	524286	0.0398
13.07	11.34	0.58	7.72	3.61	0.00	4.15	7.72	7.72	0.11	0.61	0.08	524286	0.0462
14.44	12.60	0.69	8.22	4.37	0.00	3.67	8.22	8.22	0.87	0.61	0.08	524286	0.0416
33.45	31.67	0.62	27.73	3.93	0.00	8.05	27.73	27.73	0.16	0.94	0.09	524286	0.0166
19.38	17.61	0.60	13.06	4.54	0.00	4.97	13.06	13.06	0.64	0.62	0.09	524286	0.0298
20.19	18.24	0.73	13.39	4.84	0.00	2.53	13.14	13.14	1.37	0.62	0.10	524286	0.0288
33.08	31.32	0.61	27.54	3.77	0.00	8.31	27.50	27.50	0.15	0.68	0.08	524286	0.0167
38.33	36.64	0.60	32.76	3.87	0.00	9.77	32.68	32.68	0.22	0.91	0.08	524286	0.0143
13.57	11.86	0.64	7.95	3.90	0.00	2.34	7.81	7.81	1.09	0.54	0.08	524286	0.0442
24.06	22.35	0.63	18.26	4.08	0.00	3.43	18.26	18.26	2.17	0.36	0.08	524286	0.0235
40.94	39.32	0.55	35.60	3.71	0.00	9.32	35.60	35.60	0.19	0.60	0.07	524286	0.0133
15.21	13.51	0.62	9.82	3.68	0.00	4.12	9.82	9.82	0.54	0.61	0.07	524286	0.0388
57.44	55.84	0.53	52.18	3.64	0.00	13.10	51.68	51.68	0.27	0.61	0.07	524286	0.0094
25.78	24.15	0.56	21.11	3.02	0.00	9.61	20.66	20.66	0.24	0.60	0.07	524286	0.0217
11.68	10.06	0.55	6.26	3.79	0.00	1.94	5.82	5.82	1.20	0.55	0.07	524286	0.0521
14.19	12.46	0.66	8.90	3.55	0.00	4.94	8.90	8.90	0.33	0.79	0.07	524286	0.0421
12.42	10.72	0.63	7.36	3.36	0.00	3.86	7.36	7.36	0.15	0.55	0.07	524286	0.0489
12.47	10.84	0.55	7.06	3.77	0.00	3.40	7.06	7.06	0.88	0.58	0.08	524286	0.0484
10.96	9.25	0.64	5.51	3.73	0.00	2.26	5.27	5.27	1.06	0.53	0.08	524286	0.0567
13.46	11.75	0.64	7.35	4.39	0.00	2.21	7.35	7.35	1.09	0.53	0.07	524286	0.0446
16.63	15.00	0.54	11.13	3.86	0.00	4.17	11.13	11.13	0.67	0.55	0.07	524286	0.0349
16.99	15.28	0.63	11.26	4.01	0.00	2.30	11.26	11.26	1.30	0.53	0.08	524286	0.0343
58.64	57.05	0.51	53.29	3.76	0.00	11.70	52.87	52.87	0.28	0.63	0.07	524286	0.0092
20.84	19.24	0.53	16.23	3.00	0.00	7.26	16.01	16.01	0.14	0.59	0.07	524286	0.0272
12.97	11.28	0.61	7.51	3.76	0.00	2.11	7.16	7.16	1.20	0.54	0.07	524286	0.0465
11.20	9.59	0.54	5.40	4.18	0.00	3.08	5.40	5.40	0.77	0.55	0.07	524286	0.0547
19.85	18.01	0.53	14.19	3.81	0.00	3.40	14.19	14.19	2.29	0.37	0.07	524286	0.0291
11.95	10.44	0.48	7.09	3.35	0.00	3.44	7.08	7.08	0.12	0.48	0.06	524286	0.0502
11.36	9.83	0.50	6.67	3.16	0.00	1.60	6.67	6.67	1.00	0.44	0.06	524286	0.0533
16.29	14.57	0.41	10.78	3.78	0.00	1.64	10.78	10.78	1.12	0.44	0.07	524286	0.0360
15.60	13.60	0.65	7.57	6.02	0.00	2.77	7.57	7.57	1.28	0.61	0.09	524286	0.0385
14.27	12.30	0.61	6.96	5.33	0.00	2.79	6.96	6.96	1.17	0.61	0.11	524286	0.0426
18.83	16.66	0.79	10.49	6.16	0.00	2.09	10.49	10.49	1.44	0.68	0.12	524286	0.0315
19.35	17.33	0.56	11.60	5.73	0.00	3.94	11.60	11.60	0.18	0.64	0.08	524286	0.0302
17.97	16.26	0.66	11.27	4.98	0.00	3.28	11.27	11.27	1.01	0.53	0.08	524286	0.0322
19.78	18.00	0.57	13.73	4.26	0.00	5.03	13.73	13.73	0.67	0.52	0.10	524286	0.0291
57.44	55.70	0.48	52.42	3.27	0.00	10.29	52.42	52.42	0.22	0.65	0.06	524286	0.0094
12.32	10.61	0.68	4.88	5.73	0.00	2.62	4.67	4.67	0.87	0.52	0.07	524286	0.0494
414.64	413.07	0.52	31.17	381.89	0.00	8.93	30.81	30.81	0.18	0.57	0.07	524286	0.0013
31.23	29.02	0.64	8.95	20.07	0.00	2.26	8.43	8.43	1.01	0.54	0.20	524286	0.0181
13.89	12.07	0.76	6.90	5.15	0.00	3.09	6.90	6.90	0.86	0.55	0.08	524286	0.0434
17.87	15.85	0.95	9.72	6.12	0.00	2.60	9.46	9.46	1.41	0.64	0.11	524286	0.0331
15.19	13.12	0.98	7.94	5.18	0.00	3.90	7.94	7.94	0.82	0.60	0.11	524286	0.0399
13.20	11.15	0.99	6.39	4.75	0.00	2.63	5.73	5.73	1.04	0.75	0.11	524286	0.0470
33.38	31.46	0.83	27.34	4.11	0.00	9.97	27.34	27.34	0.25	0.58	0.10	524286	0.0167
14.54	12.28	0.79	7.16	5.10	0.00	2.01	7.08	7.08	1.33	0.51	0.10	524286	0.0427
22.38	20.69	0.60	7.68	13.00	0.00	3.95	7.67	7.67	0.82	0.55	0.13	524286	0.0253
331.45	329.03	0.80	292.21	36.79	0.00	12.49	292.21	292.21	0.44	0.62	0.22	524286	0.0016
15.99	14.30	0.62	9.38	4.92	0.00	2.34	9.38	9.38	1.27	0.58	0.07	524286	0.0367
13.91	12.12	0.74	7.60	4.52	0.00	2.58	7.28	7.28	1.43	0.54	0.07	524286	0.0432
31.18	29.58	0.55	26.12	3.45	0.00	11.89	25.42	25.42	0.32	0.61	0.07	524286	0.0177
12.23	10.27	0.92	6.27	3.99	0.00	3.88	6.09	6.09	0.84	0.56	0.07	524286	0.0511
9.99	8.31	0.64	4.50	3.81	0.00	3.00	3.74	3.74	0.73	0.55	0.07	524286	0.0631
10.32	8.64	0.64	5.10	3.53	0.00	2.71	4.38	4.38	1.04	0.56	0.07	524286	0.0606
25.80	24.11	0.56	20.71	3.39	0.00	9.67	20.51	20.51	0.23	0.63	0.07	524286	0.0218
10.66	9.15	0.46	5.36	3.78	0.00	2.16	5.36	5.36	1.22	0.47	0.06	524286	0.0573
1160.58	1159.04	0.48	36.09	1122.94	0.00	7.18	36.09	36.09	0.14	0.59	0.07	524286	0.0005
10.15	8.55	0.54	5.28	3.26	0.00	3.83	5.28	5.28	0.12	0.56	0.07	524286	0.0613
10.02	8.33	0.63	4.58	3.74	0.00	2.36	4.12	4.12	0.94	0.55	0.07	524286	0.0629
10.88	9.22	0.59	5.70	3.51	0.00	3.88	5.70	5.70	0.15	0.55	0.08	524286	0.0569
31.99	29.96	0.62	13.94	16.01	0.00	2.13	13.31	13.31	1.25	0.58	0.22	524286	0.0175
14.29	12.80	0.45	6.85	5.94	0.00	2.46	6.50	6.50	1.53	0.53	0.07	524286	0.0409
10.17	8.66	0.50	5.15	3.50	0.00	3.36	5.14	5.14	0.42	0.53	0.06	524286	0.0605
12.15	10.52	0.59	6.14	4.36	0.00	2.37	5.40	5.40	1.69	0.59	0.07	524286	0.0499
14.16	12.57	0.54	8.79	3.77	0.00	5.54	8.69	8.69	0.57	0.64	0.07	524286	0.0417
13.34	11.65	0.65	7.81	3.83	0.00	2.58	7.50	7.50	1.39	0.54	0.08	524286	0.0450
10.20	8.52	0.64	4.62	3.89	0.00	3.12	3.99	3.99	0.50	0.63	0.08	524286	0.0615
13.20	11.60	0.55	7.91	3.68	0.00	4.59	7.91	7.91	0.58	0.55	0.07	524286	0.0452
11.53	9.77	0.65	5.90	3.86	0.00	2.76	5.44	5.44	1.03	0.55	0.09	524286	0.0537
14.95	13.26	0.63	9.77	3.48	0.00	3.48	9.77	9.77	2.06	0.44	0.06	524286	0.0395
13.88	12.25	0.53	8.91	3.33	0.00	4.00	8.91	8.91	0.54	0.53	0.06	524286	0.0428
15.40	13.76	0.58	10.07	3.68	0.00	3.04	10.07	10.07	2.13	0.32	0.07	524286	0.0381
SCALE: 14
nvtx: 16384
edgefactor: 16
terasize: 4.19430399999999992e-06
A: 5.69999999999999951e-01
B: 1.90000000000000002e-01
C: 1.90000000000000002e-01
D: 5.00000000000000444e-02
generation_time: 0.00000000000000000e+00
construction_time: 2.82887749999999993e-01
nbfs: 100
min_time: 8.34399986267089777e-03
firstquartile_time: 1.18965000212192529e-02
median_time: 1.42970000505447392e-02
thirdquartile_time: 2.27642502188682566e-02
max_time: 1.15952300000190744e+00
mean_time: 3.72238800168037329e-02
stddev_time: 1.24449392740515530e-01
min_nedge: 2.62140000000000000e+05
firstquartile_nedge: 2.62140000000000000e+05
median_nedge: 2.62140000000000000e+05
thirdquartile_nedge: 2.62140000000000000e+05
max_nedge: 2.62140000000000000e+05
mean_nedge: 2.62140000000000000e+05
stddev_nedge: 0.00000000000000000e+00
min_TEPS: 2.26075722516559617e+05
firstquartile_TEPS: 1.19928274526437260e+07
median_TEPS: 1.85356235237541460e+07
thirdquartile_TEPS: 2.29892641949002817e+07
max_TEPS: 3.14165872860033214e+07
harmonic_mean_TEPS: 7.04225351794772130e+06
harmonic_stddev_TEPS: 2.36627491748819686e+06
