[BASH] Running the Hybrid graph500 for scale 21
file:/dev/null	benchmark:GRAPH500	vertices:2097152	edges:67108862	partitioning:HIGH	platform:HYBRID	alpha:50	repeat:1	gpu_count:1	thread_count:1	thread_sched:GUIDED	thread_bind:false	gpu_graph_mem:DEVICE	gpu_par_randomized:false	sorted:false	edge_sort_key:id	edge_order:asc	separate_singletons:false	lambda:0Initializing the shares for Hybrid platform.
	time_init:11092.84	time_par:527.53	rmt_vertex:51	rmt_edge:51	beta:2	pid0:99,50,1,26	pid1:1,50,50,26	
total	exec	init	comp	comm	finalize	cpu_comp	gpu_comp	gpu_total_comp	scatter	gather	aggr	trv_edges	exec_rate
905.67	661.75	0.91	533.76	127.98	0.00	58.28	507.74	507.74	3.23	0.80	1.35	67108862	0.1014
748.89	507.46	0.88	426.03	81.43	0.00	40.07	416.05	416.05	1.59	0.85	1.35	67108862	0.1322
1194.53	953.14	0.87	871.18	81.95	0.00	50.86	867.52	867.52	0.74	1.70	1.34	67108862	0.0704
667.79	426.32	0.87	345.57	80.75	0.00	47.19	327.11	327.11	3.47	0.81	1.35	67108862	0.1574
2952.80	2702.33	9.53	2609.99	92.33	0.00	452.73	2606.95	2606.95	1.06	1.44	1.35	67108862	0.0248
871.37	629.94	0.87	533.65	96.28	0.00	38.91	526.25	526.25	2.27	0.84	1.34	67108862	0.1065
2467.84	2226.29	0.86	2137.71	88.57	0.00	261.06	2128.72	2128.72	0.30	1.13	1.34	67108862	0.0301
1767.72	1526.23	0.87	1429.82	96.41	0.00	73.99	1420.03	1420.03	0.33	0.96	1.34	67108862	0.0440
3298.28	3056.56	0.90	2968.32	88.22	0.00	621.86	2959.56	2959.56	0.30	1.13	1.34	67108862	0.0220
2061.30	1819.18	0.88	1730.02	89.15	0.00	155.95	1720.89	1720.89	0.31	1.14	1.34	67108862	0.0369
1185.78	943.92	0.86	846.36	97.56	0.00	43.04	842.76	842.76	1.45	0.98	1.34	67108862	0.0711
3409.09	3167.52	0.93	3067.68	99.84	0.00	626.58	3059.00	3059.00	0.30	1.12	1.34	67108862	0.0212
852.56	610.94	0.90	509.51	101.42	0.00	38.01	504.02	504.02	1.98	0.88	1.35	67108862	0.1098
645.62	404.02	0.87	316.48	87.54	0.00	85.14	268.38	268.38	3.80	0.81	1.35	67108862	0.1661
2647.44	2405.87	0.86	2327.24	78.62	0.00	239.78	2324.98	2324.98	1.60	1.39	1.35	67108862	0.0279
2484.52	2242.95	0.87	2153.94	89.01	0.00	267.42	2144.92	2144.92	0.30	1.18	1.34	67108862	0.0299
1667.53	1425.82	0.87	1336.58	89.24	0.00	105.32	1334.25	1334.25	0.90	1.21	1.35	67108862	0.0471
667.05	425.39	0.95	344.62	80.77	0.00	48.01	326.12	326.12	3.13	1.09	1.34	67108862	0.1578
887.49	645.93	0.86	544.77	101.15	0.00	36.73	540.14	540.14	1.17	0.89	1.34	67108862	0.1039
4110.53	3861.83	8.06	3768.98	92.84	0.00	617.07	3760.49	3760.49	0.31	1.36	1.35	67108862	0.0174
796.00	554.39	0.94	412.27	142.12	0.00	58.55	384.83	384.83	4.61	0.86	1.35	67108862	0.1210
625.49	383.90	0.87	305.21	78.68	0.00	82.05	263.58	263.58	3.82	0.81	1.37	67108862	0.1748
691.48	449.94	0.87	361.33	88.60	0.00	78.89	311.36	311.36	3.92	0.80	1.35	67108862	0.1492
1934.99	1693.23	0.92	1605.17	88.06	0.00	139.75	1602.84	1602.84	1.56	1.18	1.34	67108862	0.0396
1198.06	948.97	8.39	852.91	96.05	0.00	44.23	849.33	849.33	1.41	1.45	1.35	67108862	0.0707
1639.80	1398.26	0.86	1316.75	81.50	0.00	83.05	1307.06	1307.06	0.33	1.35	1.34	67108862	0.0480
1351.80	1110.20	0.86	1012.93	97.26	0.00	51.24	1001.77	1001.77	0.33	0.98	1.34	67108862	0.0604
819.05	577.52	0.84	470.83	106.68	0.00	41.32	458.64	458.64	2.68	0.80	1.35	67108862	0.1162
1626.87	1385.15	0.87	1313.92	71.22	0.00	94.83	1311.57	1311.57	0.74	1.77	1.34	67108862	0.0484
1694.28	1452.64	0.87	1364.04	88.59	0.00	104.84	1361.65	1361.65	2.01	1.16	1.34	67108862	0.0462
836.07	594.47	0.87	511.56	82.90	0.00	30.03	509.69	509.69	2.61	0.90	1.35	67108862	0.1129
1461.78	1213.10	7.96	1128.59	84.50	0.00	67.50	1125.34	1125.34	0.44	1.43	1.35	67108862	0.0553
724.57	483.02	0.87	401.42	81.59	0.00	41.96	390.08	390.08	2.33	0.85	1.35	67108862	0.1389
1491.68	1250.16	0.87	1157.59	92.55	0.00	47.94	1154.13	1154.13	2.36	0.99	1.34	67108862	0.0537
744.43	502.88	0.86	420.95	81.92	0.00	40.39	411.06	411.06	2.39	0.84	1.35	67108862	0.1334
1209.67	968.01	0.87	869.27	98.73	0.00	43.21	857.52	857.52	0.31	0.98	1.35	67108862	0.0693
942.79	690.68	11.42	574.00	116.66	0.00	108.01	523.89	523.89	8.75	1.64	1.35	67108862	0.0972
1399.51	1158.00	0.88	1061.13	96.86	0.00	54.71	1050.09	1050.09	0.32	0.99	1.34	67108862	0.0580
1280.10	1038.46	0.91	951.18	87.27	0.00	50.39	947.56	947.56	2.72	0.98	1.34	67108862	0.0646
688.05	446.48	0.87	358.22	88.24	0.00	83.99	305.30	305.30	3.86	0.81	1.35	67108862	0.1503
701.64	460.12	0.86	377.59	82.53	0.00	46.43	365.03	365.03	2.78	0.91	1.35	67108862	0.1458
940.15	698.59	0.87	598.15	100.44	0.00	37.27	594.11	594.11	0.83	0.93	1.35	67108862	0.0961
933.24	685.81	0.87	591.66	94.14	0.00	30.16	588.85	588.85	2.23	0.89	1.35	67108862	0.0979
732.08	490.47	0.87	408.33	82.14	0.00	41.21	397.17	397.17	2.05	0.83	1.35	67108862	0.1368
2343.49	2101.78	0.93	2002.37	99.40	0.00	218.54	2000.13	2000.13	1.28	1.17	1.34	67108862	0.0319
3971.23	3729.74	0.87	3644.99	84.74	0.00	587.34	3636.27	3636.27	0.33	1.34	1.34	67108862	0.0180
1004.17	762.46	0.87	679.65	82.80	0.00	38.59	675.83	675.83	2.18	0.97	1.34	67108862	0.0880
1986.31	1744.72	0.87	1658.45	86.26	0.00	115.50	1649.17	1649.17	0.31	1.39	1.34	67108862	0.0385
1008.35	766.76	0.86	667.76	98.99	0.00	38.77	663.97	663.97	2.35	0.94	1.34	67108862	0.0875
716.20	474.50	0.96	392.15	82.34	0.00	44.14	382.33	382.33	3.07	0.81	1.34	67108862	0.1414
3244.30	3002.64	0.89	2909.21	93.42	0.00	279.62	2900.32	2900.32	0.30	1.29	1.34	67108862	0.0223
1236.08	994.45	0.86	897.12	97.31	0.00	46.54	893.51	893.51	1.65	0.97	1.35	67108862	0.0675
844.98	603.18	0.89	501.97	101.19	0.00	36.95	495.98	495.98	1.03	0.87	1.34	67108862	0.1113
691.02	449.41	0.85	360.84	88.56	0.00	84.49	309.70	309.70	4.08	0.82	1.35	67108862	0.1493
1090.42	848.79	0.87	749.68	99.11	0.00	40.19	736.67	736.67	0.33	1.03	1.34	67108862	0.0791
1093.35	842.26	10.44	695.64	146.60	0.00	79.24	662.97	662.97	7.90	1.67	1.35	67108862	0.0797
623.85	382.03	0.93	303.88	78.14	0.00	75.84	263.59	263.59	3.86	0.81	1.35	67108862	0.1757
734.97	493.35	0.89	396.18	97.16	0.00	62.08	367.65	367.65	3.47	0.80	1.35	67108862	0.1360
1394.64	1153.07	0.87	1080.67	72.39	0.00	73.71	1077.96	1077.96	1.43	1.19	1.34	67108862	0.0582
1326.52	1084.98	0.86	997.73	87.25	0.00	55.19	994.65	994.65	1.79	1.36	1.34	67108862	0.0619
1159.28	917.73	0.87	836.24	81.48	0.00	43.52	832.70	832.70	2.71	0.98	1.34	67108862	0.0731
755.62	513.97	0.95	425.26	88.69	0.00	42.97	419.45	419.45	2.79	0.83	1.35	67108862	0.1306
2392.15	2150.31	0.86	2051.00	99.31	0.00	246.60	2048.71	2048.71	1.31	1.20	1.38	67108862	0.0312
700.59	458.96	0.87	378.16	80.79	0.00	37.52	369.90	369.90	2.85	0.82	1.34	67108862	0.1462
707.20	465.66	0.85	383.21	82.44	0.00	45.85	372.74	372.74	3.13	0.81	1.34	67108862	0.1441
1504.99	1263.37	0.87	1172.96	90.39	0.00	81.68	1170.60	1170.60	0.67	1.23	1.35	67108862	0.0531
646.44	404.76	0.87	317.33	87.43	0.00	62.89	285.74	285.74	3.20	0.80	1.35	67108862	0.1658
3326.16	3084.50	0.86	2996.07	88.43	0.00	604.19	2987.35	2987.35	0.31	1.13	1.35	67108862	0.0218
699.78	457.92	0.87	367.70	90.21	0.00	108.11	305.22	305.22	4.34	0.81	1.35	67108862	0.1466
1737.89	1496.24	0.87	1406.36	89.87	0.00	115.96	1397.38	1397.38	0.31	1.18	1.34	67108862	0.0449
699.03	457.27	0.96	374.53	82.73	0.00	47.97	362.42	362.42	2.94	0.81	1.35	67108862	0.1468
733.27	491.54	0.89	390.92	100.61	0.00	36.13	384.19	384.19	2.98	0.84	1.34	67108862	0.1365
1487.44	1245.60	0.85	1155.70	89.89	0.00	80.56	1153.39	1153.39	1.10	1.18	1.34	67108862	0.0539
2310.97	2068.67	0.87	1969.87	98.79	0.00	212.62	1967.61	1967.61	1.37	1.16	1.34	67108862	0.0324
691.23	449.40	0.86	354.77	94.62	0.00	56.21	335.77	335.77	3.22	0.81	1.34	67108862	0.1493
1374.34	1132.30	1.24	1037.16	95.14	0.00	51.25	1033.98	1033.98	2.74	1.38	1.34	67108862	0.0593
807.45	565.62	0.87	468.90	96.71	0.00	42.57	456.72	456.72	2.22	0.83	1.35	67108862	0.1186
2434.34	2192.66	0.87	2092.92	99.74	0.00	241.37	2090.60	2090.60	1.10	1.41	1.34	67108862	0.0306
1293.24	1051.35	0.87	971.99	79.35	0.00	48.81	968.63	968.63	0.98	1.00	1.34	67108862	0.0638
709.27	467.58	0.87	378.59	88.99	0.00	56.16	363.08	363.08	3.07	0.81	1.35	67108862	0.1435
1668.81	1427.15	0.87	1338.29	88.85	0.00	101.52	1335.98	1335.98	0.73	1.17	1.34	67108862	0.0470
1300.00	1058.29	0.95	961.08	97.20	0.00	47.32	949.91	949.91	0.31	0.98	1.34	67108862	0.0634
755.28	506.30	8.22	406.68	99.62	0.00	43.19	392.94	392.94	2.74	0.81	1.34	67108862	0.1325
1119.39	877.58	0.87	787.95	89.62	0.00	38.99	784.16	784.16	1.90	0.96	1.34	67108862	0.0765
946.82	705.19	0.85	589.43	115.75	0.00	36.81	585.35	585.35	0.68	0.90	1.34	67108862	0.0952
3395.08	3153.07	1.17	3055.90	97.17	0.00	614.16	3047.35	3047.35	0.21	1.13	1.35	67108862	0.0213
1604.57	1362.89	0.91	1252.72	110.17	0.00	56.38	1249.61	1249.61	1.61	0.97	1.34	67108862	0.0492
804.89	563.24	0.86	466.88	96.35	0.00	34.91	460.35	460.35	2.56	0.84	1.34	67108862	0.1191
2501.24	2259.57	0.85	2170.63	88.94	0.00	272.82	2162.00	2162.00	0.31	1.14	1.34	67108862	0.0297
1419.31	1177.70	0.85	1097.36	80.33	0.00	60.95	1094.20	1094.20	2.99	0.99	1.34	67108862	0.0570
1041.21	799.60	0.86	700.93	98.67	0.00	38.87	697.10	697.10	0.72	0.96	1.35	67108862	0.0839
1923.73	1682.06	0.85	1606.23	75.83	0.00	139.12	1603.89	1603.89	1.17	1.20	1.34	67108862	0.0399
833.80	592.12	0.86	492.63	99.48	0.00	40.51	483.35	483.35	2.74	0.88	1.34	67108862	0.1133
871.00	629.35	0.86	503.34	126.00	0.00	51.02	486.80	486.80	2.91	0.81	1.35	67108862	0.1066
775.74	534.10	0.85	449.63	84.47	0.00	31.03	447.31	447.31	2.53	0.86	1.35	67108862	0.1256
756.55	514.85	0.85	424.76	90.08	0.00	45.14	415.40	415.40	3.04	0.84	1.35	67108862	0.1303
822.87	581.23	0.86	483.58	97.64	0.00	33.64	479.27	479.27	2.57	0.82	1.34	67108862	0.1155
805.47	563.85	0.86	466.02	97.83	0.00	35.20	460.01	460.01	2.92	0.87	1.35	67108862	0.1190
1094.79	853.16	0.86	756.08	97.07	0.00	36.86	741.91	741.91	0.31	0.97	1.34	67108862	0.0787
1636.59	1394.97	0.85	1294.77	100.19	0.00	98.06	1292.41	1292.41	0.43	1.17	1.34	67108862	0.0481
SCALE: 21
nvtx: 2097152
edgefactor: 16
terasize: 5.36870911999999989e-04
A: 5.69999999999999951e-01
B: 1.90000000000000002e-01
C: 1.90000000000000002e-01
D: 5.00000000000000444e-02
generation_time: 0.00000000000000000e+00
construction_time: 4.40573215730000030e+01
nbfs: 100
min_time: 3.82962999939918503e-01
firstquartile_time: 5.20512749910354566e-01
median_time: 8.66234999954700546e-01
thirdquartile_time: 1.42768974986672403e+00
max_time: 3.86988200008869176e+00
mean_time: 1.13429738999128316e+00
stddev_time: 8.12752717873893582e-01
min_nedge: 3.35540490000000000e+07
firstquartile_nedge: 3.35540490000000000e+07
median_nedge: 3.35540490000000000e+07
thirdquartile_nedge: 3.35540490000000000e+07
max_nedge: 3.35540490000000000e+07
mean_nedge: 3.35540490000000000e+07
stddev_nedge: 0.00000000000000000e+00
min_TEPS: 8.67056127272898518e+06
firstquartile_TEPS: 2.39964698881749883e+07
median_TEPS: 3.94209135548112392e+07
thirdquartile_TEPS: 6.52010717877482027e+07
max_TEPS: 8.76169473428612053e+07
harmonic_mean_TEPS: 2.95813507957184352e+07
harmonic_stddev_TEPS: 2.13025651418989478e+06
