[BASH] Running the hybrid graph500 for scale 15 with sorted edges
file:/dev/null	benchmark:GRAPH500	vertices:32768	edges:1048574	partitioning:RANDOM	platform:HYBRID	alpha:50	repeat:1	gpu_count:1	thread_count:1	thread_sched:GUIDED	thread_bind:false	gpu_graph_mem:DEVICE	gpu_par_randomized:false	sorted:false	edge_sort_key:degree	edge_order:asc	separate_singletons:false	lambda:0Initializing the shares for Hybrid platform.
	time_init:2080.45	time_par:4.18	rmt_vertex:64	rmt_edge:50	beta:2	pid0:50,48,32,25	pid1:50,52,33,25	
total	exec	init	comp	comm	finalize	cpu_comp	gpu_comp	gpu_total_comp	scatter	gather	aggr	trv_edges	exec_rate
36.83	34.04	0.72	7.28	26.76	0.00	4.67	6.15	6.15	1.78	0.82	0.08	1048574	0.0308
48.35	45.37	0.71	36.47	8.89	0.00	11.73	35.99	35.99	0.51	0.78	0.07	1048574	0.0231
16.39	13.80	0.57	8.53	5.27	0.00	5.60	8.53	8.53	1.60	0.79	0.06	1048574	0.0760
24.38	21.57	0.75	16.19	5.36	0.00	9.31	16.19	16.19	1.03	0.82	0.08	1048574	0.0486
20.24	17.54	0.68	13.15	4.39	0.00	8.46	13.03	13.03	0.19	0.84	0.08	1048574	0.0598
47.30	44.26	0.91	39.73	4.53	0.00	14.69	39.45	39.45	0.29	0.90	0.10	1048574	0.0237
36.74	34.08	0.57	27.01	7.06	0.00	9.97	27.01	27.01	0.21	0.77	0.08	1048574	0.0308
506.68	504.17	0.46	66.22	437.94	0.00	17.77	65.96	65.96	0.33	1.31	0.09	1048574	0.0021
43.78	41.04	0.69	20.57	20.47	0.00	9.70	20.43	20.43	0.22	0.84	0.07	1048574	0.0255
26.80	23.30	0.66	19.08	4.22	0.00	10.98	18.75	18.75	0.55	0.68	0.36	1048574	0.0450
52.57	49.98	0.57	45.37	4.61	0.00	20.02	44.21	44.21	0.40	1.18	0.08	1048574	0.0210
30.77	28.08	0.56	24.48	3.59	0.00	14.83	24.00	24.00	0.22	0.86	0.08	1048574	0.0373
32.55	30.02	0.54	24.27	5.74	0.00	13.68	24.27	24.27	0.24	0.77	0.08	1048574	0.0349
940.83	938.16	0.62	901.53	36.63	0.00	4.24	900.61	900.61	1.80	0.84	0.08	1048574	0.0011
64.87	62.17	0.56	55.41	6.75	0.00	19.67	55.41	55.41	0.31	0.90	0.07	1048574	0.0169
35.68	32.60	0.55	29.20	3.39	0.00	14.61	28.61	28.61	0.23	0.76	0.07	1048574	0.0322
17.90	15.19	0.71	9.75	5.43	0.00	7.06	9.52	9.52	1.74	0.84	0.08	1048574	0.0690
16.61	13.96	0.64	8.59	5.36	0.00	5.46	7.03	7.03	1.91	0.82	0.08	1048574	0.0751
16.99	14.29	0.69	9.36	4.92	0.00	6.02	8.26	8.26	1.77	0.85	0.08	1048574	0.0734
16.17	13.45	0.69	7.85	5.59	0.00	5.78	6.90	6.90	1.52	0.86	0.08	1048574	0.0779
19.05	16.23	0.67	12.07	4.16	0.00	6.59	12.07	12.07	0.23	1.01	0.07	1048574	0.0646
112.44	109.60	0.52	84.81	24.77	0.00	23.22	84.81	84.81	0.52	1.19	0.13	1048574	0.0096
125.85	123.26	0.55	72.42	50.84	0.00	27.42	71.09	71.09	0.59	0.90	0.08	1048574	0.0085
100.37	97.78	0.59	79.02	18.75	0.00	24.34	79.02	79.02	0.82	0.92	0.06	1048574	0.0107
16.23	13.22	0.70	7.95	5.26	0.00	4.97	6.61	6.61	1.68	0.88	0.09	1048574	0.0793
18.67	16.06	0.60	10.98	5.07	0.00	8.31	10.98	10.98	0.87	0.82	0.08	1048574	0.0653
17.25	14.50	0.70	8.70	5.79	0.00	4.83	7.19	7.19	2.10	0.85	0.08	1048574	0.0723
23.07	20.37	0.69	15.84	4.52	0.00	9.54	15.84	15.84	0.21	0.83	0.08	1048574	0.0515
15.96	13.33	0.57	8.42	4.90	0.00	4.80	8.42	8.42	1.78	0.79	0.08	1048574	0.0787
16.87	14.08	0.58	8.60	5.47	0.00	4.31	8.00	8.00	1.79	0.81	0.08	1048574	0.0745
57.47	54.85	0.58	43.17	11.67	0.00	4.67	42.21	42.21	1.82	0.85	0.12	1048574	0.0191
138.83	135.89	0.86	123.75	12.13	0.00	19.68	122.41	122.41	0.36	0.94	0.12	1048574	0.0077
19.18	14.51	1.09	7.96	6.55	0.00	5.49	6.82	6.82	1.15	0.86	0.12	1048574	0.0723
57.82	55.11	0.71	44.24	10.87	0.00	5.01	43.60	43.60	1.94	0.76	0.08	1048574	0.0190
45.24	42.70	0.53	38.91	3.78	0.00	18.87	37.51	37.51	0.32	0.94	0.08	1048574	0.0246
13.86	11.16	0.70	7.38	3.78	0.00	5.89	4.27	4.27	0.16	0.86	0.08	1048574	0.0939
42.53	39.54	0.99	35.25	4.28	0.00	19.49	34.02	34.02	0.46	0.92	0.08	1048574	0.0265
15.70	13.08	0.57	6.61	6.46	0.00	4.87	6.28	6.28	2.46	0.71	0.08	1048574	0.0802
17.16	14.36	0.62	10.14	4.21	0.00	7.83	10.14	10.14	0.25	0.82	0.08	1048574	0.0730
16.45	13.86	0.47	8.63	5.22	0.00	6.63	8.48	8.48	0.46	0.79	0.08	1048574	0.0757
302.65	300.05	0.57	261.30	38.73	0.00	4.82	260.63	260.63	1.94	0.83	0.08	1048574	0.0035
33.18	30.49	0.70	6.77	23.71	0.00	4.22	5.74	5.74	2.02	0.78	0.08	1048574	0.0344
16.00	13.11	0.89	7.25	5.84	0.00	4.44	6.98	6.98	2.03	0.77	0.08	1048574	0.0800
45.60	42.99	0.61	38.95	4.03	0.00	19.48	37.65	37.65	0.33	0.95	0.08	1048574	0.0244
46.83	43.86	0.60	40.43	3.43	0.00	19.48	39.30	39.30	0.27	0.87	0.07	1048574	0.0239
34.14	31.21	0.93	7.18	24.02	0.00	5.46	5.56	5.56	1.85	0.85	0.08	1048574	0.0336
15.72	13.14	0.58	7.99	5.14	0.00	6.16	7.06	7.06	0.81	1.03	0.08	1048574	0.0798
114.96	112.37	0.56	41.91	70.45	0.00	19.25	40.78	40.78	0.32	0.87	0.08	1048574	0.0093
14.83	12.07	0.72	6.64	5.43	0.00	4.98	5.67	5.67	1.57	0.83	0.07	1048574	0.0869
16.59	13.87	0.67	8.96	4.90	0.00	4.67	8.06	8.06	1.86	0.81	0.08	1048574	0.0756
61.83	58.87	0.64	29.18	29.68	0.00	9.01	29.18	29.18	1.12	0.77	0.36	1048574	0.0178
19.79	17.23	0.55	11.65	5.56	0.00	6.06	11.65	11.65	3.73	0.80	0.08	1048574	0.0609
15.74	13.03	0.69	8.04	4.99	0.00	5.71	6.75	6.75	1.79	0.86	0.08	1048574	0.0804
16.69	13.99	0.70	9.02	4.96	0.00	5.64	7.86	7.86	1.87	0.85	0.08	1048574	0.0750
38.22	35.58	0.59	31.48	4.09	0.00	14.79	31.21	31.21	0.27	1.13	0.07	1048574	0.0295
98.56	96.04	0.53	90.93	5.10	0.00	26.54	90.31	90.31	0.53	0.84	0.08	1048574	0.0109
40.77	38.02	0.64	8.33	29.69	0.00	4.10	7.59	7.59	2.14	0.77	0.07	1048574	0.0276
19.17	16.61	0.56	10.81	5.79	0.00	6.15	10.81	10.81	3.38	0.72	0.08	1048574	0.0631
84.59	81.99	0.55	34.47	47.52	0.00	18.37	33.39	33.39	0.26	0.91	0.08	1048574	0.0128
14.21	11.51	0.66	6.62	4.88	0.00	5.07	5.01	5.01	1.11	0.83	0.08	1048574	0.0911
15.42	12.58	0.79	7.43	5.14	0.00	4.90	6.39	6.39	1.69	0.81	0.08	1048574	0.0833
14.42	11.63	0.59	7.77	3.86	0.00	6.38	7.45	7.45	0.15	0.81	0.08	1048574	0.0902
46.58	43.73	0.67	8.62	35.10	0.00	4.78	7.34	7.34	0.17	0.95	0.07	1048574	0.0240
32.84	30.36	0.47	26.27	4.08	0.00	14.89	25.21	25.21	0.28	0.86	0.08	1048574	0.0345
38.57	35.97	0.59	31.54	4.42	0.00	16.90	30.60	30.60	0.26	0.89	0.08	1048574	0.0291
16.34	13.44	0.88	8.54	4.89	0.00	5.39	7.05	7.05	1.93	0.84	0.08	1048574	0.0780
14.68	11.96	0.63	6.55	5.40	0.00	5.07	4.86	4.86	1.44	0.75	0.07	1048574	0.0877
12.95	10.38	0.49	6.49	3.88	0.00	5.16	5.60	5.60	0.21	0.75	0.07	1048574	0.1010
16.64	14.03	0.64	8.66	5.35	0.00	4.46	8.25	8.25	1.83	0.74	0.07	1048574	0.0748
191.49	188.93	0.53	184.45	4.47	0.00	21.39	184.45	184.45	0.38	1.22	0.08	1048574	0.0056
57.71	55.03	0.66	9.38	45.64	0.00	5.71	8.63	8.63	2.00	0.80	0.07	1048574	0.0191
32.42	29.30	0.55	25.96	3.34	0.00	13.85	25.42	25.42	0.21	0.81	0.07	1048574	0.0358
20.21	17.53	0.67	13.13	4.39	0.00	9.97	12.86	12.86	0.20	0.83	0.08	1048574	0.0598
17.83	15.27	0.56	10.98	4.28	0.00	8.58	10.86	10.86	0.19	0.84	0.08	1048574	0.0687
30.27	27.68	0.57	23.15	4.51	0.00	14.24	22.32	22.32	0.54	0.86	0.10	1048574	0.0379
14.56	11.82	0.69	7.03	4.78	0.00	4.29	6.30	6.30	1.76	0.75	0.07	1048574	0.0887
18.02	15.41	0.60	11.44	3.96	0.00	7.57	11.44	11.44	0.46	0.77	0.08	1048574	0.0680
14.98	12.43	0.56	6.83	5.60	0.00	5.04	5.22	5.22	1.43	0.74	0.07	1048574	0.0843
181.81	179.15	0.66	14.37	164.78	0.00	6.57	13.66	13.66	2.64	0.76	0.08	1048574	0.0059
13.40	10.74	0.66	7.02	3.72	0.00	5.32	4.53	4.53	0.16	0.82	0.08	1048574	0.0976
14.77	12.09	0.62	7.29	4.78	0.00	5.68	6.16	6.16	1.02	0.80	0.07	1048574	0.0867
85.06	82.31	0.65	48.17	34.13	0.00	4.70	48.17	48.17	1.91	0.87	0.09	1048574	0.0127
31.85	28.70	0.55	25.05	3.65	0.00	13.56	24.84	24.84	0.23	0.76	0.08	1048574	0.0365
50.37	47.73	0.63	43.21	4.50	0.00	20.82	41.79	41.79	0.39	0.91	0.08	1048574	0.0220
18.73	16.11	0.60	8.96	7.14	0.00	7.03	7.84	7.84	3.10	0.78	0.08	1048574	0.0651
15.45	12.81	0.57	7.67	5.13	0.00	5.31	6.56	6.56	1.86	0.78	0.08	1048574	0.0819
61.14	58.42	0.53	50.69	7.73	0.00	19.43	50.69	50.69	0.78	1.62	0.08	1048574	0.0179
499.90	497.30	0.56	476.76	20.53	0.00	7.69	476.76	476.76	1.49	0.80	0.07	1048574	0.0021
36.48	33.58	0.57	14.48	19.09	0.00	5.51	13.92	13.92	2.47	1.10	0.09	1048574	0.0312
15.08	12.46	0.64	7.52	4.92	0.00	4.84	7.23	7.23	1.78	0.85	0.08	1048574	0.0842
17.07	14.44	0.62	8.81	5.62	0.00	4.94	7.88	7.88	2.39	0.85	0.08	1048574	0.0726
15.71	13.15	0.56	7.96	5.18	0.00	5.51	6.87	6.87	1.74	0.84	0.08	1048574	0.0798
25.29	22.66	0.56	18.06	4.59	0.00	11.42	17.78	17.78	0.22	0.87	0.08	1048574	0.0463
22.54	19.81	0.69	15.71	4.08	0.00	11.46	15.28	15.28	0.21	0.87	0.07	1048574	0.0529
14.58	11.94	0.57	7.58	4.35	0.00	4.02	6.87	6.87	1.73	0.75	0.07	1048574	0.0878
17.09	14.40	0.53	10.25	4.14	0.00	7.70	10.23	10.23	0.20	1.25	0.11	1048574	0.0728
25.78	23.28	0.49	13.63	9.65	0.00	7.85	13.63	13.63	1.10	0.80	0.08	1048574	0.0450
475.82	473.23	0.55	430.94	42.29	0.00	6.60	430.94	430.94	1.54	0.82	0.08	1048574	0.0022
36.39	33.67	0.55	7.82	25.84	0.00	6.07	6.63	6.63	2.61	0.72	0.08	1048574	0.0311
14.22	11.56	0.67	6.71	4.84	0.00	3.59	6.05	6.05	1.73	0.77	0.08	1048574	0.0907
SCALE: 15
nvtx: 32768
edgefactor: 16
terasize: 8.38860799999999983e-06
A: 5.69999999999999951e-01
B: 1.90000000000000002e-01
C: 1.90000000000000002e-01
D: 5.00000000000000444e-02
generation_time: 0.00000000000000000e+00
construction_time: 2.28812933300000010e+00
nbfs: 100
min_time: 1.08739999532699583e-02
firstquartile_time: 1.44192501306533820e-02
median_time: 2.34995000958442696e-02
thirdquartile_time: 4.58469999730587024e-02
max_time: 9.38776999950408975e-01
mean_time: 6.05686599957942773e-02
stddev_time: 1.25614518894291260e-01
min_nedge: 5.24282000000000000e+05
firstquartile_nedge: 5.24282000000000000e+05
median_nedge: 5.24282000000000000e+05
thirdquartile_nedge: 5.24282000000000000e+05
max_nedge: 5.24282000000000000e+05
mean_nedge: 5.24282000000000000e+05
stddev_nedge: 0.00000000000000000e+00
min_TEPS: 5.58473418104294455e+05
firstquartile_TEPS: 1.17954065683005601e+07
median_TEPS: 2.41970704882553071e+07
thirdquartile_TEPS: 3.65990922976671159e+07
max_TEPS: 4.82142727839851901e+07
harmonic_mean_TEPS: 8.65599470149091445e+06
harmonic_stddev_TEPS: 1.80422733529217076e+06
