[BASH] Running the GPU only graph500 for scale 20
file:/dev/null	benchmark:GRAPH500	vertices:1048576	edges:33554430	partitioning:RANDOM	platform:HYBRID	alpha:50	repeat:1	gpu_count:1	thread_count:1	thread_sched:GUIDED	thread_bind:false	gpu_graph_mem:DEVICE	gpu_par_randomized:false	sorted:false	edge_sort_key:id	edge_order:asc	separate_singletons:false	lambda:0Initializing the shares for Hybrid platform.
	time_init:4865.79	time_par:162.99	rmt_vertex:52	rmt_edge:50	beta:2	pid0:50,50,26,25	pid1:50,50,26,25	
total	exec	init	comp	comm	finalize	cpu_comp	gpu_comp	gpu_total_comp	scatter	gather	aggr	trv_edges	exec_rate
387.77	323.38	2.32	258.89	64.48	0.00	144.65	249.92	249.92	15.99	12.87	0.45	33554430	0.1038
317.41	253.94	2.11	192.57	61.36	0.00	131.82	179.96	179.96	25.42	12.77	0.45	33554430	0.1321
559.16	496.00	2.08	448.38	47.61	0.00	235.76	414.58	414.58	8.70	13.89	0.45	33554430	0.0677
334.87	271.63	2.10	191.59	80.04	0.00	126.64	167.19	167.19	49.40	12.46	0.45	33554430	0.1235
821.33	757.51	2.28	711.73	45.77	0.00	351.09	669.95	669.95	13.59	13.47	0.62	33554430	0.0443
472.21	408.33	2.15	369.62	38.71	0.00	224.85	333.06	333.06	8.45	13.62	0.62	33554430	0.0822
287.27	223.75	2.18	190.30	33.44	0.00	160.13	172.48	172.48	6.87	13.24	0.61	33554430	0.1500
253.76	190.19	2.23	157.91	32.27	0.00	150.21	129.83	129.83	7.29	12.87	0.62	33554430	0.1764
423.31	359.56	2.24	319.57	39.99	0.00	217.70	289.29	289.29	9.05	14.07	0.62	33554430	0.0933
302.91	239.29	2.17	172.50	66.77	0.00	110.71	137.70	137.70	41.51	12.73	0.70	33554430	0.1402
300.26	236.90	2.07	172.48	64.41	0.00	110.57	130.45	130.45	41.07	12.33	0.63	33554430	0.1416
246.96	183.51	2.11	150.58	32.92	0.00	138.83	125.81	125.81	6.75	12.35	0.61	33554430	0.1828
282.71	219.06	2.23	154.05	64.99	0.00	112.87	138.70	138.70	39.05	12.51	0.62	33554430	0.1532
312.57	249.15	2.12	179.16	69.98	0.00	114.57	146.32	146.32	42.49	13.21	0.63	33554430	0.1347
273.99	210.58	2.08	150.80	59.77	0.00	121.60	122.04	122.04	35.74	12.72	0.61	33554430	0.1593
460.91	397.40	2.10	325.61	71.77	0.00	161.56	309.77	309.77	63.94	11.89	0.62	33554430	0.0844
306.55	242.72	2.23	194.92	47.80	0.00	154.23	184.35	184.35	15.93	13.01	0.63	33554430	0.1382
301.61	238.15	2.09	189.89	48.25	0.00	148.52	177.41	177.41	20.97	13.10	0.62	33554430	0.1409
284.59	217.68	5.53	168.03	49.65	0.00	134.84	157.49	157.49	22.63	12.73	0.62	33554430	0.1541
384.01	320.55	2.07	279.60	40.94	0.00	205.44	250.78	250.78	10.38	14.30	0.70	33554430	0.1047
295.05	231.13	2.18	160.48	70.65	0.00	111.34	156.44	156.44	39.36	13.09	0.62	33554430	0.1452
316.19	252.32	2.30	206.27	46.04	0.00	152.31	195.22	195.22	14.41	12.87	0.61	33554430	0.1330
271.44	207.66	2.17	162.77	44.88	0.00	122.97	146.41	146.41	10.93	12.54	0.61	33554430	0.1616
335.73	272.07	2.06	214.16	57.90	0.00	140.12	201.90	201.90	24.88	12.74	0.61	33554430	0.1233
333.71	270.18	2.11	201.48	68.70	0.00	124.63	188.49	188.49	36.53	12.77	0.63	33554430	0.1242
292.18	228.62	2.16	166.07	62.54	0.00	115.92	131.61	131.61	37.80	12.41	0.64	33554430	0.1468
315.82	252.21	2.07	201.63	50.57	0.00	153.89	193.50	193.50	19.83	13.09	0.62	33554430	0.1330
278.66	215.11	2.07	155.37	59.73	0.00	114.73	122.79	122.79	33.66	12.52	0.65	33554430	0.1560
312.76	249.24	2.21	208.39	40.85	0.00	177.70	188.72	188.72	13.98	13.43	0.62	33554430	0.1346
328.75	265.12	2.23	196.81	68.31	0.00	143.12	179.07	179.07	54.70	12.14	0.63	33554430	0.1266
249.03	184.85	2.81	144.14	40.71	0.00	122.86	120.25	120.25	8.37	12.56	0.61	33554430	0.1815
288.83	224.98	2.46	168.44	56.54	0.00	124.02	155.47	155.47	26.35	12.45	0.61	33554430	0.1491
301.64	238.16	2.10	171.35	66.80	0.00	116.17	131.91	131.91	42.59	12.80	0.63	33554430	0.1409
275.79	212.13	2.10	149.57	62.55	0.00	117.01	135.31	135.31	36.42	12.29	0.63	33554430	0.1582
334.62	270.97	2.28	232.44	38.53	0.00	175.30	209.18	209.18	7.66	13.21	0.64	33554430	0.1238
320.11	256.23	2.25	206.74	49.49	0.00	148.42	188.00	188.00	18.56	13.06	0.63	33554430	0.1310
280.56	216.91	2.22	151.77	65.13	0.00	112.88	111.94	111.94	40.78	12.82	0.70	33554430	0.1547
281.87	218.19	2.08	164.63	53.55	0.00	131.14	151.92	151.92	26.55	12.56	0.62	33554430	0.1538
310.01	246.45	2.18	185.17	61.28	0.00	111.47	157.72	157.72	40.26	12.80	0.62	33554430	0.1361
441.21	377.56	2.23	299.22	78.33	0.00	168.24	290.30	290.30	66.66	12.21	0.64	33554430	0.0889
271.92	208.47	2.12	142.43	66.04	0.00	113.90	132.31	132.31	35.54	13.00	0.62	33554430	0.1610
304.10	240.22	2.25	198.53	41.69	0.00	164.90	180.79	180.79	15.14	13.29	0.61	33554430	0.1397
268.85	205.26	2.19	150.96	54.29	0.00	127.09	137.59	137.59	27.17	12.15	0.62	33554430	0.1635
314.99	251.07	2.22	197.13	53.93	0.00	143.61	187.19	187.19	23.38	12.80	0.62	33554430	0.1336
280.40	216.66	2.16	177.95	38.70	0.00	132.76	160.50	160.50	5.78	12.50	0.63	33554430	0.1549
294.70	231.12	2.17	161.22	69.89	0.00	118.06	141.96	141.96	44.96	12.85	0.62	33554430	0.1452
457.85	394.16	2.13	353.98	40.17	0.00	230.79	319.15	319.15	8.21	13.79	0.63	33554430	0.0851
313.53	250.14	2.08	187.48	62.66	0.00	109.06	155.40	155.40	40.81	12.64	0.62	33554430	0.1341
519.11	455.59	2.13	391.53	64.05	0.00	189.36	384.60	384.60	80.01	11.46	0.63	33554430	0.0737
273.66	210.08	2.22	147.23	62.85	0.00	117.14	112.55	112.55	40.14	12.29	0.62	33554430	0.1597
313.99	250.60	2.11	177.90	72.68	0.00	119.55	124.83	124.83	41.71	13.13	0.62	33554430	0.1339
397.72	334.03	2.30	258.58	75.44	0.00	141.96	238.36	238.36	53.92	12.04	0.63	33554430	0.1005
267.85	204.28	2.17	140.38	63.89	0.00	117.38	109.02	109.02	42.86	13.68	0.63	33554430	0.1643
284.57	221.10	2.12	158.40	62.69	0.00	119.67	149.18	149.18	35.22	12.81	0.62	33554430	0.1518
280.43	217.01	2.14	177.67	39.33	0.00	144.63	162.81	162.81	8.51	12.57	0.61	33554430	0.1546
370.40	306.85	2.19	227.63	79.21	0.00	141.96	205.99	205.99	54.09	11.91	0.63	33554430	0.1094
336.53	272.84	2.22	228.54	44.29	0.00	173.13	207.64	207.64	14.29	13.01	0.62	33554430	0.1230
286.06	222.38	2.28	167.00	55.37	0.00	131.68	157.75	157.75	23.50	12.53	0.63	33554430	0.1509
256.54	193.00	2.24	138.64	54.35	0.00	121.95	112.31	112.31	28.05	12.55	0.61	33554430	0.1739
288.42	224.53	2.33	183.92	40.60	0.00	148.69	174.77	174.77	11.34	13.04	0.61	33554430	0.1494
286.85	223.20	2.18	187.19	36.00	0.00	150.59	175.76	175.76	7.27	13.24	0.61	33554430	0.1503
363.03	299.20	2.12	263.71	35.48	0.00	222.54	230.38	230.38	11.05	13.56	0.62	33554430	0.1121
278.86	215.25	2.11	150.85	64.40	0.00	112.36	106.30	106.30	40.40	12.74	0.64	33554430	0.1559
300.57	237.09	2.10	171.00	66.09	0.00	112.95	127.68	127.68	42.24	13.01	0.63	33554430	0.1415
276.40	212.75	2.27	142.25	70.50	0.00	120.86	121.30	121.30	44.16	12.78	0.63	33554430	0.1577
283.56	219.79	2.13	162.33	57.45	0.00	131.55	149.34	149.34	28.64	12.58	0.63	33554430	0.1527
283.45	219.75	2.08	170.27	49.47	0.00	136.47	157.26	157.26	17.72	12.53	0.61	33554430	0.1527
262.89	199.37	2.18	144.40	54.96	0.00	123.19	127.87	127.87	26.63	12.51	0.61	33554430	0.1683
289.48	225.79	2.33	157.22	68.56	0.00	110.56	141.31	141.31	42.79	12.78	0.62	33554430	0.1486
298.86	235.03	2.12	179.59	55.44	0.00	134.66	166.53	166.53	24.58	12.87	0.62	33554430	0.1428
281.90	218.48	2.08	166.71	51.76	0.00	132.31	160.75	160.75	19.54	12.90	0.62	33554430	0.1536
286.33	222.80	2.19	172.77	50.02	0.00	129.29	161.88	161.88	18.34	12.78	0.62	33554430	0.1506
293.96	230.36	2.18	166.80	63.55	0.00	119.59	159.75	159.75	35.96	12.87	0.65	33554430	0.1457
302.39	238.89	2.13	175.25	63.63	0.00	119.72	165.89	165.89	33.66	12.59	0.61	33554430	0.1405
288.27	224.77	2.15	167.75	57.02	0.00	124.24	156.34	156.34	23.94	12.51	0.62	33554430	0.1493
360.11	296.45	2.24	263.74	32.71	0.00	223.46	228.91	228.91	8.28	13.80	0.62	33554430	0.1132
271.25	207.58	2.20	147.14	60.43	0.00	116.66	105.30	105.30	36.84	13.01	0.63	33554430	0.1616
601.18	537.50	2.11	496.22	41.27	0.00	294.18	456.50	456.50	11.47	14.31	0.61	33554430	0.0624
283.94	220.11	2.18	184.92	35.17	0.00	149.71	171.06	171.06	6.49	13.06	0.62	33554430	0.1524
286.97	223.43	2.18	159.68	63.74	0.00	115.72	119.28	119.28	35.29	12.94	0.62	33554430	0.1502
485.93	422.41	2.12	350.09	72.31	0.00	162.53	335.58	335.58	64.02	12.04	0.62	33554430	0.0794
287.98	224.16	2.23	161.71	62.44	0.00	125.77	150.26	150.26	34.66	12.94	0.63	33554430	0.1497
301.00	237.17	2.18	191.84	45.32	0.00	140.50	182.75	182.75	14.98	13.04	0.61	33554430	0.1415
291.77	228.10	2.08	165.93	62.16	0.00	127.13	126.97	126.97	36.26	12.37	0.64	33554430	0.1471
293.73	230.15	2.22	164.12	66.03	0.00	123.39	140.58	140.58	48.23	12.62	0.61	33554430	0.1458
344.59	280.75	2.30	247.41	33.34	0.00	183.85	220.51	220.51	6.98	13.53	0.62	33554430	0.1195
308.00	244.55	2.07	176.70	67.84	0.00	112.87	140.91	140.91	42.69	12.66	0.63	33554430	0.1372
272.08	208.55	2.10	148.31	60.24	0.00	121.30	135.46	135.46	34.23	12.60	0.61	33554430	0.1609
276.63	213.13	2.22	143.34	69.78	0.00	111.57	104.42	104.42	45.27	12.73	0.62	33554430	0.1574
310.46	246.29	2.46	204.22	42.07	0.00	159.88	191.31	191.31	14.14	13.15	0.61	33554430	0.1362
273.56	209.40	2.18	149.32	60.08	0.00	124.07	135.06	135.06	33.25	12.09	0.62	33554430	0.1602
452.78	389.27	2.12	345.25	44.01	0.00	226.37	313.67	313.67	10.94	14.25	0.70	33554430	0.0862
286.67	223.02	2.27	163.17	59.84	0.00	119.23	126.93	126.93	36.79	12.27	0.62	33554430	0.1505
298.87	235.27	2.16	171.72	63.54	0.00	127.89	161.33	161.33	35.37	12.96	0.62	33554430	0.1426
287.77	224.39	2.06	161.62	62.76	0.00	118.75	120.19	120.19	38.24	12.32	0.62	33554430	0.1495
275.14	211.63	2.09	148.97	62.65	0.00	113.98	122.99	122.99	39.13	13.04	0.62	33554430	0.1586
348.92	284.75	2.67	247.84	36.90	0.00	182.99	222.91	222.91	7.11	13.34	0.62	33554430	0.1178
319.84	256.07	2.22	195.09	60.98	0.00	126.19	182.27	182.27	27.89	12.98	0.63	33554430	0.1310
305.44	241.87	2.17	173.03	68.83	0.00	114.91	156.90	156.90	42.06	12.72	0.62	33554430	0.1387
467.34	403.64	2.13	354.24	49.39	0.00	212.61	323.17	323.17	10.93	14.12	0.63	33554430	0.0831
SCALE: 20
nvtx: 1048576
edgefactor: 16
terasize: 2.68435455999999995e-04
A: 5.69999999999999951e-01
B: 1.90000000000000002e-01
C: 1.90000000000000002e-01
D: 5.00000000000000444e-02
generation_time: 0.00000000000000000e+00
construction_time: 1.91874439119999991e+01
nbfs: 100
min_time: 1.85619000196456913e-01
firstquartile_time: 2.21417749941349024e-01
median_time: 2.38201500058174143e-01
thirdquartile_time: 2.73009249985218083e-01
max_time: 7.59785000085830720e-01
mean_time: 2.63827269968986644e-01
stddev_time: 8.36672931657630459e-02
min_nedge: 1.67770120000000000e+07
firstquartile_nedge: 1.67770120000000000e+07
median_nedge: 1.67770120000000000e+07
thirdquartile_nedge: 1.67770120000000000e+07
max_nedge: 1.67770120000000000e+07
mean_nedge: 1.67770120000000000e+07
stddev_nedge: 0.00000000000000000e+00
min_TEPS: 2.20812624599126726e+07
firstquartile_TEPS: 6.32909840436588153e+07
median_TEPS: 7.13257373052458763e+07
thirdquartile_TEPS: 7.61401993031972349e+07
max_TEPS: 9.03841308392104954e+07
harmonic_mean_TEPS: 6.35908941557564288e+07
harmonic_stddev_TEPS: 2.02681154598058667e+06
