[BASH] Running the hybrid graph500 for scale 17 with sorted edges
file:/dev/null	benchmark:GRAPH500	vertices:131072	edges:4194302	partitioning:RANDOM	platform:HYBRID	alpha:50	repeat:1	gpu_count:1	thread_count:2	thread_sched:GUIDED	thread_bind:false	gpu_graph_mem:DEVICE	gpu_par_randomized:false	sorted:false	edge_sort_key:degree	edge_order:asc	separate_singletons:false	lambda:0Initializing the shares for Hybrid platform.
	time_init:2313.24	time_par:30.84	rmt_vertex:59	rmt_edge:50	beta:2	pid0:50,50,30,25	pid1:50,50,29,25	
total	exec	init	comp	comm	finalize	cpu_comp	gpu_comp	gpu_total_comp	scatter	gather	aggr	trv_edges	exec_rate
154.57	149.71	0.68	113.32	36.38	0.00	37.41	113.32	113.32	0.75	1.35	0.13	4194302	0.0280
58.10	49.11	0.75	31.03	18.07	0.00	30.50	19.16	19.16	5.61	5.27	0.12	4194302	0.0854
93.16	81.68	2.49	38.36	43.31	0.00	38.24	23.38	23.38	9.13	5.46	0.14	4194302	0.0514
139.18	128.19	2.75	105.43	22.75	0.00	42.53	91.86	91.86	6.73	5.58	0.14	4194302	0.0327
236.32	224.81	2.47	186.61	38.18	0.00	96.11	163.94	163.94	5.44	5.99	0.54	4194302	0.0187
154.65	142.96	2.48	131.46	11.48	0.00	64.39	125.00	125.00	4.16	3.43	0.12	4194302	0.0293
157.21	146.33	2.43	45.19	101.13	0.00	45.13	28.40	28.40	14.53	5.52	0.14	4194302	0.0287
101.56	90.85	1.96	52.44	38.41	0.00	35.72	39.01	39.01	9.41	5.32	0.13	4194302	0.0462
111.66	100.80	1.73	62.40	38.39	0.00	47.05	46.49	46.49	8.48	4.74	0.16	4194302	0.0416
126.63	114.78	2.71	51.05	63.71	0.00	34.22	42.07	42.07	11.52	5.32	0.39	4194302	0.0365
132.07	119.87	2.45	68.00	51.86	0.00	40.17	60.55	60.55	16.82	4.98	0.12	4194302	0.0350
157.58	146.77	1.73	129.10	17.66	0.00	62.11	115.70	115.70	4.40	2.68	0.53	4194302	0.0286
319.41	308.27	1.98	69.54	238.73	0.00	44.94	56.55	56.55	6.22	5.64	0.10	4194302	0.0136
82.00	70.56	2.50	49.63	20.92	0.00	44.45	39.56	39.56	12.40	6.11	0.18	4194302	0.0594
431.81	420.41	1.58	360.27	60.13	0.00	34.37	353.09	353.09	10.18	5.83	0.26	4194302	0.0100
74.74	61.25	2.73	41.77	19.48	0.00	39.08	22.06	22.06	10.24	5.78	0.14	4194302	0.0685
235.63	223.43	2.51	56.01	167.41	0.00	40.00	47.52	47.52	8.85	5.30	0.12	4194302	0.0188
72.82	61.78	2.38	41.99	19.78	0.00	41.84	22.15	22.15	8.25	6.10	0.12	4194302	0.0679
67.14	60.69	1.72	41.37	19.31	0.00	38.04	29.76	29.76	10.07	6.51	0.13	4194302	0.0691
158.53	153.58	0.76	110.98	42.59	0.00	23.24	110.98	110.98	1.01	1.53	0.12	4194302	0.0273
38.13	32.92	0.81	26.00	6.91	0.00	15.53	25.02	25.02	0.69	1.45	0.12	4194302	0.1274
63.83	58.44	0.77	36.27	22.15	0.00	10.73	35.45	35.45	4.67	1.40	0.13	4194302	0.0718
193.10	183.83	1.06	169.21	14.61	0.00	49.07	162.82	162.82	4.10	1.54	0.13	4194302	0.0228
330.75	319.83	1.69	62.70	257.12	0.00	39.55	49.33	49.33	12.45	5.25	0.28	4194302	0.0131
74.58	62.58	1.99	42.47	20.10	0.00	42.18	20.62	20.62	8.81	5.14	0.56	4194302	0.0670
403.85	392.29	2.35	336.46	55.82	0.00	44.76	324.03	324.03	7.94	4.59	0.13	4194302	0.0107
75.26	64.63	1.92	41.11	23.51	0.00	41.00	20.05	20.05	11.27	6.19	0.13	4194302	0.0649
152.50	146.51	1.66	129.00	17.51	0.00	65.60	118.50	118.50	2.36	3.92	0.12	4194302	0.0286
267.57	257.11	0.72	214.44	42.66	0.00	23.34	207.31	207.31	5.56	4.04	0.23	4194302	0.0163
79.48	67.79	2.72	43.88	23.91	0.00	43.80	21.37	21.37	13.36	5.41	0.14	4194302	0.0619
331.56	319.64	2.43	252.57	67.05	0.00	58.67	238.44	238.44	4.28	4.61	0.12	4194302	0.0131
72.68	61.85	1.94	40.41	21.43	0.00	40.28	20.09	20.09	9.87	5.80	0.13	4194302	0.0678
121.85	112.03	1.62	91.27	20.75	0.00	59.32	74.69	74.69	3.41	5.88	0.12	4194302	0.0374
254.95	243.73	2.70	209.95	33.77	0.00	44.02	200.36	200.36	14.93	5.02	0.40	4194302	0.0172
185.01	173.46	2.47	156.02	17.43	0.00	83.00	134.19	134.19	6.14	6.55	0.12	4194302	0.0242
269.34	258.18	2.48	42.14	216.03	0.00	40.22	26.04	26.04	11.50	5.36	0.13	4194302	0.0162
92.89	76.86	2.47	57.42	19.43	0.00	41.40	44.17	44.17	5.74	6.46	4.97	4194302	0.0546
1117.65	1105.14	2.46	38.14	1067.00	0.00	38.06	21.69	21.69	10.49	4.85	0.53	4194302	0.0038
85.12	73.24	2.47	47.10	26.14	0.00	46.68	29.88	29.88	15.09	5.49	0.14	4194302	0.0573
215.66	199.84	2.45	127.46	72.37	0.00	38.74	111.80	111.80	9.06	5.39	3.71	4194302	0.0210
107.01	97.11	1.61	77.85	19.26	0.00	57.74	60.58	60.58	4.99	4.65	0.12	4194302	0.0432
1505.21	1489.80	2.15	85.52	1404.27	0.00	47.44	71.13	71.13	4.85	5.35	3.78	4194302	0.0028
109.32	97.61	2.49	46.36	51.25	0.00	37.88	27.62	27.62	9.12	6.00	0.53	4194302	0.0430
69.89	59.33	1.71	37.17	22.16	0.00	37.04	17.71	17.71	9.90	5.78	0.30	4194302	0.0707
498.00	486.73	2.41	76.32	410.41	0.00	41.14	67.65	67.65	15.10	5.43	0.15	4194302	0.0086
84.00	73.53	1.99	41.02	32.51	0.00	40.59	28.74	28.74	9.23	5.72	0.54	4194302	0.0570
141.70	130.17	2.91	107.71	22.45	0.00	50.87	93.62	93.62	6.40	5.73	0.12	4194302	0.0322
261.21	250.10	2.31	56.34	193.74	0.00	40.22	41.41	41.41	6.19	5.48	0.21	4194302	0.0168
73.68	62.58	1.95	43.02	19.55	0.00	42.88	20.17	20.17	8.32	5.95	0.13	4194302	0.0670
217.45	211.82	1.67	197.72	14.10	0.00	30.84	191.22	191.22	4.92	2.62	0.14	4194302	0.0198
106.78	95.93	0.94	38.97	56.92	0.00	28.30	33.21	33.21	10.80	5.44	0.16	4194302	0.0437
81.76	71.74	1.66	53.42	18.31	0.00	50.18	39.21	39.21	3.83	5.14	0.16	4194302	0.0585
68.15	61.91	2.11	34.39	27.51	0.00	32.60	23.53	23.53	11.42	4.97	0.16	4194302	0.0677
362.36	353.15	1.02	303.43	49.71	0.00	47.44	292.03	292.03	1.76	4.21	0.55	4194302	0.0119
89.99	77.12	3.10	49.15	27.97	0.00	49.07	37.53	37.53	16.91	5.45	0.14	4194302	0.0544
476.92	465.64	2.40	428.97	36.66	0.00	35.23	421.22	421.22	10.58	5.83	0.13	4194302	0.0090
210.85	199.63	2.57	179.58	20.05	0.00	95.61	161.07	161.07	4.36	6.41	0.12	4194302	0.0210
290.59	280.23	1.69	37.94	242.28	0.00	37.75	21.32	21.32	12.06	5.24	0.14	4194302	0.0150
135.46	124.55	1.81	56.89	67.65	0.00	43.75	48.79	48.79	8.83	4.80	0.12	4194302	0.0337
78.26	62.68	2.39	40.56	22.12	0.00	36.17	22.00	22.00	9.93	6.14	3.79	4194302	0.0669
110.53	98.34	2.46	47.14	51.19	0.00	35.36	30.00	30.00	10.10	6.95	0.66	4194302	0.0427
71.74	60.68	1.73	41.87	18.80	0.00	41.24	15.86	15.86	8.30	5.25	0.53	4194302	0.0691
878.64	867.85	2.39	812.74	55.10	0.00	42.85	801.09	801.09	5.16	4.27	0.13	4194302	0.0048
86.99	75.56	2.71	38.83	36.72	0.00	34.48	21.94	21.94	10.97	6.33	0.54	4194302	0.0555
283.86	272.98	2.56	232.07	40.90	0.00	74.53	220.12	220.12	4.89	2.94	0.17	4194302	0.0154
295.71	282.82	3.11	244.76	38.04	0.00	93.51	231.97	231.97	4.14	5.95	0.21	4194302	0.0148
120.64	109.04	2.78	81.44	27.59	0.00	61.64	66.68	66.68	4.46	6.26	0.17	4194302	0.0385
291.51	280.27	2.86	67.42	212.84	0.00	47.21	52.52	52.52	5.78	5.77	0.17	4194302	0.0150
79.25	66.47	2.25	49.90	16.56	0.00	48.64	34.09	34.09	3.22	5.48	0.56	4194302	0.0631
149.98	139.56	1.77	85.14	54.41	0.00	49.54	72.14	72.14	8.02	5.63	0.17	4194302	0.0301
84.46	73.10	2.19	38.85	34.24	0.00	32.17	32.73	32.73	10.63	5.25	0.21	4194302	0.0574
94.58	81.36	2.03	50.27	31.08	0.00	49.44	42.75	42.75	15.94	5.40	2.36	4194302	0.0516
748.62	737.21	1.13	705.78	31.42	0.00	59.86	699.62	699.62	4.31	4.39	0.56	4194302	0.0057
78.57	65.40	2.82	42.25	23.14	0.00	40.68	31.32	31.32	9.06	5.09	0.62	4194302	0.0641
301.28	289.01	1.98	225.60	63.41	0.00	34.87	214.62	214.62	11.13	4.65	0.60	4194302	0.0145
71.98	60.54	2.11	36.75	23.78	0.00	34.73	23.49	23.49	10.58	5.70	0.58	4194302	0.0693
1057.45	1046.11	1.96	995.61	50.49	0.00	38.35	986.21	986.21	3.85	5.20	0.58	4194302	0.0040
93.12	81.70	2.23	59.20	22.49	0.00	34.20	44.32	44.32	11.35	5.08	0.57	4194302	0.0513
100.91	89.40	2.82	54.71	34.68	0.00	42.50	46.73	46.73	7.94	5.85	0.16	4194302	0.0469
356.64	345.90	2.07	296.32	49.56	0.00	72.81	283.11	283.11	4.29	6.10	0.16	4194302	0.0121
77.20	64.97	2.90	46.24	18.72	0.00	45.08	27.90	27.90	7.26	3.96	0.15	4194302	0.0646
458.14	447.07	1.66	404.74	42.32	0.00	76.73	391.94	391.94	5.55	5.44	0.55	4194302	0.0094
82.70	69.55	3.06	46.01	23.54	0.00	44.78	21.59	21.59	9.38	5.20	0.56	4194302	0.0603
260.12	247.15	2.58	195.80	51.33	0.00	43.85	184.98	184.98	10.33	5.43	0.56	4194302	0.0170
84.30	70.89	2.97	44.15	26.73	0.00	43.61	23.79	23.79	12.83	5.27	0.57	4194302	0.0592
211.00	198.57	2.69	51.63	146.93	0.00	49.97	38.45	38.45	7.65	5.81	0.33	4194302	0.0211
108.00	96.94	2.20	41.65	55.27	0.00	41.39	22.94	22.94	12.33	5.16	0.34	4194302	0.0433
824.88	813.42	2.55	756.12	57.29	0.00	52.78	744.95	744.95	6.74	5.30	0.17	4194302	0.0052
88.36	76.34	2.79	47.77	28.55	0.00	34.16	41.07	41.07	9.22	5.89	0.58	4194302	0.0549
91.78	79.62	2.90	53.44	26.17	0.00	42.72	39.84	39.84	7.78	5.07	0.65	4194302	0.0527
361.16	349.17	2.08	70.63	278.53	0.00	48.53	55.04	55.04	2.78	5.27	0.55	4194302	0.0120
80.19	67.45	2.32	44.01	23.43	0.00	43.81	26.83	26.83	8.13	5.36	0.22	4194302	0.0622
174.13	162.41	2.68	47.86	114.54	0.00	35.88	31.60	31.60	10.59	6.63	0.18	4194302	0.0258
120.26	109.78	1.70	60.93	48.84	0.00	42.80	56.20	56.20	17.55	4.86	0.17	4194302	0.0382
60.42	52.92	2.08	35.75	17.16	0.00	29.47	31.24	31.24	8.62	5.01	0.16	4194302	0.0793
1073.75	1062.02	2.82	1009.48	52.53	0.00	21.94	1002.95	1002.95	6.16	3.88	0.17	4194302	0.0039
88.10	76.68	2.72	47.41	29.26	0.00	37.19	36.36	36.36	10.25	4.55	0.16	4194302	0.0547
73.80	62.48	2.17	40.64	21.83	0.00	40.45	24.18	24.18	8.38	6.14	0.64	4194302	0.0671
58.06	51.79	2.30	35.36	16.42	0.00	25.76	27.66	27.66	6.86	1.17	0.14	4194302	0.0810
47.76	42.94	0.87	33.39	9.54	0.00	9.64	33.39	33.39	3.16	1.43	0.13	4194302	0.0977
SCALE: 17
nvtx: 131072
edgefactor: 16
terasize: 3.35544319999999993e-05
A: 5.69999999999999951e-01
B: 1.90000000000000002e-01
C: 1.90000000000000002e-01
D: 5.00000000000000444e-02
generation_time: 0.00000000000000000e+00
construction_time: 2.94519758300000012e+00
nbfs: 100
min_time: 3.37210001945495580e-02
firstquartile_time: 7.31457498967647557e-02
median_time: 1.15569000005722039e-01
thirdquartile_time: 2.59944999933242771e-01
max_time: 1.49195000016689305e+00
mean_time: 2.13573680005073541e-01
stddev_time: 2.53908008159155041e-01
min_nedge: 2.09713500000000000e+06
firstquartile_nedge: 2.09713500000000000e+06
median_nedge: 2.09713500000000000e+06
thirdquartile_nedge: 2.09713500000000000e+06
max_nedge: 2.09713500000000000e+06
mean_nedge: 2.09713500000000000e+06
stddev_nedge: 0.00000000000000000e+00
min_TEPS: 1.40563356665130169e+06
firstquartile_TEPS: 8.33089488439077698e+06
median_TEPS: 1.87840006278215759e+07
thirdquartile_TEPS: 2.95265952574510239e+07
max_TEPS: 6.21907709706358910e+07
harmonic_mean_TEPS: 9.81925769107027724e+06
harmonic_stddev_TEPS: 1.17324774440741376e+06
