[BASH] Running the hybrid graph500 for scale 20 with sorted edges
file:/dev/null	benchmark:GRAPH500	vertices:1048576	edges:33554430	partitioning:RANDOM	platform:HYBRID	alpha:50	repeat:1	gpu_count:1	thread_count:3	thread_sched:GUIDED	thread_bind:false	gpu_graph_mem:DEVICE	gpu_par_randomized:false	sorted:false	edge_sort_key:degree	edge_order:asc	separate_singletons:false	lambda:0Initializing the shares for Hybrid platform.
	time_init:4691.87	time_par:370.06	rmt_vertex:52	rmt_edge:50	beta:2	pid0:50,50,26,25	pid1:50,50,26,25	
total	exec	init	comp	comm	finalize	cpu_comp	gpu_comp	gpu_total_comp	scatter	gather	aggr	trv_edges	exec_rate
626.76	588.21	3.00	547.74	40.45	0.00	166.41	524.05	524.05	10.56	13.31	0.45	33554430	0.0570
590.72	553.39	1.35	499.63	53.75	0.00	152.67	473.92	473.92	13.49	13.51	0.45	33554430	0.0606
2033.79	2000.69	3.44	1948.96	51.72	0.00	275.48	1889.30	1889.30	9.23	10.95	0.62	33554430	0.0168
212.07	186.42	1.42	142.20	44.21	0.00	107.27	135.08	135.08	23.36	5.76	0.64	33554430	0.1800
2562.47	2523.76	2.70	2471.80	51.95	0.00	340.62	2437.25	2437.25	11.74	14.25	0.69	33554430	0.0133
1409.00	1377.00	1.68	1339.38	37.61	0.00	255.62	1283.49	1283.49	6.85	9.10	0.62	33554430	0.0244
747.50	712.37	1.69	674.88	37.48	0.00	192.98	633.11	633.11	5.78	10.51	0.64	33554430	0.0471
613.63	576.23	1.69	537.78	38.44	0.00	170.31	509.52	509.52	9.65	12.73	0.62	33554430	0.0582
1464.36	1429.50	2.77	1389.34	40.15	0.00	256.63	1334.32	1334.32	8.96	10.70	1.51	33554430	0.0235
214.68	188.91	1.52	148.01	40.89	0.00	101.41	144.71	144.71	19.76	6.12	0.65	33554430	0.1776
228.62	202.49	1.55	162.13	40.34	0.00	94.31	160.06	160.06	19.02	5.98	0.63	33554430	0.1657
375.40	336.50	1.56	303.32	33.17	0.00	145.56	284.28	284.28	5.97	8.28	0.67	33554430	0.0997
206.86	180.58	1.85	141.86	38.71	0.00	97.57	141.05	141.05	17.27	6.15	0.71	33554430	0.1858
210.96	184.61	1.94	133.75	50.85	0.00	100.88	112.75	112.75	20.62	6.32	0.69	33554430	0.1818
249.25	221.27	1.79	180.60	40.65	0.00	100.34	178.25	178.25	15.39	5.94	0.69	33554430	0.1516
279.67	254.64	1.68	208.29	46.34	0.00	123.31	205.24	205.24	32.82	5.52	0.69	33554430	0.1318
550.12	515.98	1.52	480.13	35.83	0.00	172.41	445.56	445.56	8.92	9.57	0.59	33554430	0.0650
738.47	701.79	6.06	636.20	65.58	0.00	205.99	594.52	594.52	26.25	15.90	0.69	33554430	0.0478
561.74	524.27	1.61	476.24	48.02	0.00	162.16	448.56	448.56	12.99	12.38	0.63	33554430	0.0640
1507.18	1473.22	3.62	1425.46	47.74	0.00	249.80	1375.74	1375.74	9.85	14.02	0.67	33554430	0.0228
335.44	306.58	4.40	239.24	67.33	0.00	135.76	237.48	237.48	37.82	7.64	0.73	33554430	0.1094
547.27	510.66	2.36	469.35	41.29	0.00	179.37	442.12	442.12	9.20	11.71	0.69	33554430	0.0657
344.03	306.29	1.67	264.42	41.86	0.00	131.89	234.81	234.81	7.81	8.51	0.68	33554430	0.1095
594.29	555.79	4.78	507.28	48.49	0.00	172.23	471.63	471.63	13.71	14.64	0.67	33554430	0.0604
504.25	468.29	5.05	395.66	72.62	0.00	156.28	373.78	373.78	41.27	10.73	0.62	33554430	0.0717
282.60	255.56	2.50	211.14	44.41	0.00	98.50	210.32	210.32	18.45	5.91	0.68	33554430	0.1313
563.06	525.33	2.33	486.43	38.89	0.00	177.76	464.51	464.51	11.54	10.46	0.64	33554430	0.0639
229.26	199.99	3.81	162.80	37.18	0.00	106.80	160.67	160.67	15.47	6.02	0.63	33554430	0.1678
764.75	731.24	2.62	694.98	36.24	0.00	213.53	652.09	652.09	9.52	10.81	0.74	33554430	0.0459
259.58	233.54	1.68	187.40	46.12	0.00	119.18	184.63	184.63	26.54	5.63	0.64	33554430	0.1437
265.44	238.92	1.69	208.99	29.91	0.00	114.73	185.18	185.18	4.32	6.41	0.93	33554430	0.1404
260.02	234.20	1.53	196.82	37.36	0.00	110.43	191.14	191.14	11.33	5.99	0.68	33554430	0.1433
210.39	182.37	3.76	138.56	43.79	0.00	101.74	121.47	121.47	18.29	6.46	0.54	33554430	0.1840
443.55	378.80	27.90	327.22	51.57	0.00	154.33	299.43	299.43	23.76	9.52	0.50	33554430	0.0886
1141.60	1109.30	3.09	1068.91	40.37	0.00	224.45	1015.95	1015.95	8.61	12.89	0.46	33554430	0.0302
701.88	664.75	1.46	622.33	42.41	0.00	165.39	599.79	599.79	12.31	11.77	0.62	33554430	0.0505
194.73	168.99	1.53	132.07	36.91	0.00	97.36	130.97	130.97	17.12	6.15	0.63	33554430	0.1986
305.98	280.45	1.54	247.67	32.77	0.00	112.41	244.49	244.49	10.96	6.01	0.62	33554430	0.1196
195.65	169.94	1.66	126.68	43.25	0.00	95.99	112.35	112.35	17.76	6.33	0.64	33554430	0.1974
273.59	247.92	1.53	202.48	45.43	0.00	127.50	200.40	200.40	33.32	5.55	0.63	33554430	0.1353
200.67	175.01	1.44	137.51	37.49	0.00	98.38	124.28	124.28	14.40	6.10	0.63	33554430	0.1917
777.75	740.34	2.70	691.86	48.46	0.00	224.24	636.56	636.56	18.74	15.11	0.63	33554430	0.0453
378.69	341.44	1.65	298.34	43.09	0.00	123.81	284.55	284.55	14.31	8.50	0.62	33554430	0.0983
537.26	498.38	2.79	453.39	44.98	0.00	167.67	425.72	425.72	12.77	11.45	0.70	33554430	0.0673
447.23	409.00	1.77	367.26	41.74	0.00	152.68	335.85	335.85	6.13	11.55	0.64	33554430	0.0820
278.74	251.10	2.95	202.37	48.71	0.00	105.27	197.14	197.14	21.08	6.44	0.69	33554430	0.1336
1178.32	1140.07	1.69	1100.66	39.40	0.00	247.99	1066.93	1066.93	6.37	9.24	0.49	33554430	0.0294
232.52	206.45	1.64	164.11	42.32	0.00	98.61	162.64	162.64	19.32	6.17	0.52	33554430	0.1625
373.48	346.64	2.15	300.02	46.60	0.00	140.07	298.11	298.11	40.54	5.55	0.73	33554430	0.0968
224.60	196.18	2.19	154.28	41.88	0.00	98.04	152.98	152.98	18.12	6.08	0.68	33554430	0.1710
304.46	273.93	6.06	208.82	65.09	0.00	139.04	186.32	186.32	38.50	6.96	0.68	33554430	0.1225
229.05	202.58	1.89	154.38	48.18	0.00	116.64	148.95	148.95	28.99	5.99	0.75	33554430	0.1656
210.96	183.90	2.72	141.69	42.19	0.00	105.17	136.61	136.61	20.69	5.93	0.49	33554430	0.1825
274.88	249.50	1.58	212.31	37.18	0.00	108.88	210.26	210.26	15.26	5.96	0.47	33554430	0.1345
443.11	406.67	1.57	371.46	35.19	0.00	151.80	353.99	353.99	6.56	8.49	0.71	33554430	0.0825
258.10	232.24	1.64	180.16	52.07	0.00	126.65	169.50	169.50	28.48	6.20	0.71	33554430	0.1445
699.85	663.38	2.61	625.71	37.66	0.00	202.11	585.95	585.95	10.15	12.07	1.79	33554430	0.0506
456.48	418.62	1.76	374.76	43.84	0.00	144.23	350.63	350.63	14.71	13.11	0.63	33554430	0.0802
281.35	254.61	2.76	213.70	40.90	0.00	100.24	211.64	211.64	11.63	6.10	0.63	33554430	0.1318
491.84	458.00	1.73	420.79	37.20	0.00	174.06	394.70	394.70	7.29	11.87	0.64	33554430	0.0733
669.90	638.75	1.80	599.85	38.88	0.00	175.91	565.84	565.84	5.49	11.21	0.45	33554430	0.0525
1424.47	1388.83	1.69	1352.17	36.64	0.00	223.46	1321.12	1321.12	7.44	12.57	0.62	33554430	0.0242
214.58	186.43	4.01	146.57	39.85	0.00	96.36	142.28	142.28	18.02	6.13	0.65	33554430	0.1800
209.35	180.01	3.73	135.56	44.43	0.00	99.38	120.30	120.30	19.19	6.54	0.71	33554430	0.1864
200.35	173.54	2.16	126.41	47.11	0.00	101.53	103.77	103.77	20.19	6.14	0.69	33554430	0.1934
578.37	534.26	9.24	474.29	59.95	0.00	194.63	439.13	439.13	24.05	14.24	0.63	33554430	0.0628
550.78	512.78	1.81	470.15	42.61	0.00	162.45	443.21	443.21	9.88	14.55	0.62	33554430	0.0654
306.69	279.06	2.88	230.95	48.09	0.00	111.15	227.43	227.43	16.13	8.19	0.64	33554430	0.1202
190.99	163.94	1.65	122.72	41.20	0.00	97.28	114.83	114.83	19.33	5.84	0.64	33554430	0.2047
342.29	314.46	3.76	276.28	38.16	0.00	125.13	268.30	268.30	11.76	6.42	0.52	33554430	0.1067
375.54	333.60	3.66	298.93	34.65	0.00	135.37	286.54	286.54	10.92	8.52	0.64	33554430	0.1006
363.74	325.89	2.56	283.02	42.86	0.00	145.00	253.87	253.87	14.39	10.16	0.68	33554430	0.1030
400.49	363.15	1.84	315.46	47.66	0.00	117.14	306.95	306.95	18.41	8.43	0.67	33554430	0.0924
334.44	306.33	3.68	264.33	41.99	0.00	106.01	262.92	262.92	14.38	6.38	0.64	33554430	0.1095
270.89	242.46	3.82	208.99	33.46	0.00	109.45	205.82	205.82	9.90	6.07	0.69	33554430	0.1384
2016.38	1976.03	4.38	1924.45	51.56	0.00	275.69	1886.15	1886.15	10.03	11.96	0.50	33554430	0.0170
234.28	204.11	1.57	166.97	37.12	0.00	100.06	164.84	164.84	14.97	5.97	0.44	33554430	0.1644
1458.31	1424.90	1.51	1389.94	34.94	0.00	271.08	1370.45	1370.45	9.11	11.10	0.45	33554430	0.0235
593.99	555.74	1.71	520.13	35.60	0.00	169.49	492.06	492.06	6.78	8.30	0.62	33554430	0.0604
294.73	267.98	2.78	219.86	48.10	0.00	105.13	215.78	215.78	21.24	6.10	0.63	33554430	0.1252
259.38	233.76	1.60	188.97	44.78	0.00	124.92	186.63	186.63	32.00	5.93	0.63	33554430	0.1435
276.55	251.03	1.57	214.11	36.91	0.00	100.56	212.05	212.05	14.78	5.91	0.62	33554430	0.1337
415.93	376.17	1.66	341.62	34.54	0.00	146.52	325.47	325.47	9.16	8.26	0.62	33554430	0.0892
425.78	387.86	3.66	335.44	52.41	0.00	129.05	318.04	318.04	20.60	8.48	0.69	33554430	0.0865
211.00	184.84	1.64	138.60	46.23	0.00	107.87	127.15	127.15	23.77	7.53	0.67	33554430	0.1815
766.48	730.07	1.89	697.57	32.48	0.00	215.00	652.27	652.27	6.17	8.90	1.48	33554430	0.0460
240.64	213.07	3.44	163.24	49.82	0.00	121.26	148.74	148.74	27.69	7.40	0.63	33554430	0.1575
254.52	228.93	1.69	194.40	34.52	0.00	101.17	192.19	192.19	14.63	6.01	0.64	33554430	0.1466
195.93	169.36	2.11	122.26	47.08	0.00	99.62	92.82	92.82	22.68	6.05	0.69	33554430	0.1981
580.32	547.12	1.70	507.79	39.31	0.00	184.72	478.54	478.54	9.33	17.25	0.64	33554430	0.0613
343.03	303.17	3.06	255.04	48.11	0.00	112.60	241.32	241.32	18.99	8.47	0.63	33554430	0.1107
1209.81	1182.17	2.16	1145.36	36.80	0.00	249.00	1089.80	1089.80	7.80	9.56	0.69	33554430	0.0284
247.35	221.09	1.93	180.08	41.00	0.00	102.26	177.90	177.90	17.24	6.08	0.53	33554430	0.1518
313.15	287.02	1.87	245.90	41.10	0.00	111.36	244.25	244.25	15.97	6.02	0.52	33554430	0.1169
302.90	272.79	5.92	212.49	60.29	0.00	139.21	191.69	191.69	36.58	7.25	0.53	33554430	0.1230
262.28	235.58	2.30	193.06	42.50	0.00	94.36	191.52	191.52	17.17	6.11	0.53	33554430	0.1424
975.46	941.21	2.78	902.71	38.49	0.00	221.97	850.57	850.57	6.91	12.48	0.62	33554430	0.0357
396.07	359.66	1.52	314.20	45.45	0.00	129.67	299.49	299.49	14.61	8.02	0.68	33554430	0.0933
203.36	176.29	2.92	135.67	40.60	0.00	101.70	128.44	128.44	18.53	5.77	0.63	33554430	0.1903
1067.35	1032.31	4.68	997.23	35.07	0.00	250.22	945.04	945.04	7.72	8.54	0.64	33554430	0.0325
SCALE: 20
nvtx: 1048576
edgefactor: 16
terasize: 2.68435455999999995e-04
A: 5.69999999999999951e-01
B: 1.90000000000000002e-01
C: 1.90000000000000002e-01
D: 5.00000000000000444e-02
generation_time: 0.00000000000000000e+00
construction_time: 1.11375831640000005e+01
nbfs: 100
min_time: 1.65594999909400936e-01
firstquartile_time: 2.31431249886751178e-01
median_time: 3.23340499818325022e-01
thirdquartile_time: 5.59787250071763998e-01
max_time: 2.52646199989318854e+00
mean_time: 4.91314809985160750e-01
stddev_time: 4.37710522776056543e-01
min_nedge: 1.67770120000000000e+07
firstquartile_nedge: 1.67770120000000000e+07
median_nedge: 1.67770120000000000e+07
thirdquartile_nedge: 1.67770120000000000e+07
max_nedge: 1.67770120000000000e+07
mean_nedge: 1.67770120000000000e+07
stddev_nedge: 0.00000000000000000e+00
min_TEPS: 6.64051626373532787e+06
firstquartile_TEPS: 3.03244666885597445e+07
median_TEPS: 5.40333329025658220e+07
thirdquartile_TEPS: 7.52226124479626864e+07
max_TEPS: 1.01313517975656927e+08
harmonic_mean_TEPS: 3.41471733785242960e+07
harmonic_stddev_TEPS: 3.05748471240551490e+06
