[BASH] Running the GPU only graph500 for scale 17
file:/dev/null	benchmark:GRAPH500	vertices:131072	edges:4194302	partitioning:RANDOM	platform:HYBRID	alpha:50	repeat:1	gpu_count:1	thread_count:1	thread_sched:GUIDED	thread_bind:false	gpu_graph_mem:DEVICE	gpu_par_randomized:false	sorted:false	edge_sort_key:id	edge_order:asc	separate_singletons:false	lambda:0Initializing the shares for Hybrid platform.
	time_init:496.22	time_par:16.62	rmt_vertex:59	rmt_edge:50	beta:2	pid0:50,50,30,25	pid1:50,50,29,25	
total	exec	init	comp	comm	finalize	cpu_comp	gpu_comp	gpu_total_comp	scatter	gather	aggr	trv_edges	exec_rate
86.75	78.19	0.78	63.76	14.42	0.00	28.17	63.48	63.48	1.20	2.62	0.13	4194302	0.0536
40.70	31.91	1.08	20.75	11.15	0.00	14.84	18.13	18.13	3.38	1.97	0.12	4194302	0.1315
53.65	45.06	0.88	30.29	14.77	0.00	13.27	30.10	30.10	6.14	1.93	0.15	4194302	0.0931
57.12	48.56	0.78	34.81	13.74	0.00	15.68	34.54	34.54	3.63	1.96	0.16	4194302	0.0864
120.20	111.74	0.78	101.11	10.62	0.00	45.92	98.50	98.50	1.61	2.17	0.12	4194302	0.0375
58.30	49.78	0.81	42.30	7.47	0.00	36.64	39.32	39.32	1.22	2.44	0.12	4194302	0.0843
58.38	49.82	0.81	36.28	13.53	0.00	17.88	36.18	36.18	10.38	1.78	0.13	4194302	0.0842
62.92	54.30	0.90	38.35	15.94	0.00	13.18	38.15	38.15	6.15	1.97	0.16	4194302	0.0772
73.64	64.99	0.91	47.39	17.59	0.00	15.71	47.24	47.24	4.67	1.93	0.13	4194302	0.0645
56.92	48.28	0.98	34.34	13.94	0.00	12.65	32.41	32.41	6.43	2.18	0.13	4194302	0.0869
82.09	73.61	0.79	61.53	12.07	0.00	19.87	61.39	61.39	11.75	1.75	0.12	4194302	0.0570
53.50	44.95	0.90	36.82	8.12	0.00	29.57	35.74	35.74	1.03	2.10	0.12	4194302	0.0933
42.03	33.00	1.28	22.53	10.46	0.00	16.38	20.95	20.95	3.24	1.95	0.12	4194302	0.1271
86.26	77.78	0.81	61.88	15.89	0.00	15.80	61.81	61.81	8.42	1.88	0.15	4194302	0.0539
63.18	54.56	0.96	40.35	14.21	0.00	12.86	39.65	39.65	6.36	1.97	0.13	4194302	0.0769
64.45	55.93	0.80	41.03	14.89	0.00	12.74	40.80	40.80	6.25	1.98	0.14	4194302	0.0750
59.68	51.16	0.79	35.67	15.49	0.00	14.36	35.42	35.42	5.42	1.91	0.16	4194302	0.0820
49.75	41.23	0.81	27.86	13.36	0.00	14.72	27.64	27.64	4.95	1.92	0.14	4194302	0.1017
61.80	52.75	0.90	39.18	13.56	0.00	13.84	39.18	39.18	7.19	2.01	0.13	4194302	0.0795
44.15	35.48	0.92	26.99	8.49	0.00	20.79	26.83	26.83	1.57	2.01	0.13	4194302	0.1182
34.73	26.10	0.91	18.42	7.68	0.00	15.42	12.93	12.93	1.07	1.97	0.12	4194302	0.1607
51.81	43.22	0.93	28.43	14.78	0.00	13.31	28.38	28.38	7.07	1.93	0.14	4194302	0.0971
78.34	69.77	0.92	60.44	9.32	0.00	36.91	57.96	57.96	1.75	2.52	0.12	4194302	0.0601
79.15	70.53	0.91	55.71	14.82	0.00	15.76	55.66	55.66	8.59	1.85	0.13	4194302	0.0595
53.99	45.39	0.84	29.92	15.47	0.00	14.10	28.99	28.99	5.49	2.01	0.16	4194302	0.0924
73.97	65.48	0.69	48.64	16.84	0.00	18.09	47.98	47.98	4.31	2.15	0.19	4194302	0.0640
59.05	50.62	0.78	36.61	14.00	0.00	14.14	36.23	36.23	7.24	1.96	0.13	4194302	0.0829
52.84	44.17	0.84	35.10	9.07	0.00	28.36	33.86	33.86	1.24	2.10	0.13	4194302	0.0950
43.20	34.76	0.72	21.98	12.78	0.00	13.48	18.71	18.71	5.94	2.06	0.13	4194302	0.1207
55.79	47.37	0.72	34.15	13.21	0.00	15.67	34.11	34.11	8.34	1.91	0.13	4194302	0.0885
42.78	34.32	0.81	26.07	8.24	0.00	20.31	25.88	25.88	0.85	1.97	0.13	4194302	0.1222
67.43	58.99	0.79	43.90	15.08	0.00	13.66	43.81	43.81	6.47	1.95	0.14	4194302	0.0711
48.27	39.71	0.85	31.63	8.08	0.00	22.47	28.79	28.79	0.83	2.02	0.12	4194302	0.1056
70.45	62.06	0.75	50.40	11.65	0.00	19.78	50.32	50.32	11.30	1.74	0.12	4194302	0.0676
57.76	49.27	0.78	39.64	9.62	0.00	37.17	32.68	32.68	1.51	2.48	0.12	4194302	0.0851
49.81	41.38	0.72	27.43	13.93	0.00	13.74	24.20	24.20	6.65	2.01	0.13	4194302	0.1014
42.38	33.94	0.74	21.96	11.97	0.00	15.59	18.70	18.70	3.41	1.90	0.14	4194302	0.1236
64.99	56.61	0.72	43.23	13.38	0.00	14.19	41.82	41.82	7.26	1.93	0.13	4194302	0.0741
70.34	61.91	0.73	48.77	13.13	0.00	17.81	48.67	48.67	10.11	1.79	0.13	4194302	0.0677
51.32	42.92	0.71	28.51	14.40	0.00	13.41	27.86	27.86	5.96	1.96	0.13	4194302	0.0977
43.34	34.84	0.80	26.69	8.14	0.00	21.19	26.37	26.37	1.62	2.40	0.13	4194302	0.1204
38.02	29.53	0.83	21.34	8.19	0.00	17.76	16.55	16.55	1.07	1.97	0.14	4194302	0.1420
54.93	46.51	0.70	31.80	14.71	0.00	13.59	31.63	31.63	5.88	1.96	0.13	4194302	0.0902
54.98	46.42	0.82	33.77	12.65	0.00	13.83	33.77	33.77	6.99	2.19	0.14	4194302	0.0903
77.60	68.95	0.70	57.06	11.88	0.00	19.81	56.96	56.96	11.79	1.76	0.37	4194302	0.0608
41.14	32.67	0.83	20.38	12.28	0.00	14.49	16.16	16.16	5.84	2.04	0.12	4194302	0.1284
42.95	34.49	0.82	23.64	10.85	0.00	18.35	22.95	22.95	2.91	1.97	0.12	4194302	0.1216
45.25	36.89	0.69	24.03	12.86	0.00	15.36	21.48	21.48	3.45	1.93	0.14	4194302	0.1137
53.23	44.65	0.83	30.52	14.13	0.00	14.52	30.31	30.31	4.71	2.02	0.16	4194302	0.0939
49.36	40.81	0.83	28.73	12.07	0.00	15.88	28.60	28.60	3.73	1.98	0.12	4194302	0.1028
63.71	55.25	0.74	43.40	11.85	0.00	17.86	43.26	43.26	10.27	1.80	0.12	4194302	0.0759
37.11	28.61	0.80	20.82	7.78	0.00	17.96	14.38	14.38	0.78	1.98	0.12	4194302	0.1466
56.28	47.80	0.83	35.38	12.41	0.00	15.50	34.16	34.16	8.60	1.85	0.12	4194302	0.0878
48.04	39.59	0.75	31.84	7.74	0.00	29.51	25.99	25.99	0.89	2.10	0.12	4194302	0.1060
86.05	77.61	0.73	64.35	13.26	0.00	20.02	64.15	64.15	11.58	1.78	0.13	4194302	0.0540
55.04	46.26	1.11	32.30	13.96	0.00	12.52	29.89	29.89	6.41	2.00	0.13	4194302	0.0907
79.75	71.39	0.71	62.28	9.11	0.00	40.52	59.21	59.21	1.43	2.15	0.12	4194302	0.0587
46.69	38.09	0.84	25.05	13.03	0.00	15.13	24.22	24.22	7.88	1.95	0.13	4194302	0.1101
43.06	34.58	0.83	22.62	11.94	0.00	15.59	18.72	18.72	5.07	2.49	0.12	4194302	0.1213
56.46	48.02	0.71	34.28	13.74	0.00	12.54	30.49	30.49	6.38	1.98	0.13	4194302	0.0873
46.68	38.32	0.71	24.70	13.61	0.00	12.76	20.19	20.19	6.59	2.01	0.12	4194302	0.1095
45.59	37.09	0.83	22.84	14.23	0.00	14.42	19.50	19.50	4.80	1.94	0.14	4194302	0.1131
58.57	50.12	0.71	39.17	10.95	0.00	20.34	38.87	38.87	1.43	1.97	0.16	4194302	0.0837
60.54	52.10	0.74	38.03	14.06	0.00	12.59	35.10	35.10	6.43	1.95	0.13	4194302	0.0805
73.15	64.71	0.71	56.51	8.19	0.00	43.38	53.03	53.03	1.49	2.39	0.12	4194302	0.0648
65.78	57.32	0.75	47.99	9.32	0.00	44.66	42.46	42.46	1.51	2.52	0.13	4194302	0.0732
44.23	35.83	0.69	26.96	8.86	0.00	21.59	26.15	26.15	0.91	2.01	0.13	4194302	0.1171
45.23	36.76	0.69	25.68	11.07	0.00	17.08	25.49	25.49	2.67	1.94	0.14	4194302	0.1141
45.40	36.86	0.83	27.51	9.35	0.00	16.42	27.07	27.07	0.82	2.15	0.13	4194302	0.1138
47.96	39.45	0.81	27.35	12.09	0.00	17.82	27.25	27.25	4.19	1.97	0.12	4194302	0.1063
42.96	34.31	0.88	22.31	12.00	0.00	13.54	20.48	20.48	6.99	1.94	0.13	4194302	0.1222
82.42	73.71	0.84	61.81	11.89	0.00	20.28	61.74	61.74	12.02	1.75	0.31	4194302	0.0569
57.50	48.96	0.82	39.55	9.40	0.00	36.82	34.26	34.26	1.55	2.49	0.13	4194302	0.0857
46.11	37.67	0.72	23.45	14.22	0.00	13.88	19.22	19.22	5.78	2.48	0.14	4194302	0.1113
59.36	50.84	0.80	36.45	14.38	0.00	12.07	34.61	34.61	6.78	1.95	0.13	4194302	0.0825
82.36	73.80	0.85	57.64	16.16	0.00	16.31	57.61	57.61	8.83	1.87	0.14	4194302	0.0568
45.62	37.08	0.88	26.01	11.06	0.00	15.59	25.24	25.24	0.98	1.92	0.12	4194302	0.1131
54.86	46.24	0.84	32.84	13.39	0.00	12.46	29.85	29.85	6.62	2.00	0.13	4194302	0.0907
42.11	33.67	0.73	21.60	12.06	0.00	15.38	18.54	18.54	4.67	2.04	0.13	4194302	0.1246
52.03	43.57	0.81	35.60	7.97	0.00	27.11	34.92	34.92	0.97	2.10	0.12	4194302	0.0963
36.43	28.01	0.70	18.04	9.97	0.00	15.11	12.90	12.90	2.91	2.01	0.12	4194302	0.1497
65.24	56.69	0.82	47.62	9.06	0.00	34.22	45.86	45.86	1.53	2.16	0.12	4194302	0.0740
42.00	33.60	0.76	20.50	13.09	0.00	14.95	16.88	16.88	5.61	1.94	0.13	4194302	0.1248
50.86	42.44	0.71	28.12	14.31	0.00	13.87	26.03	26.03	6.53	2.00	0.13	4194302	0.0988
60.56	52.14	0.71	39.37	12.77	0.00	15.68	39.27	39.27	8.51	1.97	0.12	4194302	0.0804
42.83	34.43	0.73	23.17	11.25	0.00	16.99	20.65	20.65	4.12	2.35	0.12	4194302	0.1218
55.51	46.80	0.81	32.16	14.63	0.00	15.38	29.89	29.89	7.35	2.04	0.13	4194302	0.0896
40.44	32.00	0.72	22.05	9.94	0.00	19.22	17.00	17.00	2.55	2.04	0.13	4194302	0.1311
44.42	35.94	0.73	22.57	13.36	0.00	14.51	19.71	19.71	5.97	2.03	0.12	4194302	0.1167
42.29	33.89	0.72	21.52	12.36	0.00	14.82	19.55	19.55	4.61	2.14	0.13	4194302	0.1238
38.82	30.33	0.84	22.13	8.20	0.00	17.65	19.42	19.42	0.88	1.98	0.13	4194302	0.1383
45.75	37.27	0.82	23.93	13.33	0.00	15.13	23.73	23.73	5.30	1.94	0.13	4194302	0.1126
63.61	55.25	0.71	41.52	13.72	0.00	12.36	38.10	38.10	6.59	1.98	0.13	4194302	0.0759
82.71	74.02	0.85	62.12	11.89	0.00	21.51	62.07	62.07	12.53	1.76	0.29	4194302	0.0567
43.62	35.17	0.81	22.57	12.59	0.00	12.48	18.22	18.22	6.46	2.03	0.12	4194302	0.1193
41.55	33.19	0.71	20.91	12.27	0.00	15.24	17.59	17.59	5.07	1.94	0.12	4194302	0.1264
51.21	42.84	0.69	28.03	14.80	0.00	13.88	27.78	27.78	5.83	1.91	0.15	4194302	0.0979
58.33	49.79	0.81	34.48	15.30	0.00	14.42	34.25	34.25	5.49	1.92	0.16	4194302	0.0842
57.82	49.30	0.81	36.63	12.66	0.00	15.73	36.57	36.57	8.54	1.89	0.13	4194302	0.0851
45.99	37.45	0.79	24.21	13.24	0.00	13.80	22.22	22.22	5.95	1.93	0.13	4194302	0.1120
SCALE: 17
nvtx: 131072
edgefactor: 16
terasize: 3.35544319999999993e-05
A: 5.69999999999999951e-01
B: 1.90000000000000002e-01
C: 1.90000000000000002e-01
D: 5.00000000000000444e-02
generation_time: 0.00000000000000000e+00
construction_time: 1.48625058299999990e+00
nbfs: 100
min_time: 2.70110001564025891e-02
firstquartile_time: 3.74782498478889448e-02
median_time: 4.66575000286102298e-02
thirdquartile_time: 5.58514998555183426e-02
max_time: 1.12525999784469602e-01
mean_time: 4.83384899616241537e-02
stddev_time: 1.44869757011858117e-02
min_nedge: 2.09713500000000000e+06
firstquartile_nedge: 2.09713500000000000e+06
median_nedge: 2.09713500000000000e+06
thirdquartile_nedge: 2.09713500000000000e+06
max_nedge: 2.09713500000000000e+06
mean_nedge: 2.09713500000000000e+06
stddev_nedge: 0.00000000000000000e+00
min_TEPS: 1.86368928426925056e+07
firstquartile_TEPS: 3.82658273396383896e+07
median_TEPS: 4.56947301347177327e+07
thirdquartile_TEPS: 5.73714617554264441e+07
max_TEPS: 7.76400350915144682e+07
harmonic_mean_TEPS: 4.33843713708250076e+07
harmonic_stddev_TEPS: 1.30677363574392186e+06
