[BASH] Running the Hybrid graph500 for scale 16
file:/dev/null	benchmark:GRAPH500	vertices:65536	edges:2097150	partitioning:LOW	platform:HYBRID	alpha:50	repeat:1	gpu_count:1	thread_count:1	thread_sched:GUIDED	thread_bind:false	gpu_graph_mem:DEVICE	gpu_par_randomized:false	sorted:false	edge_sort_key:id	edge_order:asc	separate_singletons:false	lambda:0Initializing the shares for Hybrid platform.
	time_init:272.20	time_par:12.92	rmt_vertex:63	rmt_edge:51	beta:2	pid0:2,50,61,26	pid1:98,50,2,26	
total	exec	init	comp	comm	finalize	cpu_comp	gpu_comp	gpu_total_comp	scatter	gather	aggr	trv_edges	exec_rate
38.00	36.65	0.76	22.78	13.86	0.00	10.18	16.80	16.80	6.58	1.99	0.11	2097150	0.0572
55.96	54.70	0.77	41.17	13.52	0.00	8.69	34.79	34.79	7.51	2.12	0.09	2097150	0.0383
36.93	35.61	0.84	21.58	14.02	0.00	7.34	17.86	17.86	10.19	1.99	0.08	2097150	0.0589
26.06	24.81	0.77	11.95	12.85	0.00	8.33	5.62	5.62	7.92	2.10	0.08	2097150	0.0845
34.50	33.23	0.77	12.48	20.74	0.00	7.79	8.34	8.34	8.73	2.10	0.10	2097150	0.0631
25.75	24.48	0.79	13.62	10.85	0.00	10.58	5.95	5.95	6.00	2.04	0.09	2097150	0.0857
34.04	32.75	0.78	20.28	12.47	0.00	9.41	14.14	14.14	6.89	1.99	0.10	2097150	0.0640
109.20	107.94	0.77	94.52	13.41	0.00	7.35	92.40	92.40	11.71	1.84	0.08	2097150	0.0194
37.99	36.73	0.77	22.86	13.86	0.00	7.19	19.76	19.76	10.33	1.91	0.09	2097150	0.0571
26.58	25.27	0.77	13.57	11.70	0.00	9.70	6.25	6.25	6.68	2.03	0.08	2097150	0.0830
121.94	120.68	0.77	107.93	12.74	0.00	9.73	106.77	106.77	12.85	1.77	0.08	2097150	0.0174
27.34	26.08	0.77	13.19	12.88	0.00	8.33	7.11	7.11	7.88	2.09	0.09	2097150	0.0804
26.29	24.99	0.76	12.82	12.17	0.00	9.50	6.03	6.03	6.81	2.11	0.09	2097150	0.0839
74.18	72.92	0.78	59.77	13.15	0.00	7.53	57.52	57.52	11.55	1.83	0.08	2097150	0.0288
25.84	24.60	0.76	12.67	11.92	0.00	9.16	5.39	5.39	7.05	2.09	0.08	2097150	0.0852
27.53	26.28	0.76	13.50	12.78	0.00	8.79	7.50	7.50	7.45	2.11	0.09	2097150	0.0798
29.50	28.22	0.79	16.40	11.81	0.00	9.46	9.65	9.65	6.79	2.10	0.10	2097150	0.0743
30.85	29.56	0.80	17.15	12.40	0.00	9.19	11.18	11.18	6.92	2.17	0.10	2097150	0.0709
114.34	113.08	0.77	99.26	13.81	0.00	7.52	97.13	97.13	11.46	1.83	0.08	2097150	0.0185
264.50	263.25	0.76	260.13	3.12	0.00	64.38	260.13	260.13	0.38	1.46	0.09	2097150	0.0080
33.28	32.04	0.75	19.42	12.62	0.00	8.29	17.44	17.44	12.51	1.79	0.08	2097150	0.0655
26.00	24.75	0.77	11.56	13.18	0.00	8.65	4.92	4.92	7.59	2.75	0.08	2097150	0.0847
58.78	57.47	0.84	45.00	12.46	0.00	9.40	43.59	43.59	12.82	1.77	0.08	2097150	0.0365
38.39	37.13	0.77	24.38	12.75	0.00	7.98	22.52	22.52	12.60	1.93	0.08	2097150	0.0565
24.00	22.75	0.76	11.45	11.30	0.00	9.90	3.24	3.24	6.45	2.06	0.08	2097150	0.0922
31.52	30.29	0.77	11.20	19.08	0.00	9.07	4.27	4.27	7.08	2.12	0.06	2097150	0.0692
31.50	30.26	0.75	16.56	13.69	0.00	8.50	10.83	10.83	8.23	2.08	0.09	2097150	0.0693
27.03	25.76	0.78	13.37	12.37	0.00	10.06	5.99	5.99	6.97	2.06	0.09	2097150	0.0814
37.33	36.05	0.78	22.10	13.94	0.00	7.65	18.08	18.08	9.33	2.01	0.09	2097150	0.0582
31.58	30.30	0.78	17.94	12.35	0.00	8.95	11.76	11.76	7.27	2.05	0.09	2097150	0.0692
55.94	54.62	0.84	40.47	14.14	0.00	7.23	37.05	37.05	10.22	1.91	0.08	2097150	0.0384
24.79	23.56	0.75	12.06	11.50	0.00	9.74	4.22	4.22	6.60	2.04	0.08	2097150	0.0890
27.58	26.33	0.76	13.13	13.19	0.00	8.38	7.80	7.80	7.93	2.09	0.09	2097150	0.0797
28.54	27.26	0.79	15.62	11.63	0.00	9.76	8.72	8.72	6.61	2.05	0.10	2097150	0.0769
32.72	31.18	1.02	19.23	11.95	0.00	9.71	12.98	12.98	6.56	2.03	0.11	2097150	0.0673
111.76	110.50	0.77	97.07	13.42	0.00	7.41	94.91	94.91	11.58	1.82	0.08	2097150	0.0190
24.14	22.89	0.77	12.48	10.40	0.00	10.92	3.57	3.57	5.51	2.07	0.08	2097150	0.0916
55.12	53.85	0.77	40.31	13.53	0.00	7.26	37.87	37.87	10.16	1.91	0.09	2097150	0.0389
129.57	128.20	0.84	114.97	13.22	0.00	8.35	113.45	113.45	12.47	1.79	0.13	2097150	0.0164
24.42	23.17	0.76	12.33	10.83	0.00	10.47	3.85	3.85	6.01	2.03	0.09	2097150	0.0905
70.17	68.91	0.77	55.85	13.05	0.00	7.69	54.14	54.14	11.96	2.19	0.08	2097150	0.0304
26.47	25.23	0.76	12.97	12.26	0.00	8.91	5.90	5.90	7.36	2.07	0.08	2097150	0.0831
35.55	34.28	0.77	20.40	13.87	0.00	7.46	17.70	17.70	10.27	1.91	0.09	2097150	0.0612
90.66	89.38	0.80	76.59	12.78	0.00	9.09	75.19	75.19	12.72	1.78	0.08	2097150	0.0235
28.50	27.26	0.77	13.83	13.42	0.00	7.71	8.76	8.76	8.56	2.04	0.08	2097150	0.0769
61.05	59.80	0.76	47.03	12.77	0.00	10.52	45.99	45.99	13.07	1.80	0.08	2097150	0.0351
28.14	26.89	0.76	13.59	13.30	0.00	7.75	8.31	8.31	8.55	2.04	0.09	2097150	0.0780
27.11	25.85	0.77	12.34	13.51	0.00	8.12	7.27	7.27	8.11	2.11	0.09	2097150	0.0811
26.35	25.06	0.80	14.03	11.03	0.00	10.40	6.58	6.58	6.03	2.03	0.09	2097150	0.0837
120.20	118.92	0.77	106.11	12.80	0.00	8.50	104.35	104.35	12.19	1.80	0.08	2097150	0.0176
46.52	45.24	0.77	32.05	13.19	0.00	7.93	29.95	29.95	11.97	1.86	0.08	2097150	0.0464
35.26	34.04	0.75	21.12	12.91	0.00	7.74	18.86	18.86	12.03	1.85	0.08	2097150	0.0616
25.34	24.08	0.76	12.19	11.87	0.00	9.19	4.68	4.68	6.98	2.07	0.08	2097150	0.0871
25.10	23.85	0.75	11.96	11.89	0.00	9.18	4.49	4.49	7.04	2.05	0.08	2097150	0.0879
48.61	46.88	1.25	33.20	13.67	0.00	7.18	30.29	30.29	10.19	1.91	0.08	2097150	0.0447
24.29	22.90	0.91	12.69	10.20	0.00	11.24	3.69	3.69	5.40	2.02	0.09	2097150	0.0916
56.59	55.32	0.78	42.67	12.65	0.00	8.35	41.01	41.01	12.63	1.79	0.09	2097150	0.0379
34.35	33.09	0.77	19.75	13.33	0.00	7.26	16.86	16.86	10.87	1.86	0.08	2097150	0.0634
43.35	41.85	1.02	29.87	11.98	0.00	10.01	28.63	28.63	12.95	1.76	0.08	2097150	0.0501
26.10	24.75	0.77	13.15	11.59	0.00	9.80	5.79	5.79	6.56	2.12	0.18	2097150	0.0847
74.05	72.79	0.77	60.19	12.60	0.00	10.69	59.11	59.11	15.06	1.76	0.08	2097150	0.0288
38.47	37.23	0.75	24.11	13.11	0.00	7.44	21.78	21.78	11.73	1.83	0.09	2097150	0.0563
28.47	27.20	0.77	13.81	13.39	0.00	8.66	7.72	7.72	7.98	2.10	0.09	2097150	0.0771
25.41	24.09	0.83	12.49	11.60	0.00	10.09	4.80	4.80	6.38	2.25	0.09	2097150	0.0871
57.95	56.69	0.76	43.58	13.11	0.00	7.31	41.20	41.20	11.59	1.83	0.08	2097150	0.0370
44.38	43.13	0.77	30.78	12.35	0.00	10.79	29.56	29.56	13.33	1.76	0.08	2097150	0.0486
31.74	30.49	0.77	17.43	13.05	0.00	7.44	14.93	14.93	11.74	1.85	0.09	2097150	0.0688
26.65	25.36	0.77	11.57	13.78	0.00	7.91	5.97	5.97	8.24	2.15	0.13	2097150	0.0827
58.19	56.94	0.77	44.32	12.61	0.00	8.75	42.76	42.76	12.68	1.82	0.08	2097150	0.0368
28.01	26.78	0.75	12.90	13.88	0.00	7.75	7.95	7.95	8.59	2.09	0.08	2097150	0.0783
25.22	23.91	0.76	11.75	12.14	0.00	9.43	4.66	4.66	6.87	2.07	0.08	2097150	0.0877
26.36	25.09	0.77	13.58	11.51	0.00	9.89	6.16	6.16	6.54	2.04	0.09	2097150	0.0836
34.94	33.66	0.77	20.00	13.66	0.00	7.63	15.86	15.86	8.62	2.04	0.10	2097150	0.0623
77.98	76.72	0.78	63.70	13.01	0.00	7.63	61.67	61.67	11.88	1.82	0.08	2097150	0.0273
46.20	44.88	0.83	32.31	12.56	0.00	8.64	30.62	30.62	12.74	1.78	0.08	2097150	0.0467
34.78	33.54	0.75	20.67	12.86	0.00	8.04	18.65	18.65	12.30	1.79	0.08	2097150	0.0625
34.19	32.95	0.75	19.20	13.75	0.00	7.81	14.66	14.66	9.25	2.07	0.09	2097150	0.0636
24.67	23.42	0.77	12.58	10.83	0.00	10.52	4.36	4.36	5.99	2.11	0.08	2097150	0.0896
58.03	56.71	0.84	43.62	13.08	0.00	7.48	41.33	41.33	11.63	1.83	0.08	2097150	0.0370
41.90	40.66	0.77	28.59	12.06	0.00	8.81	27.04	27.04	12.76	1.82	0.08	2097150	0.0516
32.22	30.98	0.76	17.90	13.07	0.00	7.73	15.62	15.62	12.11	1.89	0.08	2097150	0.0677
42.47	41.23	0.76	28.40	12.82	0.00	7.86	26.86	26.86	12.07	1.81	0.08	2097150	0.0509
29.25	27.95	0.80	15.60	12.35	0.00	8.95	9.24	9.24	7.16	2.09	0.09	2097150	0.0750
67.18	65.92	0.79	52.43	13.49	0.00	7.33	49.75	49.75	10.93	1.86	0.08	2097150	0.0318
46.35	45.11	0.76	32.70	12.40	0.00	8.92	31.08	31.08	12.96	1.81	0.08	2097150	0.0465
25.39	24.14	0.77	11.86	12.28	0.00	8.71	4.87	4.87	7.38	2.09	0.08	2097150	0.0869
47.29	45.75	1.05	33.43	12.31	0.00	9.36	32.48	32.48	12.68	1.77	0.08	2097150	0.0458
49.68	48.43	0.77	34.42	14.00	0.00	7.20	31.26	31.26	10.07	1.90	0.08	2097150	0.0433
33.55	32.31	0.76	18.57	13.73	0.00	7.25	15.15	15.15	10.21	1.89	0.08	2097150	0.0649
41.19	39.56	1.15	26.58	12.97	0.00	7.54	24.34	24.34	11.71	1.83	0.08	2097150	0.0530
46.79	45.54	0.76	32.97	12.56	0.00	8.11	31.35	31.35	12.59	1.80	0.08	2097150	0.0461
28.17	26.91	0.77	14.06	12.84	0.00	8.84	7.61	7.61	7.59	2.30	0.09	2097150	0.0779
41.50	40.24	0.77	26.63	13.60	0.00	7.53	23.35	23.35	10.16	1.92	0.09	2097150	0.0521
64.98	63.65	0.84	50.90	12.75	0.00	8.08	49.36	49.36	12.09	1.81	0.08	2097150	0.0329
26.31	25.00	0.77	13.31	11.69	0.00	9.51	5.88	5.88	6.85	2.04	0.09	2097150	0.0839
80.41	79.15	0.77	66.46	12.69	0.00	9.11	65.07	65.07	12.79	1.77	0.08	2097150	0.0265
35.27	33.78	0.75	20.15	13.62	0.00	7.34	16.74	16.74	10.05	1.96	0.34	2097150	0.0621
27.01	25.76	0.77	13.74	12.01	0.00	9.35	6.58	6.58	6.91	2.07	0.08	2097150	0.0814
30.15	28.88	0.77	16.09	12.79	0.00	8.56	10.11	10.11	7.68	2.20	0.09	2097150	0.0726
25.31	24.07	0.76	13.00	11.06	0.00	10.45	5.04	5.04	6.02	2.04	0.09	2097150	0.0871
SCALE: 16
nvtx: 65536
edgefactor: 16
terasize: 1.67772159999999997e-05
A: 5.69999999999999951e-01
B: 1.90000000000000002e-01
C: 1.90000000000000002e-01
D: 5.00000000000000444e-02
generation_time: 0.00000000000000000e+00
construction_time: 7.88744000000000001e-01
nbfs: 100
min_time: 2.35179998874664314e-02
firstquartile_time: 2.65590000748634342e-02
median_time: 3.39284999966621426e-02
thirdquartile_time: 5.32672500312328379e-02
max_time: 2.64013000011444066e-01
mean_time: 4.48955000162124737e-02
stddev_time: 3.26601065188657502e-02
min_nedge: 1.00000000000000000e+00
firstquartile_nedge: 1.04856600000000000e+06
median_nedge: 1.04856600000000000e+06
thirdquartile_nedge: 1.04856600000000000e+06
max_nedge: 1.04856600000000000e+06
mean_nedge: 1.03808034999999998e+06
stddev_nedge: 1.04856500000000000e+05
min_TEPS: 3.78769227256481100e+00
firstquartile_TEPS: 2.19438800665517338e+07
median_TEPS: 3.11926534796133935e+07
thirdquartile_TEPS: 3.99889770646635816e+07
max_TEPS: 4.45856792676837146e+07
harmonic_mean_TEPS: 3.78763445911508597e+02
harmonic_stddev_TEPS: 3.80665717106740942e+02
