[BASH] Running the Hybrid graph500 for scale 21
file:/dev/null	benchmark:GRAPH500	vertices:2097152	edges:67108862	partitioning:LOW	platform:HYBRID	alpha:50	repeat:1	gpu_count:1	thread_count:1	thread_sched:GUIDED	thread_bind:false	gpu_graph_mem:DEVICE	gpu_par_randomized:false	sorted:false	edge_sort_key:id	edge_order:asc	separate_singletons:false	lambda:0Initializing the shares for Hybrid platform.
	time_init:11024.12	time_par:471.59	rmt_vertex:51	rmt_edge:51	beta:2	pid0:1,50,50,26	pid1:99,50,1,26	
total	exec	init	comp	comm	finalize	cpu_comp	gpu_comp	gpu_total_comp	scatter	gather	aggr	trv_edges	exec_rate
726.99	709.53	6.57	476.87	232.65	0.00	302.88	196.36	196.36	181.39	45.11	0.25	67108862	0.0946
1237.35	1219.76	6.37	975.23	244.52	0.00	419.06	881.76	881.76	337.11	39.57	0.63	67108862	0.0550
1218.28	1200.35	6.73	923.81	276.53	0.00	278.39	781.98	781.98	268.33	41.71	0.62	67108862	0.0559
694.75	677.02	6.62	450.99	226.02	0.00	306.98	168.06	168.06	173.00	44.88	0.61	67108862	0.0991
764.41	746.58	6.61	467.32	279.26	0.00	264.73	255.18	255.18	227.90	46.31	0.63	67108862	0.0899
1212.65	1195.01	6.37	947.50	247.50	0.00	405.94	852.37	852.37	332.53	39.70	0.62	67108862	0.0562
754.21	736.65	6.29	457.08	279.55	0.00	263.19	242.97	242.97	228.87	46.16	0.62	67108862	0.0911
1047.81	1030.30	6.29	743.33	286.96	0.00	262.47	581.21	581.21	255.76	43.03	0.62	67108862	0.0651
642.82	624.95	6.62	367.26	257.68	0.00	281.42	118.83	118.83	203.86	46.50	0.64	67108862	0.1074
909.46	887.86	10.48	580.36	307.50	0.00	280.78	377.34	377.34	262.88	44.99	0.62	67108862	0.0756
1327.49	1309.98	6.32	1037.94	272.03	0.00	293.45	907.35	907.35	278.34	41.30	0.61	67108862	0.0512
1024.18	1006.77	6.28	745.47	261.29	0.00	276.51	500.04	500.04	206.30	46.50	0.63	67108862	0.0667
1149.83	1131.93	6.70	878.61	253.31	0.00	373.29	774.62	774.62	320.24	41.10	0.62	67108862	0.0593
1025.39	1007.90	6.29	747.69	260.19	0.00	278.24	501.36	501.36	203.51	46.27	0.63	67108862	0.0666
876.81	856.47	9.23	495.31	361.15	0.00	276.63	276.33	276.33	308.09	45.93	0.61	67108862	0.0784
746.65	729.16	6.28	451.13	278.02	0.00	265.01	235.91	235.91	227.29	46.33	0.62	67108862	0.0920
960.73	942.81	6.65	654.34	288.46	0.00	258.79	476.87	476.87	249.00	43.76	0.62	67108862	0.0712
697.27	679.48	6.59	455.31	224.16	0.00	302.23	176.00	176.00	171.56	44.78	0.62	67108862	0.0988
1124.40	1106.57	6.59	849.81	256.75	0.00	356.42	742.18	742.18	318.32	41.51	0.62	67108862	0.0606
640.78	622.99	6.60	364.83	258.15	0.00	282.56	114.95	114.95	204.03	46.33	0.62	67108862	0.1077
730.08	712.66	6.29	478.15	234.50	0.00	304.33	199.94	199.94	179.67	45.23	0.61	67108862	0.0942
969.57	951.70	6.68	695.28	256.41	0.00	281.34	444.68	444.68	200.42	46.34	0.61	67108862	0.0705
958.82	941.05	6.59	687.70	253.35	0.00	283.99	430.92	430.92	198.27	45.97	0.62	67108862	0.0713
887.61	870.05	6.30	581.20	288.83	0.00	255.91	392.21	392.21	242.75	44.54	0.63	67108862	0.0771
951.90	934.08	6.62	661.34	272.73	0.00	291.93	529.52	529.52	280.23	41.58	0.63	67108862	0.0718
1008.51	990.94	6.37	704.59	286.35	0.00	261.38	535.87	535.87	252.74	43.43	0.63	67108862	0.0677
1215.17	1197.26	6.72	919.83	277.42	0.00	279.36	777.72	777.72	268.73	41.97	0.62	67108862	0.0561
743.63	725.94	6.60	508.93	217.00	0.00	310.30	219.57	219.57	165.30	43.99	0.59	67108862	0.0924
967.52	949.64	6.70	661.45	288.18	0.00	259.50	486.53	486.53	249.37	43.97	0.62	67108862	0.0707
965.08	947.52	6.30	657.90	289.62	0.00	258.80	480.77	480.77	246.95	43.77	0.62	67108862	0.0708
1141.53	1124.01	6.32	870.14	253.86	0.00	368.33	765.93	765.93	321.46	41.36	0.61	67108862	0.0597
1096.53	1078.74	6.66	793.37	285.36	0.00	264.28	638.64	638.64	258.90	42.86	0.61	67108862	0.0622
1275.04	1257.39	6.41	1013.03	244.35	0.00	437.17	924.47	924.47	340.52	39.36	0.63	67108862	0.0534
1275.80	1258.05	6.64	982.70	275.34	0.00	284.84	848.34	848.34	269.52	41.67	0.61	67108862	0.0533
1279.16	1258.79	9.14	1013.63	245.15	0.00	485.40	917.63	917.63	350.46	39.45	0.62	67108862	0.0533
1308.52	1290.66	6.63	1018.64	272.01	0.00	290.52	887.51	887.51	276.94	41.57	0.62	67108862	0.0520
1181.68	1164.04	6.41	907.22	256.82	0.00	388.90	799.81	799.81	329.44	40.50	0.62	67108862	0.0577
1204.50	1186.66	6.59	908.68	277.97	0.00	276.55	766.60	766.60	266.22	41.91	0.65	67108862	0.0566
1349.54	1331.99	6.44	1054.05	277.93	0.00	300.82	918.00	918.00	280.01	41.36	0.61	67108862	0.0504
648.80	630.92	6.66	372.37	258.54	0.00	282.65	120.37	120.37	203.00	46.14	0.62	67108862	0.1064
1361.68	1344.20	6.29	1096.28	247.90	0.00	471.25	1006.08	1006.08	348.24	39.27	0.62	67108862	0.0499
1083.48	1065.99	6.30	806.60	259.38	0.00	340.34	692.81	692.81	309.48	40.92	0.69	67108862	0.0630
1185.73	1160.35	14.19	908.33	252.01	0.00	406.53	796.69	796.69	399.38	40.70	0.61	67108862	0.0578
1268.83	1249.04	6.58	1004.36	244.67	0.00	433.14	913.63	913.63	338.34	39.43	2.63	67108862	0.0537
792.74	774.90	6.71	491.05	283.84	0.00	259.35	284.32	284.32	232.88	45.74	0.62	67108862	0.0866
1017.66	999.83	6.62	740.45	259.38	0.00	279.18	495.53	495.53	205.45	46.16	0.62	67108862	0.0671
1040.16	1022.36	6.60	757.24	265.11	0.00	319.62	639.12	639.12	297.51	41.32	0.62	67108862	0.0656
938.75	920.87	6.66	633.51	287.35	0.00	259.13	453.79	453.79	246.98	44.15	0.62	67108862	0.0729
1047.51	1029.64	6.69	765.89	263.74	0.00	322.27	648.76	648.76	299.31	41.46	0.61	67108862	0.0652
1304.05	1286.27	6.65	1038.23	248.03	0.00	458.14	944.97	944.97	345.30	39.65	0.62	67108862	0.0522
753.73	736.23	6.30	456.57	279.65	0.00	262.50	241.15	241.15	229.27	46.04	0.63	67108862	0.0912
1329.13	1309.05	8.87	1034.35	274.69	0.00	327.88	896.65	896.65	279.31	41.53	0.62	67108862	0.0513
1155.21	1137.61	6.39	885.03	252.57	0.00	375.87	782.59	782.59	324.84	41.21	0.62	67108862	0.0590
1013.57	996.07	6.36	737.10	258.97	0.00	279.38	489.45	489.45	202.47	46.48	0.63	67108862	0.0674
1402.90	1385.00	6.67	1117.52	267.47	0.00	304.60	992.60	992.60	287.86	41.08	0.64	67108862	0.0485
1160.92	1143.14	6.59	891.34	251.79	0.00	377.08	789.11	789.11	325.56	40.60	0.62	67108862	0.0587
881.71	863.84	6.67	612.34	251.49	0.00	285.80	353.11	353.11	195.68	45.85	0.62	67108862	0.0777
779.07	761.49	6.36	522.92	238.56	0.00	298.69	249.97	249.97	183.94	45.49	0.62	67108862	0.0881
1066.17	1048.35	6.64	760.93	287.41	0.00	262.71	600.53	600.53	256.16	42.64	0.62	67108862	0.0640
1192.31	1174.46	6.65	894.23	280.22	0.00	275.72	749.80	749.80	264.66	42.09	0.63	67108862	0.0571
969.51	951.65	6.66	679.41	272.23	0.00	295.64	549.27	549.27	280.66	41.86	0.62	67108862	0.0705
677.59	660.11	6.40	446.17	213.94	0.00	329.14	139.54	139.54	161.15	43.77	0.59	67108862	0.1017
780.17	762.72	6.33	480.78	281.92	0.00	261.42	271.24	271.24	230.44	45.81	0.62	67108862	0.0880
701.14	683.29	6.68	473.36	209.92	0.00	319.37	175.27	175.27	157.86	43.74	0.60	67108862	0.0982
731.21	713.37	6.66	492.51	220.85	0.00	323.20	190.51	190.51	167.48	44.05	0.60	67108862	0.0941
1010.45	992.65	6.60	705.88	286.76	0.00	263.66	538.37	538.37	251.41	43.69	0.61	67108862	0.0676
793.45	775.60	6.60	535.92	239.67	0.00	297.80	262.73	262.73	185.07	45.39	0.63	67108862	0.0865
681.47	660.94	9.39	382.06	278.87	0.00	294.33	124.97	124.97	225.04	46.42	0.62	67108862	0.1015
703.74	686.25	6.29	412.78	273.45	0.00	267.83	183.40	183.40	217.18	46.71	0.63	67108862	0.0978
937.44	919.59	6.59	632.02	287.56	0.00	260.09	450.74	450.74	247.31	43.83	0.62	67108862	0.0730
687.12	669.28	6.67	447.63	221.65	0.00	320.70	151.41	151.41	168.06	44.19	0.60	67108862	0.1003
635.34	617.48	6.66	411.10	206.37	0.00	326.38	105.64	105.64	154.79	43.92	0.60	67108862	0.1087
1016.73	998.95	6.60	711.21	287.74	0.00	262.45	544.46	544.46	252.04	43.35	0.67	67108862	0.0672
803.73	785.92	6.63	500.76	285.15	0.00	258.62	295.63	295.63	234.15	45.63	0.61	67108862	0.0854
728.87	711.42	6.35	482.23	229.18	0.00	323.55	181.86	181.86	174.26	44.31	0.60	67108862	0.0943
1191.53	1174.03	6.28	893.04	280.97	0.00	275.62	748.58	748.58	262.66	42.00	0.63	67108862	0.0572
1287.14	1269.29	6.64	1024.57	244.71	0.00	442.25	936.20	936.20	339.89	39.31	0.61	67108862	0.0529
776.96	759.18	6.65	473.97	285.20	0.00	260.08	264.76	264.76	233.31	46.31	0.62	67108862	0.0884
1244.43	1226.58	6.59	949.38	277.20	0.00	281.23	812.45	812.45	271.33	41.83	0.62	67108862	0.0547
708.32	690.79	6.35	459.90	230.88	0.00	307.95	177.91	177.91	176.83	45.06	0.62	67108862	0.0971
957.27	939.37	6.71	651.86	287.49	0.00	260.67	474.11	474.11	248.07	43.80	0.62	67108862	0.0714
1248.83	1231.28	6.30	955.84	275.43	0.00	282.93	819.81	819.81	271.49	41.80	0.62	67108862	0.0545
671.58	653.77	6.63	436.83	216.94	0.00	327.39	130.77	130.77	164.03	43.63	0.60	67108862	0.1026
1016.82	999.24	6.41	732.84	266.39	0.00	312.51	609.05	609.05	293.33	41.23	0.62	67108862	0.0672
1134.19	1116.36	6.58	859.69	256.66	0.00	360.10	752.96	752.96	322.59	41.17	0.64	67108862	0.0601
977.21	959.49	6.49	706.48	253.00	0.00	272.02	467.58	467.58	200.15	46.36	0.64	67108862	0.0699
1173.00	1155.18	6.68	873.72	281.45	0.00	271.46	728.30	728.30	263.23	42.19	0.64	67108862	0.0581
676.80	658.96	6.60	452.01	206.95	0.00	324.55	148.60	148.60	155.61	43.54	0.62	67108862	0.1018
746.78	728.91	6.67	450.97	277.93	0.00	263.83	234.43	234.43	227.28	45.91	0.62	67108862	0.0921
1206.02	1188.41	6.36	900.76	287.64	0.00	281.41	751.09	751.09	265.37	41.99	0.63	67108862	0.0565
1027.34	1009.42	6.68	744.21	265.20	0.00	316.85	623.90	623.90	297.07	41.49	0.62	67108862	0.0665
879.87	862.27	6.36	574.69	287.56	0.00	258.46	384.98	384.98	242.09	44.67	0.62	67108862	0.0778
1255.14	1237.34	6.65	992.33	245.00	0.00	428.48	900.33	900.33	337.58	39.65	0.62	67108862	0.0542
791.22	773.70	6.29	544.61	229.08	0.00	298.23	271.59	271.59	175.65	45.40	0.64	67108862	0.0867
1208.04	1190.57	6.36	936.02	254.54	0.00	400.05	845.34	845.34	331.46	39.92	0.61	67108862	0.0564
710.97	691.61	8.28	476.82	214.78	0.00	398.15	104.73	104.73	158.21	45.83	0.60	67108862	0.0970
656.27	638.82	6.30	438.18	200.64	0.00	328.54	131.38	131.38	149.29	43.60	0.60	67108862	0.1051
646.26	628.47	6.60	422.19	206.28	0.00	324.90	118.90	118.90	154.65	43.75	0.60	67108862	0.1068
1083.24	1065.73	6.31	804.53	261.20	0.00	364.34	691.14	691.14	314.06	41.37	0.62	67108862	0.0630
982.94	965.43	6.29	674.73	290.69	0.00	257.08	502.29	502.29	253.39	43.59	0.62	67108862	0.0695
SCALE: 21
nvtx: 2097152
edgefactor: 16
terasize: 5.36870911999999989e-04
A: 5.69999999999999951e-01
B: 1.90000000000000002e-01
C: 1.90000000000000002e-01
D: 5.00000000000000444e-02
generation_time: 0.00000000000000000e+00
construction_time: 4.39824339899999970e+01
nbfs: 100
min_time: 6.24135999917983963e-01
firstquartile_time: 7.45500750035047455e-01
median_time: 9.84516499996185290e-01
thirdquartile_time: 1.17886699989438037e+00
max_time: 1.39166600012779229e+00
mean_time: 9.67117389996051124e-01
stddev_time: 2.21636236602033354e-01
min_nedge: 3.35540490000000000e+07
firstquartile_nedge: 3.35540490000000000e+07
median_nedge: 3.35540490000000000e+07
thirdquartile_nedge: 3.35540490000000000e+07
max_nedge: 3.35540490000000000e+07
mean_nedge: 3.35540490000000000e+07
stddev_nedge: 0.00000000000000000e+00
min_TEPS: 2.41107054400400929e+07
firstquartile_TEPS: 2.87206053451772556e+07
median_TEPS: 3.48735964054275006e+07
thirdquartile_TEPS: 4.55089563566411734e+07
max_TEPS: 5.37607973332883343e+07
harmonic_mean_TEPS: 3.46949081332690790e+07
harmonic_stddev_TEPS: 7.99115803134025773e+05
