[BASH] Running the hybrid graph500 for scale 19 with sorted edges
file:/dev/null	benchmark:GRAPH500	vertices:524288	edges:16777214	partitioning:RANDOM	platform:HYBRID	alpha:50	repeat:1	gpu_count:1	thread_count:4	thread_sched:GUIDED	thread_bind:false	gpu_graph_mem:DEVICE	gpu_par_randomized:false	sorted:false	edge_sort_key:degree	edge_order:asc	separate_singletons:false	lambda:0Initializing the shares for Hybrid platform.
	time_init:1952.49	time_par:177.14	rmt_vertex:54	rmt_edge:50	beta:2	pid0:50,50,27,25	pid1:50,50,27,25	
total	exec	init	comp	comm	finalize	cpu_comp	gpu_comp	gpu_total_comp	scatter	gather	aggr	trv_edges	exec_rate
300.63	280.79	2.16	246.87	33.91	0.00	71.32	235.54	235.54	13.16	7.71	0.28	16777214	0.0597
221.07	201.38	2.13	176.67	24.70	0.00	76.36	167.38	167.38	8.62	7.15	0.28	16777214	0.0833
193.23	172.90	2.85	147.85	25.03	0.00	74.68	136.31	136.31	8.60	6.93	0.29	16777214	0.0970
292.52	272.06	2.80	245.66	26.39	0.00	86.92	231.89	231.89	6.01	6.96	0.28	16777214	0.0617
154.77	134.43	3.78	106.01	28.41	0.00	64.60	94.60	94.60	13.77	6.85	0.59	16777214	0.1248
142.31	122.81	2.23	83.96	38.83	0.00	70.62	69.22	69.22	18.53	6.39	0.59	16777214	0.1366
143.25	124.16	2.22	96.18	27.96	0.00	62.42	82.43	82.43	13.75	6.72	0.60	16777214	0.1351
139.83	121.46	2.97	84.96	36.49	0.00	75.67	65.92	65.92	20.62	6.45	0.29	16777214	0.1381
142.66	122.62	2.47	96.57	26.03	0.00	70.79	85.68	85.68	10.58	6.19	0.34	16777214	0.1368
150.74	130.46	3.13	96.25	34.20	0.00	70.17	82.42	82.42	15.35	6.63	1.05	16777214	0.1286
757.28	736.35	3.01	705.99	30.34	0.00	135.40	666.13	666.13	6.45	9.49	0.61	16777214	0.0228
218.94	198.50	3.00	168.74	29.74	0.00	68.87	158.71	158.71	11.24	6.20	0.56	16777214	0.0845
191.35	172.41	2.27	142.17	30.23	0.00	87.11	132.44	132.44	21.34	6.84	0.47	16777214	0.0973
286.58	267.22	2.58	243.01	24.20	0.00	78.66	231.05	231.05	6.27	5.78	0.61	16777214	0.0628
144.37	124.26	2.64	91.64	32.60	0.00	69.17	82.05	82.05	14.74	6.42	0.61	16777214	0.1350
162.91	144.48	2.28	113.88	30.59	0.00	68.24	104.18	104.18	11.36	7.47	0.55	16777214	0.1161
142.45	122.73	3.01	94.34	28.37	0.00	78.82	74.13	74.13	10.17	6.34	0.61	16777214	0.1367
378.33	357.50	3.16	330.12	27.37	0.00	117.77	311.58	311.58	5.62	7.11	0.62	16777214	0.0469
183.96	164.55	2.74	134.65	29.88	0.00	69.21	123.29	123.29	9.63	7.48	0.57	16777214	0.1020
146.61	126.74	2.24	96.20	30.52	0.00	81.42	82.90	82.90	17.99	6.03	0.48	16777214	0.1324
366.31	346.08	2.55	323.18	22.89	0.00	107.52	303.28	303.28	4.71	7.48	0.46	16777214	0.0485
146.86	127.11	3.22	93.15	33.95	0.00	69.32	79.80	79.80	14.10	6.92	0.56	16777214	0.1320
1071.75	1050.55	3.00	1026.38	24.16	0.00	191.69	1011.20	1011.20	6.66	6.98	0.56	16777214	0.0160
137.89	118.37	1.94	89.96	28.40	0.00	68.66	78.84	78.84	10.55	7.69	0.45	16777214	0.1417
162.23	143.26	2.21	120.57	22.68	0.00	80.03	103.81	103.81	5.99	6.58	0.62	16777214	0.1171
164.14	145.46	2.25	114.91	30.55	0.00	74.81	93.25	93.25	9.81	7.19	0.55	16777214	0.1153
226.37	206.80	2.99	183.48	23.30	0.00	77.56	168.05	168.05	4.49	7.13	0.55	16777214	0.0811
125.66	110.36	2.25	83.38	26.97	0.00	69.16	72.46	72.46	11.29	7.25	0.55	16777214	0.1520
127.10	108.36	1.11	86.95	21.40	0.00	64.04	80.09	80.09	5.84	6.16	0.45	16777214	0.1548
141.80	121.76	2.28	85.89	35.84	0.00	69.46	70.87	70.87	16.57	6.84	0.59	16777214	0.1378
787.09	767.88	3.00	740.31	27.55	0.00	172.48	717.63	717.63	7.15	9.17	0.56	16777214	0.0218
287.95	269.58	3.29	247.29	22.28	0.00	82.69	231.09	231.09	4.36	9.19	0.45	16777214	0.0622
211.76	190.44	3.00	155.26	35.17	0.00	77.03	138.81	138.81	11.13	6.93	0.82	16777214	0.0881
2283.87	2250.07	2.99	2232.83	17.23	0.00	237.49	2210.81	2210.81	5.34	3.59	0.51	16777214	0.0075
147.27	127.01	2.32	88.98	38.01	0.00	69.14	78.93	78.93	17.20	6.62	0.45	16777214	0.1321
138.79	118.93	2.99	92.88	26.04	0.00	68.33	82.38	82.38	11.20	6.92	0.56	16777214	0.1411
149.91	130.26	2.26	92.46	37.78	0.00	74.29	76.32	76.32	15.00	6.77	0.56	16777214	0.1288
141.68	121.01	2.96	86.21	34.79	0.00	78.22	63.54	63.54	16.19	6.84	0.46	16777214	0.1386
146.46	127.04	2.24	95.00	32.03	0.00	75.81	80.33	80.33	16.87	6.12	0.53	16777214	0.1321
249.48	229.00	2.90	203.31	25.66	0.00	83.51	189.97	189.97	6.24	6.47	0.46	16777214	0.0733
194.71	174.32	2.26	146.71	27.60	0.00	75.62	135.73	135.73	9.38	5.51	0.46	16777214	0.0962
335.16	314.17	3.11	289.39	24.76	0.00	109.05	271.83	271.83	6.37	7.22	0.63	16777214	0.0534
571.23	549.94	3.11	520.06	29.87	0.00	135.80	494.46	494.46	5.38	14.37	0.58	16777214	0.0305
300.48	278.85	3.78	252.31	26.53	0.00	90.27	237.59	237.59	6.51	6.81	0.50	16777214	0.0602
565.70	547.41	2.34	521.17	26.23	0.00	159.46	483.72	483.72	6.35	6.34	0.47	16777214	0.0306
422.09	400.87	3.01	368.55	32.31	0.00	123.80	338.71	338.71	6.17	11.89	0.80	16777214	0.0419
164.14	143.47	2.98	110.08	33.38	0.00	64.49	99.69	99.69	12.99	7.42	0.61	16777214	0.1169
562.82	540.94	4.02	513.48	27.45	0.00	148.00	484.96	484.96	6.57	6.72	0.57	16777214	0.0310
215.00	195.90	2.54	170.52	25.37	0.00	79.41	155.18	155.18	4.58	7.21	0.55	16777214	0.0856
146.70	127.00	2.29	93.94	33.05	0.00	64.19	74.97	74.97	16.41	6.68	0.61	16777214	0.1321
141.49	120.49	3.49	85.59	34.88	0.00	72.63	63.87	63.87	14.03	6.55	0.55	16777214	0.1392
147.20	127.23	3.58	97.46	29.76	0.00	63.92	87.20	87.20	13.75	6.14	0.62	16777214	0.1319
135.09	115.03	3.00	87.41	27.60	0.00	65.09	76.94	76.94	11.57	6.27	0.47	16777214	0.1458
141.15	121.74	1.84	95.37	26.35	0.00	69.09	82.35	82.35	9.74	7.03	0.45	16777214	0.1378
132.75	119.35	2.59	100.07	19.27	0.00	63.52	90.11	90.11	6.08	5.03	0.25	16777214	0.1406
139.55	119.85	2.33	94.30	25.53	0.00	62.67	83.56	83.56	10.82	6.72	0.44	16777214	0.1400
132.04	112.78	2.86	85.11	27.66	0.00	65.56	67.71	67.71	12.74	6.44	0.56	16777214	0.1488
134.64	114.91	2.97	88.30	26.60	0.00	72.82	70.75	70.75	9.91	6.20	0.62	16777214	0.1460
533.95	513.16	3.17	486.54	26.61	0.00	140.34	450.02	450.02	6.22	7.62	0.48	16777214	0.0327
164.91	145.65	3.00	117.34	28.30	0.00	71.12	107.06	107.06	11.58	6.92	0.81	16777214	0.1152
257.99	237.59	2.76	214.29	23.29	0.00	81.04	201.31	201.31	4.57	6.76	0.45	16777214	0.0706
144.61	124.31	1.92	93.92	30.37	0.00	66.24	76.58	76.58	14.05	6.49	0.69	16777214	0.1350
190.17	166.63	6.65	131.54	35.07	0.00	86.54	114.27	114.27	20.62	7.41	0.62	16777214	0.1007
838.18	816.47	3.43	785.78	30.68	0.00	160.82	759.27	759.27	7.00	7.48	0.63	16777214	0.0205
330.94	309.43	2.10	282.26	27.15	0.00	88.79	269.37	269.37	7.87	7.46	0.48	16777214	0.0542
147.58	127.75	2.25	96.65	31.09	0.00	62.14	77.24	77.24	14.30	6.10	0.57	16777214	0.1313
140.87	120.61	2.70	103.35	17.24	0.00	45.89	91.91	91.91	2.80	3.73	0.59	16777214	0.1391
167.83	147.57	3.09	117.35	30.21	0.00	68.57	103.49	103.49	10.94	6.62	0.62	16777214	0.1137
149.94	129.47	2.64	103.24	26.22	0.00	67.73	94.22	94.22	10.48	5.86	0.52	16777214	0.1296
128.47	108.09	2.75	77.56	30.52	0.00	69.55	56.82	56.82	13.26	6.73	0.45	16777214	0.1552
130.33	111.48	2.26	84.76	26.71	0.00	66.83	74.54	74.54	12.97	6.72	0.55	16777214	0.1505
270.92	253.53	2.25	229.93	23.59	0.00	86.30	217.61	217.61	6.32	7.01	0.56	16777214	0.0662
1193.66	1172.86	3.18	1144.25	28.59	0.00	188.88	1100.44	1100.44	7.52	8.67	0.48	16777214	0.0143
460.51	441.21	2.23	417.01	24.19	0.00	118.27	384.47	384.47	4.15	7.39	0.61	16777214	0.0380
192.60	172.27	2.26	140.74	31.52	0.00	61.33	131.41	131.41	14.33	6.49	0.45	16777214	0.0974
144.09	123.78	2.26	88.47	35.30	0.00	72.60	74.84	74.84	17.72	6.79	0.45	16777214	0.1355
385.41	364.24	3.01	337.39	26.83	0.00	106.54	316.32	316.32	5.09	7.47	0.98	16777214	0.0461
507.84	486.76	3.05	451.20	35.55	0.00	83.64	429.09	429.09	6.71	11.14	0.60	16777214	0.0345
180.07	160.24	3.59	120.29	39.93	0.00	81.17	103.24	103.24	17.14	6.40	0.62	16777214	0.1047
150.59	131.38	2.47	100.40	30.96	0.00	80.36	85.99	85.99	16.89	6.04	0.46	16777214	0.1277
152.34	131.30	3.01	105.48	25.82	0.00	74.11	90.98	90.98	8.37	7.14	0.46	16777214	0.1278
131.96	120.83	2.29	95.17	25.65	0.00	44.12	91.63	91.63	11.63	3.42	0.42	16777214	0.1388
112.14	100.81	2.42	73.36	27.44	0.00	56.85	59.94	59.94	12.36	3.38	0.42	16777214	0.1664
153.58	132.89	3.06	103.40	29.48	0.00	78.49	95.12	95.12	21.69	6.79	0.47	16777214	0.1263
130.64	111.15	2.42	85.62	25.52	0.00	61.50	75.65	75.65	12.93	6.15	0.46	16777214	0.1509
332.37	314.54	2.72	289.68	24.85	0.00	106.90	269.59	269.59	6.42	7.49	0.55	16777214	0.0533
150.37	130.91	2.60	103.07	27.82	0.00	66.57	92.30	92.30	12.41	7.29	0.57	16777214	0.1282
160.78	142.09	1.70	112.96	29.11	0.00	70.94	101.72	101.72	10.91	7.43	0.56	16777214	0.1181
806.22	786.96	3.11	763.76	23.18	0.00	172.70	726.60	726.60	5.61	7.71	0.45	16777214	0.0213
159.07	141.49	1.71	108.82	32.66	0.00	65.65	96.96	96.96	15.34	7.04	0.47	16777214	0.1186
150.00	130.33	2.08	102.10	28.21	0.00	82.44	93.92	93.92	19.64	6.72	0.46	16777214	0.1287
154.20	133.41	3.14	105.77	27.62	0.00	80.37	96.96	96.96	18.84	5.87	0.57	16777214	0.1258
157.91	142.26	3.12	120.57	21.69	0.00	63.04	116.13	116.13	7.88	4.77	0.51	16777214	0.1179
153.80	134.09	2.66	114.98	19.10	0.00	66.05	98.68	98.68	3.74	5.82	0.47	16777214	0.1251
713.30	692.82	2.20	665.09	27.72	0.00	126.12	636.69	636.69	6.21	8.21	0.55	16777214	0.0242
195.12	175.00	2.20	147.58	27.41	0.00	72.60	143.73	143.73	17.82	5.97	0.57	16777214	0.0959
216.06	196.09	2.75	166.47	29.61	0.00	84.26	156.88	156.88	10.97	7.11	0.62	16777214	0.0856
161.28	141.79	2.56	116.23	25.55	0.00	76.76	101.93	101.93	8.66	6.60	0.61	16777214	0.1183
167.96	148.08	2.24	117.45	30.62	0.00	67.45	103.03	103.03	9.49	6.94	0.51	16777214	0.1133
166.28	147.41	1.86	121.72	25.67	0.00	69.17	112.45	112.45	11.06	6.81	0.60	16777214	0.1138
SCALE: 19
nvtx: 524288
edgefactor: 16
terasize: 1.34217727999999997e-04
A: 5.69999999999999951e-01
B: 1.90000000000000002e-01
C: 1.90000000000000002e-01
D: 5.00000000000000444e-02
generation_time: 0.00000000000000000e+00
construction_time: 4.74927866500000029e+00
nbfs: 100
min_time: 1.03233000040054326e-01
firstquartile_time: 1.26503749936819065e-01
median_time: 1.46607000052928926e-01
thirdquartile_time: 2.74360749959945693e-01
max_time: 2.25305999994277961e+00
mean_time: 2.59205689980983589e-01
stddev_time: 2.88434597540567328e-01
min_nedge: 1.00000000000000000e+00
firstquartile_nedge: 8.38851300000000000e+06
median_nedge: 8.38851300000000000e+06
thirdquartile_nedge: 8.38851300000000000e+06
max_nedge: 8.38851300000000000e+06
mean_nedge: 8.30462787999999989e+06
stddev_nedge: 8.38851200000000070e+05
min_TEPS: 4.43840820939254477e-01
firstquartile_TEPS: 3.15174240777667351e+07
median_TEPS: 5.76809635658350885e+07
thirdquartile_TEPS: 6.65289313680029809e+07
max_TEPS: 8.12580569851235896e+07
harmonic_mean_TEPS: 4.43840265135455994e+01
harmonic_stddev_TEPS: 4.46075686150218829e+01
