[BASH] Running the hybrid graph500 for scale 18 with sorted edges
file:/dev/null	benchmark:GRAPH500	vertices:262143	edges:8388606	partitioning:RANDOM	platform:HYBRID	alpha:50	repeat:1	gpu_count:1	thread_count:3	thread_sched:GUIDED	thread_bind:false	gpu_graph_mem:DEVICE	gpu_par_randomized:false	sorted:false	edge_sort_key:degree	edge_order:asc	separate_singletons:false	lambda:0Initializing the shares for Hybrid platform.
	time_init:935.11	time_par:84.95	rmt_vertex:57	rmt_edge:50	beta:2	pid0:50,49,28,25	pid1:50,51,28,25	
total	exec	init	comp	comm	finalize	cpu_comp	gpu_comp	gpu_total_comp	scatter	gather	aggr	trv_edges	exec_rate
141.92	134.92	0.82	109.22	25.69	0.00	26.88	106.80	106.80	0.78	2.33	0.19	8388606	0.0622
81.98	74.93	0.98	53.81	21.11	0.00	24.42	53.81	53.81	5.72	1.86	0.20	8388606	0.1119
67.11	60.23	0.87	47.75	12.47	0.00	25.55	46.95	46.95	2.72	1.83	0.19	8388606	0.1393
67.47	60.50	0.95	46.57	13.92	0.00	24.04	46.57	46.57	4.76	2.36	0.19	8388606	0.1387
146.92	139.94	0.93	121.49	18.44	0.00	24.93	121.49	121.49	4.61	1.85	0.21	8388606	0.0599
68.86	61.96	0.87	49.11	12.84	0.00	26.77	49.11	49.11	3.58	2.19	0.19	8388606	0.1354
782.19	765.07	0.87	742.56	22.50	0.00	77.34	722.18	722.18	7.08	5.98	0.20	8388606	0.0110
482.37	468.34	2.66	444.01	24.31	0.00	120.43	403.82	403.82	7.84	9.07	0.19	8388606	0.0179
477.08	456.31	2.64	426.56	29.74	0.00	78.67	401.78	401.78	9.52	7.06	0.49	8388606	0.0184
126.74	118.89	1.81	94.23	24.64	0.00	34.74	91.99	91.99	6.86	2.42	0.19	8388606	0.0706
302.53	282.77	1.00	260.14	22.62	0.00	59.25	241.28	241.28	3.76	5.92	0.97	8388606	0.0297
154.40	145.64	2.70	128.62	17.00	0.00	48.58	121.40	121.40	13.23	1.84	0.20	8388606	0.0576
102.30	95.24	0.97	76.06	19.16	0.00	26.75	70.95	70.95	3.25	1.83	0.19	8388606	0.0881
104.42	97.37	0.94	82.36	15.00	0.00	26.13	82.36	82.36	3.87	2.38	0.19	8388606	0.0862
95.81	88.87	0.94	78.36	10.50	0.00	32.06	77.33	77.33	1.04	2.20	0.18	8388606	0.0944
85.30	78.64	1.22	67.34	11.29	0.00	29.96	66.56	66.56	2.22	1.76	0.16	8388606	0.1067
707.01	694.63	0.73	671.22	23.39	0.00	121.29	629.59	629.59	7.52	6.06	0.38	8388606	0.0121
110.33	101.40	2.66	80.56	20.83	0.00	45.50	70.33	70.33	8.38	6.04	0.38	8388606	0.0827
414.30	401.74	1.12	378.33	23.40	0.00	102.46	344.56	344.56	5.81	7.21	0.37	8388606	0.0209
118.00	109.86	1.91	90.22	19.62	0.00	40.05	86.45	86.45	10.32	1.81	0.37	8388606	0.0764
123.51	116.53	0.93	99.42	17.09	0.00	25.36	99.42	99.42	4.17	1.84	0.19	8388606	0.0720
61.95	54.55	0.97	40.58	13.96	0.00	23.58	38.58	38.58	5.35	1.95	0.41	8388606	0.1538
53.33	46.09	1.21	32.39	13.69	0.00	23.01	31.89	31.89	5.12	1.94	0.19	8388606	0.1820
238.91	226.35	0.95	210.60	15.73	0.00	65.17	197.68	197.68	3.22	3.97	0.38	8388606	0.0371
120.53	111.57	2.89	95.47	16.09	0.00	42.69	90.44	90.44	5.96	3.12	0.19	8388606	0.0752
64.33	56.98	1.12	41.85	15.12	0.00	28.77	41.85	41.85	7.91	1.81	0.37	8388606	0.1472
150.12	143.14	0.98	132.27	10.86	0.00	39.71	131.75	131.75	1.07	2.09	0.18	8388606	0.0586
64.27	57.31	0.96	46.18	11.12	0.00	26.70	44.07	44.07	1.94	2.29	0.18	8388606	0.1464
66.06	58.87	0.98	44.38	14.48	0.00	21.98	44.38	44.38	5.76	1.94	0.36	8388606	0.1425
686.02	667.47	0.87	646.23	21.23	0.00	109.60	619.39	619.39	8.14	4.27	0.98	8388606	0.0126
120.39	112.40	1.97	94.41	17.97	0.00	44.57	86.35	86.35	4.38	3.49	0.19	8388606	0.0746
84.69	77.65	0.84	60.46	17.18	0.00	21.53	60.45	60.45	5.60	1.84	0.36	8388606	0.1080
410.61	393.17	0.90	369.31	23.85	0.00	100.12	337.15	337.15	8.12	6.73	0.35	8388606	0.0213
99.25	89.69	1.85	68.10	21.57	0.00	41.95	58.77	58.77	9.78	5.95	0.36	8388606	0.0935
167.25	154.62	0.99	136.12	18.48	0.00	45.22	126.73	126.73	4.39	3.55	0.37	8388606	0.0543
234.40	220.06	2.70	202.38	17.67	0.00	74.62	185.75	185.75	4.11	5.53	0.36	8388606	0.0381
182.50	168.97	1.87	151.35	17.61	0.00	63.23	138.80	138.80	5.07	5.29	0.37	8388606	0.0496
114.09	99.77	2.69	80.64	19.12	0.00	51.85	60.36	60.36	3.47	5.43	0.36	8388606	0.0841
415.19	399.05	2.66	371.28	27.76	0.00	87.29	337.79	337.79	6.70	6.53	0.38	8388606	0.0210
108.41	99.84	2.30	82.05	17.78	0.00	44.47	77.84	77.84	5.52	4.09	0.20	8388606	0.0840
814.27	802.91	0.95	778.27	24.62	0.00	116.08	746.41	746.41	6.78	7.78	0.40	8388606	0.0104
627.63	613.11	2.74	583.42	29.68	0.00	119.99	547.03	547.03	7.33	7.69	0.21	8388606	0.0137
134.65	121.00	2.74	90.46	30.52	0.00	53.76	77.27	77.27	13.46	5.40	0.63	8388606	0.0693
109.27	100.90	2.03	80.44	20.45	0.00	36.80	72.50	72.50	5.67	3.35	0.28	8388606	0.0831
63.52	56.24	0.93	42.67	13.55	0.00	24.87	42.67	42.67	4.69	2.23	0.19	8388606	0.1492
81.28	74.24	0.95	57.46	16.77	0.00	24.46	57.46	57.46	5.02	2.01	0.24	8388606	0.1130
62.18	54.60	1.35	35.92	18.66	0.00	26.22	31.67	31.67	6.00	1.90	0.25	8388606	0.1537
598.79	586.32	0.80	562.78	23.53	0.00	124.73	529.50	529.50	7.53	7.18	0.19	8388606	0.0143
135.08	121.10	1.88	95.31	25.78	0.00	50.18	77.79	77.79	11.60	5.19	0.37	8388606	0.0693
80.95	72.54	2.26	55.58	16.95	0.00	29.12	52.33	52.33	6.59	2.31	0.24	8388606	0.1156
100.87	93.64	1.12	74.46	19.17	0.00	23.02	74.46	74.46	5.37	1.90	0.25	8388606	0.0896
136.05	128.59	1.13	110.68	17.90	0.00	25.50	110.68	110.68	5.11	1.89	0.24	8388606	0.0652
152.49	145.04	1.39	131.89	13.13	0.00	39.32	131.89	131.89	2.29	2.18	0.25	8388606	0.0578
90.03	82.55	1.22	61.11	21.43	0.00	24.36	61.11	61.11	6.09	1.89	0.24	8388606	0.1016
125.41	114.98	4.32	100.21	14.76	0.00	40.70	92.68	92.68	2.11	2.15	0.25	8388606	0.0730
93.11	85.88	1.16	71.36	14.51	0.00	29.38	71.36	71.36	4.21	2.79	0.24	8388606	0.0977
66.99	59.19	1.59	43.80	15.38	0.00	24.78	43.80	43.80	5.61	1.93	0.27	8388606	0.1417
103.92	96.48	1.32	80.86	15.61	0.00	30.01	80.86	80.86	3.42	2.66	0.24	8388606	0.0869
65.70	58.10	1.52	42.04	16.05	0.00	23.65	41.64	41.64	5.27	1.96	0.25	8388606	0.1444
198.14	186.56	1.15	167.39	19.16	0.00	48.30	158.23	158.23	3.74	4.20	0.23	8388606	0.0450
100.69	91.66	2.71	72.83	18.81	0.00	43.49	68.23	68.23	9.92	1.82	0.20	8388606	0.0915
202.03	189.55	0.94	169.33	20.20	0.00	48.34	158.89	158.89	4.13	3.99	0.20	8388606	0.0443
105.57	97.66	1.86	78.21	19.44	0.00	38.89	75.68	75.68	7.97	4.35	0.20	8388606	0.0859
321.20	307.77	1.67	283.87	23.89	0.00	87.38	249.27	249.27	6.02	6.71	0.48	8388606	0.0273
412.45	394.80	2.81	364.51	30.28	0.00	81.29	340.68	340.68	7.72	6.66	1.03	8388606	0.0212
617.39	598.94	2.96	565.93	33.00	0.00	112.48	531.58	531.58	9.02	7.53	0.40	8388606	0.0140
127.77	119.84	1.90	100.94	18.89	0.00	40.44	97.88	97.88	7.01	3.85	0.19	8388606	0.0700
83.87	76.89	0.96	59.83	17.04	0.00	22.75	59.83	59.83	5.12	1.89	0.19	8388606	0.1091
136.15	129.27	0.88	115.06	14.19	0.00	29.36	114.73	114.73	2.23	2.51	0.19	8388606	0.0649
181.08	168.52	0.86	153.15	15.36	0.00	54.62	140.89	140.89	3.86	3.92	0.36	8388606	0.0498
315.62	301.11	3.09	275.04	26.05	0.00	92.04	243.63	243.63	7.17	7.52	1.04	8388606	0.0279
143.31	134.79	2.21	117.02	17.75	0.00	45.36	113.11	113.11	5.27	3.44	0.19	8388606	0.0622
70.58	62.87	1.11	45.24	17.62	0.00	29.21	45.24	45.24	7.87	1.86	0.38	8388606	0.1334
82.18	74.33	1.47	58.87	15.45	0.00	31.25	58.87	58.87	9.02	1.91	0.43	8388606	0.1129
94.62	87.37	1.16	69.15	18.21	0.00	26.73	69.15	69.15	5.11	1.99	0.27	8388606	0.0960
83.23	75.63	1.42	55.95	19.67	0.00	23.24	55.95	55.95	5.07	1.88	0.25	8388606	0.1109
419.77	408.60	1.13	384.37	24.23	0.00	113.65	343.66	343.66	6.25	6.10	0.19	8388606	0.0205
247.10	233.57	2.00	211.06	22.49	0.00	61.33	195.21	195.21	4.77	4.93	0.20	8388606	0.0359
123.20	115.11	2.02	98.60	16.50	0.00	50.19	92.89	92.89	2.97	2.75	0.24	8388606	0.0729
532.68	519.98	1.63	494.65	25.31	0.00	118.33	461.72	461.72	7.09	7.01	0.47	8388606	0.0161
218.75	204.14	2.26	177.16	26.96	0.00	57.73	165.91	165.91	8.07	5.93	0.59	8388606	0.0411
75.91	67.46	2.39	49.55	17.89	0.00	34.70	46.97	46.97	7.84	3.19	0.19	8388606	0.1244
117.22	110.68	0.96	99.99	10.68	0.00	32.96	99.06	99.06	0.97	3.93	0.15	8388606	0.0758
78.05	65.65	0.83	51.31	14.33	0.00	30.87	44.50	44.50	4.96	3.24	0.42	8388606	0.1278
111.11	103.56	1.80	88.12	15.43	0.00	44.80	83.02	83.02	5.86	4.48	0.17	8388606	0.0810
143.76	136.62	1.00	126.12	10.48	0.00	37.11	126.02	126.02	2.12	1.88	0.19	8388606	0.0614
535.02	523.84	0.89	500.03	23.80	0.00	101.88	463.26	463.26	6.36	8.28	0.38	8388606	0.0160
123.01	114.32	2.66	100.81	13.49	0.00	44.69	93.06	93.06	2.01	3.22	0.18	8388606	0.0734
72.71	65.71	0.97	51.42	14.27	0.00	27.11	45.42	45.42	1.97	2.51	0.20	8388606	0.1277
575.53	565.82	0.85	540.97	24.83	0.00	106.57	501.59	501.59	6.47	7.45	0.19	8388606	0.0148
75.25	67.29	1.92	48.33	18.95	0.00	37.75	40.43	40.43	9.37	1.86	0.19	8388606	0.1247
87.21	80.20	0.93	64.60	15.59	0.00	23.83	64.59	64.59	5.27	2.39	0.20	8388606	0.1046
202.81	196.41	0.97	181.79	14.60	0.00	29.70	181.66	181.66	3.39	1.71	0.15	8388606	0.0427
111.62	98.40	0.88	80.28	18.11	0.00	51.48	70.19	70.19	5.76	6.63	0.64	8388606	0.0853
95.50	86.20	2.95	71.31	14.88	0.00	37.99	67.53	67.53	11.39	1.85	0.21	8388606	0.0973
158.16	151.21	0.92	138.48	12.72	0.00	40.44	138.12	138.12	2.27	1.82	0.19	8388606	0.0555
211.14	198.18	0.91	180.18	17.99	0.00	55.20	167.69	167.69	3.91	5.01	0.36	8388606	0.0423
130.30	121.15	2.95	102.76	18.38	0.00	50.25	98.27	98.27	5.67	3.60	0.20	8388606	0.0692
101.11	93.42	1.52	80.18	13.23	0.00	31.59	80.18	80.18	3.39	1.94	0.23	8388606	0.0898
323.99	310.65	1.17	290.09	20.55	0.00	87.30	256.90	256.90	4.08	6.23	0.56	8388606	0.0270
SCALE: 18
nvtx: 262144
edgefactor: 16
terasize: 6.71088639999999987e-05
A: 5.69999999999999951e-01
B: 1.90000000000000002e-01
C: 1.90000000000000002e-01
D: 5.00000000000000444e-02
generation_time: 0.00000000000000000e+00
construction_time: 2.14452633299999995e+00
nbfs: 100
min_time: 4.72960001230239846e-02
firstquartile_time: 8.17884999811649277e-02
median_time: 1.17299000084400182e-01
thirdquartile_time: 2.18667999982833844e-01
max_time: 8.03864000082015973e-01
mean_time: 1.91497290003299736e-01
stddev_time: 1.78584930911149659e-01
min_nedge: 4.19425900000000000e+06
firstquartile_nedge: 4.19425900000000000e+06
median_nedge: 4.19425900000000000e+06
thirdquartile_nedge: 4.19425900000000000e+06
max_nedge: 4.19425900000000000e+06
mean_nedge: 4.19425900000000000e+06
stddev_nedge: 0.00000000000000000e+00
min_TEPS: 5.21762263215179648e+06
firstquartile_TEPS: 2.11127268596687205e+07
median_TEPS: 3.62485297125120908e+07
thirdquartile_TEPS: 5.32095585929121897e+07
max_TEPS: 8.86810510210187733e+07
harmonic_mean_TEPS: 2.19024457209171243e+07
harmonic_stddev_TEPS: 2.05284988729589456e+06
