[BASH] Running the GPU only graph500 for scale 21
file:/dev/null	benchmark:GRAPH500	vertices:2097152	edges:67108862	partitioning:RANDOM	platform:HYBRID	alpha:50	repeat:1	gpu_count:1	thread_count:1	thread_sched:GUIDED	thread_bind:false	gpu_graph_mem:DEVICE	gpu_par_randomized:false	sorted:false	edge_sort_key:id	edge_order:asc	separate_singletons:false	lambda:0Initializing the shares for Hybrid platform.
	time_init:11239.83	time_par:386.95	rmt_vertex:50	rmt_edge:50	beta:2	pid0:50,50,25,25	pid1:50,50,25,25	
total	exec	init	comp	comm	finalize	cpu_comp	gpu_comp	gpu_total_comp	scatter	gather	aggr	trv_edges	exec_rate
658.92	531.50	3.66	394.78	136.72	0.00	225.41	329.19	329.19	82.30	24.35	0.79	67108862	0.1263
795.40	669.32	3.55	539.73	129.58	0.00	230.65	516.12	516.12	79.81	23.47	0.78	67108862	0.1003
923.48	796.60	4.26	671.80	124.79	0.00	326.45	657.83	657.83	118.39	22.26	0.95	67108862	0.0842
568.62	442.03	3.86	316.20	125.83	0.00	223.13	248.34	248.34	78.79	24.45	1.17	67108862	0.1518
790.21	663.66	3.94	592.74	70.91	0.00	486.30	515.63	515.63	16.67	25.93	0.94	67108862	0.1011
555.15	428.82	3.84	318.48	110.33	0.00	242.92	261.06	261.06	68.98	23.37	0.94	67108862	0.1565
711.71	585.09	3.62	451.77	133.32	0.00	248.90	393.18	393.18	92.25	25.29	0.94	67108862	0.1147
683.08	554.39	5.99	477.39	76.99	0.00	331.23	435.92	435.92	27.20	24.16	0.94	67108862	0.1211
1518.78	1392.25	3.97	1305.17	87.07	0.00	654.63	1220.49	1220.49	23.43	26.33	1.05	67108862	0.0482
700.93	574.32	3.99	446.07	128.24	0.00	269.65	408.46	408.46	96.94	23.66	0.94	67108862	0.1168
543.23	416.55	3.94	325.13	91.42	0.00	285.14	258.22	258.22	46.34	24.15	0.95	67108862	0.1611
1559.36	1432.95	3.84	1339.08	93.86	0.00	613.10	1254.17	1254.17	22.53	25.93	0.94	67108862	0.0468
589.56	463.25	3.84	348.94	114.30	0.00	248.47	321.28	321.28	67.47	23.32	0.94	67108862	0.1449
647.48	520.98	3.91	388.51	132.46	0.00	232.54	322.74	322.74	86.63	24.38	0.96	67108862	0.1288
962.45	836.33	3.54	760.53	75.79	0.00	457.11	690.22	690.22	19.16	25.42	0.95	67108862	0.0802
1080.66	954.38	3.77	873.12	81.25	0.00	499.13	803.76	803.76	17.28	26.39	0.97	67108862	0.0703
735.68	609.18	3.94	540.79	68.39	0.00	358.86	494.76	494.76	13.68	24.91	0.94	67108862	0.1102
579.66	453.45	3.65	323.41	130.04	0.00	230.06	288.98	288.98	74.75	24.45	0.94	67108862	0.1480
600.72	474.48	3.65	358.94	115.54	0.00	250.42	342.61	342.61	69.90	23.44	0.95	67108862	0.1414
1299.90	1173.45	3.85	1086.04	87.40	0.00	703.65	993.40	993.40	24.07	25.75	0.94	67108862	0.0572
555.90	429.07	4.26	308.32	120.74	0.00	232.75	253.40	253.40	80.26	24.66	0.95	67108862	0.1564
1432.95	1305.96	3.90	1230.92	75.03	0.00	683.53	1137.82	1137.82	24.08	25.93	1.76	67108862	0.0514
636.81	510.48	3.84	371.45	139.02	0.00	232.53	302.97	302.97	85.69	24.94	0.98	67108862	0.1315
678.82	552.08	4.08	473.35	78.72	0.00	384.78	421.87	421.87	18.48	25.37	0.94	67108862	0.1216
548.74	422.52	3.65	334.77	87.74	0.00	286.97	314.55	314.55	46.70	24.35	0.94	67108862	0.1588
593.39	467.19	3.71	406.12	61.07	0.00	346.43	366.76	366.76	17.22	24.66	0.95	67108862	0.1436
794.59	668.31	3.61	545.07	123.23	0.00	328.53	514.40	514.40	119.67	22.44	0.95	67108862	0.1004
607.65	481.42	3.58	352.13	129.28	0.00	213.20	264.61	264.61	83.04	23.87	0.95	67108862	0.1394
643.93	517.63	3.66	451.26	66.37	0.00	358.91	402.37	402.37	16.06	24.88	0.93	67108862	0.1296
649.28	523.02	3.67	450.85	72.17	0.00	358.46	405.38	405.38	17.77	25.26	0.94	67108862	0.1283
590.73	464.67	3.54	351.33	113.33	0.00	240.57	329.77	329.77	68.62	22.99	0.94	67108862	0.1444
598.64	472.38	3.65	390.08	82.30	0.00	321.99	352.04	352.04	29.20	24.75	0.96	67108862	0.1421
616.20	489.92	3.67	370.12	119.80	0.00	233.12	308.09	308.09	78.51	24.10	0.95	67108862	0.1370
685.07	549.73	12.52	458.12	91.59	0.00	293.90	441.13	441.13	34.81	24.29	0.78	67108862	0.1221
645.27	519.14	3.63	390.59	128.54	0.00	228.56	325.35	325.35	82.09	23.21	0.78	67108862	0.1293
496.16	370.07	3.66	313.96	56.11	0.00	293.29	293.39	293.39	15.96	24.05	0.78	67108862	0.1813
521.01	394.84	3.66	296.61	98.23	0.00	259.29	241.91	241.91	56.00	23.76	0.95	67108862	0.1700
586.06	459.82	3.63	384.61	75.21	0.00	304.09	347.17	347.17	26.72	24.34	0.94	67108862	0.1459
564.26	437.99	3.57	360.45	77.53	0.00	297.87	337.23	337.23	28.54	23.82	0.94	67108862	0.1532
1463.79	1337.17	3.87	1223.11	114.05	0.00	718.26	1139.16	1139.16	23.84	25.45	1.23	67108862	0.0502
1021.96	895.73	3.63	757.00	138.72	0.00	220.54	731.84	731.84	82.71	24.25	0.94	67108862	0.0749
536.90	410.72	3.55	333.98	76.73	0.00	266.52	310.64	310.64	20.21	23.80	0.95	67108862	0.1634
559.39	433.16	3.71	323.52	109.63	0.00	238.76	282.87	282.87	69.78	23.44	0.95	67108862	0.1549
623.38	497.24	3.60	369.38	127.86	0.00	228.77	295.67	295.67	81.33	23.60	0.95	67108862	0.1350
698.69	572.16	3.76	439.10	133.05	0.00	257.96	392.06	392.06	94.42	24.88	0.95	67108862	0.1173
1700.54	1574.25	3.56	1488.15	86.09	0.00	664.82	1402.06	1402.06	23.13	25.70	1.20	67108862	0.0426
583.30	457.08	3.62	369.50	87.57	0.00	270.15	351.89	351.89	40.01	24.22	0.93	67108862	0.1468
701.39	574.64	4.18	472.31	102.32	0.00	363.46	416.90	416.90	13.78	25.03	0.94	67108862	0.1168
575.13	448.86	3.67	350.87	97.98	0.00	268.49	334.58	334.58	50.91	23.59	0.95	67108862	0.1495
558.32	431.90	3.83	314.67	117.22	0.00	234.91	257.62	257.62	76.20	24.27	0.95	67108862	0.1554
644.63	518.28	3.69	384.40	133.87	0.00	250.77	328.48	328.48	93.39	25.45	1.02	67108862	0.1295
578.44	452.12	3.75	387.19	64.92	0.00	293.38	349.90	349.90	12.11	23.73	0.94	67108862	0.1484
607.82	481.40	3.84	363.16	118.22	0.00	246.00	334.87	334.87	71.73	23.20	0.94	67108862	0.1394
643.69	517.42	3.69	384.00	133.41	0.00	235.86	309.03	309.03	85.69	25.10	0.95	67108862	0.1297
527.19	400.73	3.85	319.72	81.00	0.00	277.97	296.06	296.06	39.31	25.01	0.94	67108862	0.1675
600.29	474.19	3.55	357.60	116.58	0.00	247.01	327.78	327.78	69.88	23.34	0.94	67108862	0.1415
675.22	549.03	3.63	409.95	139.07	0.00	228.97	340.08	340.08	85.46	24.82	0.94	67108862	0.1222
701.27	574.97	3.64	426.02	148.94	0.00	224.86	378.43	378.43	84.20	24.74	0.95	67108862	0.1167
629.69	503.48	3.52	427.42	76.05	0.00	329.02	380.45	380.45	28.80	24.61	0.95	67108862	0.1333
594.31	468.00	3.76	386.20	81.79	0.00	303.24	357.40	357.40	35.57	24.00	0.95	67108862	0.1434
557.14	430.71	3.84	350.74	79.96	0.00	288.17	328.14	328.14	26.47	23.89	0.94	67108862	0.1558
536.49	410.17	3.71	297.26	112.90	0.00	241.30	240.87	240.87	72.24	23.65	0.96	67108862	0.1636
878.82	752.47	3.56	685.62	66.84	0.00	460.54	609.09	609.09	16.20	25.67	0.95	67108862	0.0892
645.87	519.42	3.64	381.46	137.95	0.00	223.62	333.46	333.46	78.09	24.13	0.94	67108862	0.1292
689.26	562.94	3.53	418.22	144.71	0.00	226.58	349.70	349.70	81.21	24.43	1.17	67108862	0.1192
854.47	728.12	3.73	601.85	126.26	0.00	295.75	571.40	571.40	104.51	22.95	0.96	67108862	0.0922
654.60	528.45	3.55	403.75	124.69	0.00	226.55	347.88	347.88	83.50	24.57	0.99	67108862	0.1270
1466.30	1340.18	3.62	1194.61	145.57	0.00	782.82	1104.15	1104.15	23.57	25.67	1.04	67108862	0.0501
1020.29	894.20	3.54	787.35	106.84	0.00	520.30	710.86	710.86	20.01	25.91	0.95	67108862	0.0750
859.48	733.31	3.55	604.07	129.23	0.00	281.60	574.76	574.76	99.94	23.39	0.95	67108862	0.0915
642.49	516.02	3.81	373.02	142.99	0.00	228.99	303.16	303.16	79.89	24.81	0.97	67108862	0.1301
518.64	392.43	3.66	283.42	109.00	0.00	233.48	254.39	254.39	66.76	23.95	0.95	67108862	0.1710
803.95	677.67	3.78	551.67	125.99	0.00	295.46	514.68	514.68	105.34	22.87	0.94	67108862	0.0990
782.01	655.78	3.66	588.82	66.95	0.00	430.72	526.17	526.17	19.62	25.82	0.94	67108862	0.1023
586.39	460.28	3.64	329.78	130.50	0.00	244.57	243.28	243.28	76.81	24.17	0.96	67108862	0.1458
530.95	404.61	3.67	342.01	62.59	0.00	307.81	315.71	315.71	22.01	24.10	0.96	67108862	0.1659
614.05	487.88	3.56	367.35	120.52	0.00	231.53	306.64	306.64	79.28	23.90	0.95	67108862	0.1376
831.51	705.16	3.65	633.30	71.85	0.00	459.26	570.93	570.93	16.47	26.06	0.94	67108862	0.0952
548.37	421.32	4.11	340.17	81.14	0.00	295.45	309.47	309.47	39.73	25.22	0.96	67108862	0.1593
588.00	459.24	3.67	326.82	132.42	0.00	225.06	248.86	248.86	83.89	24.17	0.96	67108862	0.1461
764.96	637.93	3.60	508.96	128.96	0.00	283.10	467.48	467.48	103.13	23.71	0.96	67108862	0.1052
528.19	401.91	3.76	328.20	73.70	0.00	300.10	273.97	273.97	12.14	24.09	0.95	67108862	0.1670
641.14	514.58	4.04	380.54	134.03	0.00	232.06	301.21	301.21	79.93	23.84	0.95	67108862	0.1304
502.06	375.80	3.65	308.03	67.77	0.00	279.98	277.32	277.32	27.28	23.63	0.94	67108862	0.1786
505.00	378.85	3.53	284.35	94.50	0.00	260.52	232.36	232.36	31.25	23.61	0.94	67108862	0.1771
1230.35	1104.37	3.53	1015.61	88.76	0.00	657.40	931.67	931.67	21.30	26.43	0.94	67108862	0.0608
556.17	429.95	3.72	355.20	74.75	0.00	307.11	330.00	330.00	33.53	24.28	0.95	67108862	0.1561
498.70	372.50	3.62	271.33	101.17	0.00	234.80	215.82	215.82	61.16	24.34	0.94	67108862	0.1802
916.02	789.48	3.83	721.81	67.66	0.00	473.31	641.87	641.87	16.97	25.77	0.94	67108862	0.0850
593.18	466.93	3.70	392.27	74.64	0.00	336.30	358.79	358.79	21.41	25.98	0.94	67108862	0.1437
921.96	795.60	3.54	675.86	119.73	0.00	356.91	663.68	663.68	136.23	21.83	1.16	67108862	0.0844
737.50	611.03	3.87	548.96	62.05	0.00	389.24	481.12	481.12	14.40	25.34	0.95	67108862	0.1098
551.43	425.33	3.54	315.31	110.01	0.00	240.71	255.13	255.13	69.36	23.99	0.94	67108862	0.1578
625.25	498.96	3.73	368.56	130.40	0.00	213.92	290.80	290.80	84.07	24.22	0.94	67108862	0.1345
560.86	434.50	3.87	331.97	102.52	0.00	241.39	307.16	307.16	59.66	23.76	0.94	67108862	0.1544
599.95	472.87	3.55	349.06	123.80	0.00	251.99	272.07	272.07	71.29	24.19	0.95	67108862	0.1419
550.58	424.42	3.64	312.37	112.04	0.00	231.85	300.83	300.83	71.33	23.87	0.95	67108862	0.1581
569.45	441.89	3.54	329.15	112.73	0.00	230.79	271.42	271.42	72.87	24.04	0.95	67108862	0.1519
961.61	835.36	3.60	713.35	122.01	0.00	377.08	694.50	694.50	143.99	21.96	0.95	67108862	0.0803
677.91	543.25	12.24	479.95	63.30	0.00	400.10	427.04	427.04	15.22	28.25	0.77	67108862	0.1235
SCALE: 21
nvtx: 2097152
edgefactor: 16
terasize: 5.36870911999999989e-04
A: 5.69999999999999951e-01
B: 1.90000000000000002e-01
C: 1.90000000000000002e-01
D: 5.00000000000000444e-02
generation_time: 0.00000000000000000e+00
construction_time: 4.42035349060000016e+01
nbfs: 100
min_time: 3.73733999967575059e-01
firstquartile_time: 4.47552500188350688e-01
median_time: 5.19224500179290782e-01
thirdquartile_time: 6.65557500004768432e-01
max_time: 1.57780200004577642e+00
mean_time: 6.00092589981556013e-01
stddev_time: 2.55177252289157774e-01
min_nedge: 3.35540490000000000e+07
firstquartile_nedge: 3.35540490000000000e+07
median_nedge: 3.35540490000000000e+07
thirdquartile_nedge: 3.35540490000000000e+07
max_nedge: 3.35540490000000000e+07
mean_nedge: 3.35540490000000000e+07
stddev_nedge: 0.00000000000000000e+00
min_TEPS: 2.12663242910241596e+07
firstquartile_TEPS: 5.28695819195638746e+07
median_TEPS: 6.57102692269774899e+07
thirdquartile_TEPS: 7.58256709898746610e+07
max_TEPS: 8.97805631890893728e+07
harmonic_mean_TEPS: 5.59147864182613790e+07
harmonic_stddev_TEPS: 2.38964157577328803e+06
