[BASH] Running the GPU only graph500 for scale 19
file:/dev/null	benchmark:GRAPH500	vertices:524288	edges:16777214	partitioning:RANDOM	platform:HYBRID	alpha:50	repeat:1	gpu_count:1	thread_count:1	thread_sched:GUIDED	thread_bind:false	gpu_graph_mem:DEVICE	gpu_par_randomized:false	sorted:false	edge_sort_key:id	edge_order:asc	separate_singletons:false	lambda:0Initializing the shares for Hybrid platform.
	time_init:2133.22	time_par:70.74	rmt_vertex:54	rmt_edge:50	beta:2	pid0:50,50,27,25	pid1:50,50,27,25	
total	exec	init	comp	comm	finalize	cpu_comp	gpu_comp	gpu_total_comp	scatter	gather	aggr	trv_edges	exec_rate
211.23	178.77	1.56	129.73	49.03	0.00	56.36	113.23	113.23	22.14	7.23	0.28	16777214	0.0938
178.09	145.60	1.89	111.08	34.51	0.00	63.35	108.86	108.86	13.36	7.67	0.27	16777214	0.1152
129.05	96.66	1.70	70.29	26.36	0.00	64.75	53.36	53.36	13.43	6.59	0.27	16777214	0.1736
125.27	93.11	1.45	72.24	20.86	0.00	68.16	51.10	51.10	7.47	6.57	0.27	16777214	0.1802
168.61	136.43	1.46	94.40	42.02	0.00	52.52	90.91	90.91	22.74	7.23	0.28	16777214	0.1230
215.23	182.95	1.53	132.80	50.14	0.00	55.88	129.39	129.39	24.30	6.98	0.28	16777214	0.0917
167.41	135.16	1.52	99.72	35.44	0.00	52.57	83.16	83.16	22.55	7.35	0.29	16777214	0.1241
174.46	142.25	1.44	99.29	42.96	0.00	64.24	85.84	85.84	26.75	6.81	0.32	16777214	0.1179
152.84	120.38	1.54	82.61	37.76	0.00	57.70	78.87	78.87	18.65	7.36	0.28	16777214	0.1394
167.63	135.49	1.43	93.75	41.73	0.00	56.12	88.55	88.55	22.07	7.03	0.28	16777214	0.1238
187.45	155.40	1.45	136.13	19.27	0.00	122.43	120.52	120.52	4.91	7.27	0.27	16777214	0.1080
172.33	140.50	1.35	100.93	39.56	0.00	58.53	97.49	97.49	19.96	6.85	0.27	16777214	0.1194
285.00	252.79	1.45	217.18	35.60	0.00	84.58	213.98	213.98	39.00	6.29	0.44	16777214	0.0664
137.64	105.29	1.59	82.94	22.35	0.00	78.84	57.23	57.23	8.56	6.78	0.30	16777214	0.1593
150.94	118.57	1.45	81.79	36.78	0.00	54.47	61.69	61.69	22.07	7.37	0.28	16777214	0.1415
148.56	116.36	1.50	77.61	38.74	0.00	56.51	72.33	72.33	20.04	6.99	0.27	16777214	0.1442
147.81	115.56	1.36	78.44	37.11	0.00	60.35	71.11	71.11	15.64	6.46	0.45	16777214	0.1452
150.59	118.32	1.40	99.09	19.22	0.00	95.03	79.83	79.83	3.78	6.87	0.44	16777214	0.1418
144.30	112.00	1.41	76.12	35.87	0.00	59.09	72.36	72.36	17.66	7.16	0.44	16777214	0.1498
178.66	146.24	1.45	107.17	39.07	0.00	73.86	99.31	99.31	31.39	6.28	0.45	16777214	0.1147
145.28	113.01	1.36	95.23	17.78	0.00	91.07	77.12	77.12	3.19	6.80	0.45	16777214	0.1485
153.22	120.83	1.36	78.62	42.21	0.00	56.95	59.03	59.03	24.13	7.40	0.46	16777214	0.1388
521.38	489.31	1.35	463.31	25.98	0.00	268.89	446.77	446.77	9.78	7.13	0.32	16777214	0.0343
135.82	103.65	1.44	70.80	32.85	0.00	57.92	60.15	60.15	18.22	6.63	0.27	16777214	0.1619
121.01	88.85	1.46	68.54	20.30	0.00	63.00	46.15	46.15	6.03	6.59	0.27	16777214	0.1888
144.61	112.13	1.51	77.34	34.78	0.00	60.24	66.24	66.24	13.87	7.16	0.27	16777214	0.1496
120.29	88.18	1.37	71.44	16.73	0.00	67.03	51.20	51.20	2.60	6.65	0.27	16777214	0.1903
151.64	119.17	1.45	79.07	40.09	0.00	56.89	73.55	73.55	20.18	6.48	0.45	16777214	0.1408
140.44	108.24	1.35	71.64	36.59	0.00	61.19	63.83	63.83	16.37	6.59	0.45	16777214	0.1550
156.92	124.57	1.51	85.27	39.29	0.00	55.76	67.13	67.13	25.00	6.80	0.46	16777214	0.1347
247.71	215.37	1.40	194.33	21.03	0.00	158.06	173.84	173.84	6.44	7.63	0.43	16777214	0.0779
129.85	97.60	1.40	78.38	19.21	0.00	71.81	67.27	67.27	2.69	6.66	0.43	16777214	0.1719
139.31	106.77	1.41	71.90	34.87	0.00	60.08	55.52	55.52	17.72	6.52	0.50	16777214	0.1571
2252.99	2221.02	1.39	2210.58	10.43	0.00	504.96	2205.07	2205.07	1.94	3.48	0.27	16777214	0.0076
153.43	121.24	1.60	81.40	39.83	0.00	55.96	64.89	64.89	21.18	6.70	0.27	16777214	0.1384
157.64	125.43	1.43	88.50	36.92	0.00	56.98	85.51	85.51	19.87	6.84	0.29	16777214	0.1338
155.86	123.58	1.56	83.98	39.59	0.00	58.95	78.64	78.64	24.74	6.76	0.28	16777214	0.1358
151.21	119.00	1.46	80.75	38.24	0.00	62.28	65.56	65.56	26.05	6.90	0.28	16777214	0.1410
175.22	142.93	1.57	103.96	38.96	0.00	69.27	94.62	94.62	29.21	6.72	0.29	16777214	0.1174
124.28	92.11	1.45	72.58	19.52	0.00	68.53	53.34	53.34	5.98	6.74	0.27	16777214	0.1821
127.29	94.89	1.51	68.58	26.30	0.00	63.51	46.05	46.05	13.22	6.60	0.55	16777214	0.1768
172.10	140.05	1.47	114.13	25.91	0.00	85.20	108.43	108.43	7.30	7.42	0.26	16777214	0.1198
226.88	194.69	1.43	172.45	22.23	0.00	117.68	156.66	156.66	4.39	7.45	0.27	16777214	0.0862
132.14	100.06	1.43	78.97	21.08	0.00	74.92	62.75	62.75	7.42	6.84	0.27	16777214	0.1677
184.29	152.05	1.53	132.04	20.01	0.00	127.82	105.65	105.65	4.69	7.19	0.46	16777214	0.1103
159.13	126.80	1.55	102.18	24.61	0.00	83.28	96.19	96.19	7.64	7.11	0.44	16777214	0.1323
155.28	123.05	1.43	83.75	39.30	0.00	53.45	79.84	79.84	22.23	7.20	0.45	16777214	0.1363
192.06	159.67	1.60	139.83	19.84	0.00	119.34	124.61	124.61	4.81	7.39	0.46	16777214	0.1051
126.63	94.12	1.61	74.60	19.52	0.00	64.15	68.84	68.84	2.61	6.89	0.44	16777214	0.1782
171.03	138.45	1.49	98.31	40.14	0.00	52.72	78.86	78.86	22.52	7.39	0.47	16777214	0.1212
152.95	120.40	1.45	78.53	41.87	0.00	58.02	59.58	59.58	23.36	7.45	0.47	16777214	0.1393
160.30	128.15	1.35	90.73	37.41	0.00	52.42	68.02	68.02	22.33	7.00	0.45	16777214	0.1309
142.58	110.04	1.65	75.22	34.81	0.00	55.55	59.99	59.99	21.08	6.73	0.44	16777214	0.1525
166.48	133.91	1.48	95.80	38.10	0.00	58.14	93.58	93.58	15.86	6.43	0.45	16777214	0.1253
132.68	100.08	1.38	71.02	29.05	0.00	63.08	58.39	58.39	13.04	6.61	0.44	16777214	0.1676
148.49	116.09	1.63	79.63	36.45	0.00	59.48	76.56	76.56	18.58	6.60	0.45	16777214	0.1445
161.50	129.09	1.61	92.67	36.41	0.00	53.32	71.27	71.27	22.31	7.11	0.45	16777214	0.1300
127.80	95.39	1.58	66.60	28.79	0.00	59.25	48.59	48.59	14.08	6.60	0.44	16777214	0.1759
179.78	147.66	1.36	127.96	19.69	0.00	123.79	100.72	100.72	4.39	7.18	0.45	16777214	0.1136
148.81	116.23	1.69	80.15	36.08	0.00	57.54	73.69	73.69	20.01	6.57	0.45	16777214	0.1443
124.86	92.45	1.50	73.78	18.66	0.00	69.73	54.01	54.01	3.95	6.58	0.44	16777214	0.1815
167.59	134.98	1.48	94.96	40.01	0.00	53.45	73.09	73.09	22.37	7.31	0.47	16777214	0.1243
165.34	133.10	1.35	94.54	38.55	0.00	52.54	72.04	72.04	22.32	6.99	0.46	16777214	0.1260
212.84	180.77	1.36	159.87	20.89	0.00	139.39	142.89	142.89	5.70	7.44	0.44	16777214	0.0928
136.63	104.29	1.47	77.93	26.36	0.00	72.44	67.80	67.80	12.36	6.76	0.44	16777214	0.1609
170.74	138.11	1.51	96.66	41.44	0.00	49.83	76.27	76.27	23.85	7.43	0.47	16777214	0.1215
119.80	86.99	1.41	67.91	19.07	0.00	61.70	49.74	49.74	4.13	6.58	0.44	16777214	0.1929
145.54	113.39	1.37	77.86	35.52	0.00	59.45	53.69	53.69	16.83	6.53	0.44	16777214	0.1480
158.67	126.32	1.45	88.90	37.42	0.00	58.15	86.87	86.87	19.37	7.03	0.45	16777214	0.1328
143.76	111.38	1.49	73.35	38.03	0.00	57.12	61.27	61.27	19.18	7.03	0.47	16777214	0.1506
152.27	119.92	1.46	82.84	37.07	0.00	53.87	60.87	60.87	22.58	7.03	0.45	16777214	0.1399
135.62	103.29	1.47	81.20	22.09	0.00	77.19	65.98	65.98	6.98	6.74	0.43	16777214	0.1624
321.20	288.92	1.40	268.84	20.07	0.00	219.21	248.54	248.54	6.39	7.63	0.45	16777214	0.0581
144.83	112.54	1.49	94.12	18.42	0.00	90.01	69.08	69.08	2.99	6.92	0.44	16777214	0.1491
198.64	166.03	1.46	125.44	40.59	0.00	51.52	107.70	107.70	22.94	6.72	0.86	16777214	0.1010
168.74	136.37	1.46	96.00	40.37	0.00	55.49	91.18	91.18	22.37	7.09	0.45	16777214	0.1230
147.36	115.05	1.36	95.65	19.39	0.00	91.51	76.55	76.55	3.70	6.98	0.44	16777214	0.1458
127.76	95.54	1.37	78.12	17.42	0.00	74.03	57.09	57.09	2.71	6.76	0.44	16777214	0.1756
148.60	116.32	1.44	72.86	43.45	0.00	62.03	65.92	65.92	25.08	6.80	0.44	16777214	0.1442
176.93	144.57	1.46	104.66	39.90	0.00	69.42	94.81	94.81	29.21	6.81	0.45	16777214	0.1160
127.61	95.37	1.37	67.20	28.15	0.00	60.35	46.12	46.12	13.79	6.52	0.44	16777214	0.1759
151.64	119.31	1.44	79.61	39.69	0.00	52.30	73.83	73.83	23.17	6.62	0.45	16777214	0.1406
162.03	129.45	1.45	87.25	42.19	0.00	56.36	67.72	67.72	23.36	7.39	0.47	16777214	0.1296
205.57	173.29	1.35	137.46	35.82	0.00	76.48	133.41	133.41	34.31	6.19	0.45	16777214	0.0968
152.61	120.27	1.44	81.38	38.89	0.00	52.31	75.01	75.01	22.41	6.61	0.44	16777214	0.1395
146.89	114.61	1.37	90.96	23.64	0.00	87.02	73.17	73.17	7.76	6.78	0.44	16777214	0.1464
151.70	119.14	1.38	81.15	37.98	0.00	55.29	72.92	72.92	21.64	7.92	0.46	16777214	0.1408
134.21	101.87	1.45	68.89	32.97	0.00	57.07	50.50	50.50	19.93	6.58	0.44	16777214	0.1647
257.46	225.20	1.43	205.97	19.22	0.00	182.53	186.80	186.80	5.97	7.72	0.45	16777214	0.0745
170.63	138.36	1.49	99.53	38.83	0.00	62.08	85.24	85.24	25.71	6.68	0.46	16777214	0.1213
204.29	171.73	1.65	135.89	35.83	0.00	77.45	133.14	133.14	34.33	6.19	0.45	16777214	0.0977
206.98	174.44	1.41	135.09	39.35	0.00	77.89	129.60	129.60	34.32	6.09	0.47	16777214	0.0962
156.39	124.17	1.38	88.07	36.09	0.00	63.13	84.31	84.31	15.71	6.42	0.45	16777214	0.1351
119.58	87.22	1.45	69.22	17.98	0.00	63.42	46.37	46.37	3.81	6.63	0.44	16777214	0.1924
190.92	158.51	1.63	138.23	20.27	0.00	134.00	111.52	111.52	4.63	7.16	0.45	16777214	0.1058
226.60	194.01	1.76	159.86	34.15	0.00	73.67	156.74	156.74	33.73	6.30	0.44	16777214	0.0865
134.01	101.39	1.73	73.53	27.86	0.00	68.58	50.18	50.18	14.47	6.62	0.44	16777214	0.1655
127.64	95.43	1.47	68.02	27.40	0.00	61.61	43.27	43.27	13.24	6.61	0.43	16777214	0.1758
138.07	105.69	1.67	74.48	31.20	0.00	59.24	48.61	48.61	14.04	6.47	0.45	16777214	0.1587
144.84	112.49	1.47	76.21	36.27	0.00	60.24	72.28	72.28	19.89	6.54	0.45	16777214	0.1491
SCALE: 19
nvtx: 524288
edgefactor: 16
terasize: 1.34217727999999997e-04
A: 5.69999999999999951e-01
B: 1.90000000000000002e-01
C: 1.90000000000000002e-01
D: 5.00000000000000444e-02
generation_time: 0.00000000000000000e+00
construction_time: 8.13399741399999954e+00
nbfs: 100
min_time: 8.83970003128051740e-02
firstquartile_time: 1.10113750040531144e-01
median_time: 1.22057500243186956e-01
thirdquartile_time: 1.44298750102519996e-01
max_time: 2.22240599989891052e+00
mean_time: 1.55315920028686466e-01
stddev_time: 2.14676574120404279e-01
min_nedge: 1.00000000000000000e+00
firstquartile_nedge: 8.38851300000000000e+06
median_nedge: 8.38851300000000000e+06
thirdquartile_nedge: 8.38851300000000000e+06
max_nedge: 8.38851300000000000e+06
mean_nedge: 8.30462787999999989e+06
stddev_nedge: 8.38851200000000070e+05
min_TEPS: 4.49962788097893251e-01
firstquartile_TEPS: 5.91727515233432949e+07
median_TEPS: 6.88802779404661953e+07
thirdquartile_TEPS: 7.79843839633537829e+07
max_TEPS: 9.48959011088167131e+07
harmonic_mean_TEPS: 4.49962466865449997e+01
harmonic_stddev_TEPS: 4.52228968535458904e+01
