[BASH] Running the Hybrid graph500 for scale 20
file:/dev/null	benchmark:GRAPH500	vertices:1048576	edges:33554430	partitioning:HIGH	platform:HYBRID	alpha:50	repeat:1	gpu_count:1	thread_count:1	thread_sched:GUIDED	thread_bind:false	gpu_graph_mem:DEVICE	gpu_par_randomized:false	sorted:false	edge_sort_key:id	edge_order:asc	separate_singletons:false	lambda:0Initializing the shares for Hybrid platform.
	time_init:5046.47	time_par:248.67	rmt_vertex:53	rmt_edge:51	beta:2	pid0:99,50,1,26	pid1:1,50,52,26	
total	exec	init	comp	comm	finalize	cpu_comp	gpu_comp	gpu_total_comp	scatter	gather	aggr	trv_edges	exec_rate
896.74	773.84	1.23	708.30	65.53	0.00	24.23	707.01	707.01	1.42	0.64	0.79	33554430	0.0434
579.84	459.03	0.78	402.57	56.45	0.00	19.44	400.66	400.66	0.80	0.61	0.71	33554430	0.0731
1570.05	1449.30	0.77	1398.84	50.45	0.00	139.89	1394.41	1394.41	0.25	1.00	0.71	33554430	0.0232
1416.39	1295.46	0.80	1256.05	39.40	0.00	133.98	1250.92	1250.92	0.19	1.04	0.71	33554430	0.0259
398.72	277.81	0.80	218.08	59.73	0.00	39.28	193.86	193.86	2.18	0.52	0.71	33554430	0.1208
1446.58	1325.59	0.88	1284.12	41.46	0.00	143.66	1282.53	1282.53	0.26	1.00	0.71	33554430	0.0253
936.35	815.38	0.82	769.56	45.81	0.00	32.17	763.90	763.90	0.20	1.04	0.73	33554430	0.0412
864.35	743.41	0.83	688.60	54.81	0.00	25.75	685.06	685.06	1.06	1.01	0.71	33554430	0.0451
1420.62	1299.72	0.82	1250.19	49.52	0.00	112.68	1248.27	1248.27	0.85	1.07	0.71	33554430	0.0258
400.35	279.46	0.81	220.82	58.63	0.00	30.09	202.22	202.22	1.84	0.52	0.71	33554430	0.1201
445.89	324.96	0.81	267.67	57.28	0.00	18.03	260.84	260.84	1.54	0.55	0.71	33554430	0.1033
672.39	551.47	0.81	494.83	56.64	0.00	20.57	490.30	490.30	0.77	0.65	0.71	33554430	0.0608
389.66	268.77	0.78	217.24	51.53	0.00	21.36	208.00	208.00	1.57	0.52	0.71	33554430	0.1248
385.07	258.36	0.80	202.61	55.75	0.00	34.92	187.38	187.38	1.86	0.58	0.72	33554430	0.1299
536.84	415.88	0.82	349.81	66.07	0.00	21.00	343.88	343.88	1.52	0.55	0.71	33554430	0.0807
884.70	763.75	0.78	707.77	55.98	0.00	25.64	702.02	702.02	0.18	0.68	0.71	33554430	0.0439
850.68	729.76	0.78	680.69	49.07	0.00	30.49	679.24	679.24	1.11	0.65	0.71	33554430	0.0460
790.98	670.06	0.79	620.59	49.46	0.00	26.05	618.74	618.74	0.61	0.66	0.71	33554430	0.0501
753.67	632.66	0.81	568.27	64.39	0.00	20.44	565.73	565.73	0.21	0.61	0.71	33554430	0.0530
1175.17	1054.22	0.78	1012.54	41.68	0.00	103.87	1011.38	1011.38	0.77	1.01	0.71	33554430	0.0318
403.76	282.85	0.82	224.29	58.55	0.00	28.18	207.45	207.45	1.83	0.52	0.71	33554430	0.1186
884.40	763.10	1.21	713.19	49.90	0.00	26.24	710.15	710.15	1.38	0.65	0.71	33554430	0.0440
428.76	307.70	0.90	255.59	52.09	0.00	21.42	248.75	248.75	1.42	0.54	0.71	33554430	0.1091
864.53	743.62	0.82	679.82	63.79	0.00	23.07	677.38	677.38	0.73	0.64	0.71	33554430	0.0451
513.30	392.34	0.85	341.33	50.99	0.00	19.66	337.33	337.33	1.21	0.57	0.71	33554430	0.0855
436.71	315.77	0.80	265.21	50.56	0.00	16.53	261.56	261.56	1.53	0.55	0.71	33554430	0.1063
1118.78	997.68	0.82	934.73	62.94	0.00	29.53	932.55	932.55	1.25	0.66	0.71	33554430	0.0336
409.68	288.72	0.80	236.44	52.27	0.00	19.43	229.78	229.78	1.39	0.52	0.71	33554430	0.1162
926.47	805.14	0.79	759.21	45.93	0.00	59.50	757.98	757.98	0.62	0.63	0.72	33554430	0.0417
1391.88	1270.95	0.82	1221.60	49.35	0.00	53.17	1219.21	1219.21	0.66	0.64	0.71	33554430	0.0264
512.44	390.22	0.82	323.78	66.43	0.00	21.79	317.15	317.15	0.28	0.54	0.71	33554430	0.0860
456.34	334.98	1.19	283.23	51.75	0.00	19.75	278.44	278.44	1.50	0.57	0.71	33554430	0.1002
404.15	283.18	0.79	226.57	56.61	0.00	32.29	211.65	211.65	1.95	0.52	0.71	33554430	0.1185
431.67	310.72	0.80	261.97	48.73	0.00	17.05	257.56	257.56	1.51	0.72	0.71	33554430	0.1080
840.88	719.98	0.78	677.30	42.67	0.00	48.32	676.09	676.09	0.93	1.04	0.71	33554430	0.0466
913.72	792.77	0.82	742.76	50.00	0.00	27.00	739.70	739.70	1.41	0.64	0.71	33554430	0.0423
436.52	315.52	0.81	249.97	65.54	0.00	27.96	238.19	238.19	1.71	0.53	0.71	33554430	0.1063
695.22	574.31	0.82	508.17	66.13	0.00	19.51	504.52	504.52	1.42	0.60	0.71	33554430	0.0584
347.85	226.96	0.80	178.51	48.44	0.00	28.68	162.82	162.82	1.76	0.53	0.71	33554430	0.1478
783.53	662.56	0.81	606.21	56.34	0.00	23.44	602.01	602.01	0.83	0.64	0.71	33554430	0.0506
449.55	328.55	0.91	263.31	65.23	0.00	24.18	254.39	254.39	1.56	0.52	0.71	33554430	0.1021
728.47	607.60	0.78	565.19	42.39	0.00	35.30	563.98	563.98	1.35	1.10	0.71	33554430	0.0552
474.14	353.13	0.85	301.77	51.36	0.00	19.79	296.74	296.74	1.29	0.56	0.71	33554430	0.0950
795.34	674.46	0.78	618.86	55.60	0.00	23.19	617.18	617.18	1.24	0.64	0.71	33554430	0.0497
535.22	414.10	0.79	363.14	50.95	0.00	19.30	355.52	355.52	0.19	0.59	0.71	33554430	0.0810
486.95	365.33	1.53	285.48	79.84	0.00	42.03	264.05	264.05	2.11	0.54	0.72	33554430	0.0918
1569.93	1448.96	0.82	1399.45	49.51	0.00	143.76	1397.62	1397.62	0.26	1.00	0.71	33554430	0.0232
356.19	235.26	0.81	189.23	46.02	0.00	22.64	177.19	177.19	1.59	0.53	0.71	33554430	0.1426
519.60	398.60	0.81	341.67	56.91	0.00	15.88	336.24	336.24	0.44	0.57	0.71	33554430	0.0842
449.05	328.05	0.81	270.01	58.04	0.00	22.55	261.01	261.01	1.57	0.54	0.71	33554430	0.1023
488.88	367.12	0.82	298.45	68.67	0.00	27.21	291.74	291.74	1.59	0.55	0.71	33554430	0.0914
875.65	754.69	0.78	712.14	42.55	0.00	52.95	710.89	710.89	0.20	1.32	0.71	33554430	0.0445
393.62	272.59	0.83	213.48	59.10	0.00	42.52	182.65	182.65	2.19	0.53	0.71	33554430	0.1231
524.73	403.75	0.81	351.99	51.76	0.00	15.70	348.44	348.44	1.34	0.56	0.71	33554430	0.0831
690.96	569.93	0.82	519.44	50.49	0.00	23.12	515.99	515.99	0.88	0.64	0.71	33554430	0.0589
1039.02	918.00	0.82	866.70	51.29	0.00	55.49	860.92	860.92	0.19	1.03	0.71	33554430	0.0366
1250.89	1129.94	0.81	1074.94	54.99	0.00	42.71	1069.98	1069.98	0.20	0.66	0.71	33554430	0.0297
594.57	473.64	0.82	416.67	56.96	0.00	19.85	413.42	413.42	0.88	0.58	0.71	33554430	0.0708
420.60	299.51	0.80	247.55	51.95	0.00	21.91	241.45	241.45	1.53	0.53	0.71	33554430	0.1120
774.50	653.54	0.83	605.25	48.27	0.00	25.41	603.04	603.04	1.50	0.66	0.71	33554430	0.0513
1034.09	912.93	0.80	849.71	63.21	0.00	27.14	847.29	847.29	0.85	0.64	0.71	33554430	0.0368
1419.61	1298.62	0.81	1249.16	49.46	0.00	113.84	1247.27	1247.27	0.82	1.06	0.71	33554430	0.0258
418.05	297.13	0.80	237.95	59.17	0.00	23.28	226.37	226.37	1.69	0.52	0.72	33554430	0.1129
409.39	288.43	0.80	227.94	60.48	0.00	31.77	213.82	213.82	1.80	0.53	0.71	33554430	0.1163
399.60	278.54	0.82	217.66	60.88	0.00	43.37	191.46	191.46	2.23	0.52	0.71	33554430	0.1205
696.89	575.94	0.82	511.22	64.71	0.00	20.29	509.31	509.31	0.94	0.59	0.71	33554430	0.0583
591.00	470.05	0.78	419.85	50.19	0.00	20.42	416.69	416.69	1.17	0.61	0.71	33554430	0.0714
429.22	308.28	0.79	256.19	52.08	0.00	21.45	249.44	249.44	1.48	0.54	0.71	33554430	0.1088
438.38	317.44	0.82	252.15	65.27	0.00	27.34	237.32	237.32	1.77	0.52	0.71	33554430	0.1057
740.41	619.37	0.82	553.67	65.68	0.00	19.93	549.89	549.89	1.29	0.61	0.71	33554430	0.0542
588.29	467.30	0.80	417.63	49.67	0.00	16.67	415.71	415.71	1.00	0.61	0.71	33554430	0.0718
625.08	504.15	0.82	438.39	65.76	0.00	19.93	435.52	435.52	1.51	0.58	0.71	33554430	0.0666
717.67	596.69	0.83	519.18	77.51	0.00	15.79	518.04	518.04	1.02	0.56	0.72	33554430	0.0562
567.92	446.95	0.78	389.69	57.26	0.00	16.35	387.45	387.45	1.53	0.64	0.71	33554430	0.0751
491.81	370.90	0.77	320.77	50.13	0.00	15.59	317.81	317.81	1.15	0.57	0.71	33554430	0.0905
1509.74	1388.75	0.81	1338.98	49.76	0.00	132.70	1337.12	1337.12	0.48	0.99	0.71	33554430	0.0242
423.25	302.27	0.81	241.98	60.28	0.00	26.45	229.37	229.37	1.66	0.52	0.71	33554430	0.1110
479.90	358.96	0.81	279.56	79.39	0.00	47.44	254.92	254.92	2.57	0.54	0.71	33554430	0.0935
858.69	737.64	0.79	682.76	54.87	0.00	25.04	681.12	681.12	1.21	0.66	0.71	33554430	0.0455
496.96	375.46	1.32	309.98	65.47	0.00	18.42	306.14	306.14	1.47	0.54	0.74	33554430	0.0894
1020.89	899.88	0.81	836.68	63.19	0.00	25.13	833.80	833.80	0.86	0.65	0.71	33554430	0.0373
604.83	483.86	0.81	418.45	65.40	0.00	20.41	414.64	414.64	0.93	0.57	0.71	33554430	0.0693
657.12	536.12	0.88	486.09	50.02	0.00	22.44	483.15	483.15	0.44	0.63	0.71	33554430	0.0626
521.29	400.35	0.77	349.64	50.70	0.00	19.89	345.56	345.56	0.87	0.59	0.71	33554430	0.0838
1298.73	1177.93	0.68	1136.57	41.35	0.00	124.24	1132.02	1132.02	0.13	1.05	0.71	33554430	0.0285
1215.71	1094.56	0.82	1048.12	46.43	0.00	51.64	1042.58	1042.58	0.19	0.93	0.71	33554430	0.0307
352.91	231.62	0.81	175.79	55.83	0.00	31.79	163.97	163.97	1.72	0.57	0.72	33554430	0.1449
507.33	386.36	0.80	336.35	50.01	0.00	16.43	332.11	332.11	1.54	0.57	0.71	33554430	0.0868
320.09	199.13	0.78	152.90	46.23	0.00	38.93	127.47	127.47	2.19	0.51	0.71	33554430	0.1685
1049.98	929.04	0.81	878.96	50.06	0.00	33.41	876.14	876.14	0.75	0.65	0.71	33554430	0.0361
568.35	447.37	0.80	381.34	66.02	0.00	20.13	374.66	374.66	1.67	0.55	0.71	33554430	0.0750
1423.00	1302.05	0.80	1252.58	49.46	0.00	106.07	1250.64	1250.64	0.83	1.00	0.70	33554430	0.0258
461.87	340.85	0.81	282.65	58.20	0.00	21.52	273.87	273.87	1.80	0.85	0.71	33554430	0.0984
652.56	531.58	0.81	465.25	66.33	0.00	20.19	462.55	462.55	1.25	0.58	0.71	33554430	0.0631
424.65	303.55	0.87	251.43	52.11	0.00	21.89	246.88	246.88	1.57	0.53	0.71	33554430	0.1105
507.09	386.08	0.79	321.08	64.99	0.00	18.34	318.67	318.67	1.46	0.54	0.71	33554430	0.0869
1051.74	930.77	0.82	879.35	51.41	0.00	54.82	873.89	873.89	0.21	1.35	0.71	33554430	0.0361
447.98	326.85	0.80	281.50	45.34	0.00	19.80	275.21	275.21	1.11	0.56	0.71	33554430	0.1027
409.42	288.47	0.80	228.46	60.01	0.00	31.68	211.72	211.72	1.80	0.51	0.71	33554430	0.1163
1099.34	978.36	0.78	938.87	39.48	0.00	117.39	937.72	937.72	0.92	0.61	0.71	33554430	0.0343
SCALE: 20
nvtx: 1048576
edgefactor: 16
terasize: 2.68435455999999995e-04
A: 5.69999999999999951e-01
B: 1.90000000000000002e-01
C: 1.90000000000000002e-01
D: 5.00000000000000444e-02
generation_time: 0.00000000000000000e+00
construction_time: 1.93713040790000015e+01
nbfs: 100
min_time: 1.99908999919891361e-01
firstquartile_time: 3.26241750180721268e-01
median_time: 4.72641499936580667e-01
thirdquartile_time: 7.72429500013589898e-01
max_time: 1.45007100009918211e+00
mean_time: 5.93385590008497221e-01
stddev_time: 3.34086834122512721e-01
min_nedge: 1.67770120000000000e+07
firstquartile_nedge: 1.67770120000000000e+07
median_nedge: 1.67770120000000000e+07
thirdquartile_nedge: 1.67770120000000000e+07
max_nedge: 1.67770120000000000e+07
mean_nedge: 1.67770120000000000e+07
stddev_nedge: 0.00000000000000000e+00
min_TEPS: 1.15697865820725225e+07
firstquartile_TEPS: 2.20147447252443582e+07
median_TEPS: 3.61637510857858360e+07
thirdquartile_TEPS: 5.29266536471200883e+07
max_TEPS: 8.39232451101399958e+07
harmonic_mean_TEPS: 2.82733727992278077e+07
harmonic_stddev_TEPS: 1.59986150157263083e+06
