[BASH] Running the hybrid graph500 for scale 16 with sorted edges
file:/dev/null	benchmark:GRAPH500	vertices:65536	edges:2097150	partitioning:RANDOM	platform:HYBRID	alpha:50	repeat:1	gpu_count:1	thread_count:2	thread_sched:GUIDED	thread_bind:false	gpu_graph_mem:DEVICE	gpu_par_randomized:false	sorted:false	edge_sort_key:degree	edge_order:asc	separate_singletons:false	lambda:0Initializing the shares for Hybrid platform.
	time_init:552.89	time_par:16.55	rmt_vertex:62	rmt_edge:50	beta:2	pid0:50,52,31,25	pid1:50,48,31,25	
total	exec	init	comp	comm	finalize	cpu_comp	gpu_comp	gpu_total_comp	scatter	gather	aggr	trv_edges	exec_rate
90.11	83.22	2.38	31.34	51.87	0.00	31.08	10.87	10.87	5.19	3.36	0.14	2097150	0.0252
56.47	48.97	1.91	28.30	20.66	0.00	27.89	16.54	16.54	6.64	5.14	0.57	2097150	0.0428
341.69	334.65	1.72	253.30	81.34	0.00	31.78	244.49	244.49	8.16	4.56	0.24	2097150	0.0063
125.33	117.43	2.31	102.13	15.29	0.00	55.60	86.53	86.53	3.46	4.67	0.54	2097150	0.0179
256.93	247.81	2.04	51.05	196.69	0.00	29.03	43.27	43.27	7.25	4.86	4.15	2097150	0.0085
77.60	72.41	0.73	41.50	30.90	0.00	21.64	30.05	30.05	5.19	5.18	0.11	2097150	0.0290
52.66	45.37	2.48	28.55	16.80	0.00	27.07	13.73	13.73	8.04	5.16	0.14	2097150	0.0462
608.79	598.21	1.96	545.08	53.12	0.00	31.19	535.65	535.65	9.24	4.69	3.32	2097150	0.0035
78.32	70.64	2.38	51.50	19.14	0.00	37.45	36.96	36.96	3.85	4.63	0.52	2097150	0.0297
54.52	46.93	2.66	30.18	16.74	0.00	30.03	10.78	10.78	5.95	5.16	0.11	2097150	0.0447
81.70	74.60	2.32	47.43	27.16	0.00	28.42	38.77	38.77	10.79	4.62	0.10	2097150	0.0281
398.44	390.30	2.40	338.27	52.02	0.00	54.75	324.37	324.37	4.31	3.52	0.55	2097150	0.0054
53.16	46.67	1.69	29.65	17.01	0.00	29.49	11.84	11.84	6.54	5.20	0.11	2097150	0.0449
70.77	58.54	2.77	40.89	17.64	0.00	33.00	28.04	28.04	4.24	4.65	4.71	2097150	0.0358
732.43	724.80	2.24	29.48	695.31	0.00	26.17	17.05	17.05	6.73	4.77	0.53	2097150	0.0029
266.29	258.46	2.39	230.86	27.59	0.00	65.12	218.02	218.02	4.42	4.42	0.52	2097150	0.0081
50.05	43.81	1.45	27.94	15.86	0.00	25.63	13.49	13.49	6.86	4.72	0.10	2097150	0.0479
86.48	79.65	1.91	47.13	32.52	0.00	26.56	35.53	35.53	7.31	5.24	0.10	2097150	0.0263
67.05	60.40	1.43	30.93	29.47	0.00	29.41	21.96	21.96	9.26	4.65	0.53	2097150	0.0347
334.38	330.36	2.03	322.85	7.49	0.00	53.81	313.37	313.37	2.38	1.28	0.08	2097150	0.0063
158.68	148.40	1.54	124.93	23.47	0.00	28.90	115.36	115.36	10.23	4.71	3.49	2097150	0.0141
169.29	161.67	2.42	123.95	37.70	0.00	62.28	110.99	110.99	4.71	4.79	0.52	2097150	0.0130
52.43	45.87	1.64	30.69	15.17	0.00	30.52	11.51	11.51	3.85	5.82	0.11	2097150	0.0457
71.31	64.61	2.33	38.76	25.84	0.00	29.84	28.44	28.44	5.08	4.58	0.10	2097150	0.0325
256.59	248.79	2.01	27.93	220.85	0.00	27.83	11.16	11.16	6.13	4.77	0.50	2097150	0.0084
53.47	46.56	1.69	29.09	17.47	0.00	28.94	10.51	10.51	6.61	4.79	0.53	2097150	0.0450
95.54	87.99	2.38	36.56	51.42	0.00	26.08	24.22	24.22	7.54	4.28	0.12	2097150	0.0238
105.75	99.27	1.60	32.76	66.50	0.00	32.60	11.81	11.81	7.10	4.84	0.11	2097150	0.0211
106.51	98.29	2.38	26.27	72.01	0.00	26.19	15.61	15.61	8.34	4.68	0.54	2097150	0.0213
53.01	46.56	1.64	29.13	17.43	0.00	28.58	15.04	15.04	6.78	4.88	0.11	2097150	0.0450
89.41	83.00	1.62	33.74	49.25	0.00	27.17	24.69	24.69	7.95	4.19	0.10	2097150	0.0253
241.04	233.64	2.20	185.78	47.85	0.00	28.62	174.43	174.43	6.35	5.40	0.52	2097150	0.0090
47.50	40.61	1.68	25.22	15.38	0.00	25.10	11.72	11.72	6.14	4.42	0.53	2097150	0.0516
56.36	49.12	2.46	33.69	15.42	0.00	28.00	20.67	20.67	6.44	3.62	0.08	2097150	0.0427
839.50	831.73	2.84	796.71	35.02	0.00	65.42	784.28	784.28	4.46	4.59	0.13	2097150	0.0025
70.50	63.26	1.64	42.68	20.57	0.00	28.78	30.38	30.38	9.65	4.22	0.58	2097150	0.0332
56.04	48.83	2.41	31.17	17.64	0.00	30.99	13.85	13.85	6.67	5.54	0.10	2097150	0.0430
94.78	88.20	1.63	68.08	20.11	0.00	38.10	55.56	55.56	3.88	3.88	0.10	2097150	0.0238
503.72	495.54	2.35	68.92	426.61	0.00	31.08	59.66	59.66	5.77	4.56	0.51	2097150	0.0042
53.82	47.79	1.64	29.68	18.10	0.00	29.48	18.75	18.75	6.67	4.78	0.10	2097150	0.0439
114.05	106.74	2.10	49.61	57.12	0.00	29.73	41.81	41.81	8.42	4.23	0.53	2097150	0.0196
425.20	421.12	2.06	408.42	12.69	0.00	42.00	405.56	405.56	1.06	1.82	0.11	2097150	0.0050
96.48	90.88	1.01	58.09	32.78	0.00	25.16	52.21	52.21	2.15	3.82	0.29	2097150	0.0231
56.37	48.99	2.88	31.45	17.53	0.00	30.58	13.43	13.43	4.27	4.08	0.14	2097150	0.0428
60.74	54.06	1.79	28.65	25.41	0.00	23.48	20.27	20.27	7.06	4.77	0.14	2097150	0.0388
338.02	331.50	1.56	310.58	20.92	0.00	28.81	305.89	305.89	11.03	3.57	0.14	2097150	0.0063
115.43	107.90	2.75	70.05	37.84	0.00	44.14	59.18	59.18	3.06	3.99	0.13	2097150	0.0194
105.49	97.53	2.53	28.40	69.12	0.00	28.12	13.24	13.24	6.77	5.05	0.57	2097150	0.0215
103.75	96.43	1.93	51.89	44.53	0.00	28.85	39.28	39.28	5.04	4.97	0.60	2097150	0.0217
63.57	56.68	1.98	33.16	23.50	0.00	32.96	25.21	25.21	9.61	4.85	0.14	2097150	0.0370
266.12	259.20	2.50	57.82	201.37	0.00	31.15	45.52	45.52	4.58	5.32	0.13	2097150	0.0081
150.64	142.50	2.40	98.91	43.58	0.03	31.91	90.06	90.06	5.58	4.86	0.53	2097150	0.0147
57.07	49.60	2.19	28.96	20.63	0.00	28.57	14.45	14.45	6.69	4.51	0.56	2097150	0.0423
92.85	85.48	2.04	55.18	30.30	0.00	25.94	50.00	50.00	6.10	4.47	0.56	2097150	0.0245
183.48	176.53	1.98	58.85	117.66	0.00	39.42	47.32	47.32	3.21	4.48	0.65	2097150	0.0119
58.73	51.46	2.79	30.51	20.94	0.00	30.16	16.10	16.10	6.23	4.08	0.14	2097150	0.0408
593.94	582.39	2.52	39.15	543.23	0.00	29.93	25.98	25.98	4.50	4.26	3.76	2097150	0.0036
102.05	93.10	2.44	55.47	37.63	0.00	35.97	42.67	42.67	4.25	3.95	0.67	2097150	0.0225
56.80	50.34	2.04	29.70	20.63	0.00	29.40	14.68	14.68	6.36	4.08	0.15	2097150	0.0417
75.00	67.75	2.00	31.10	36.64	0.00	28.58	20.74	20.74	6.06	4.74	0.55	2097150	0.0310
346.32	338.76	2.64	304.35	34.40	0.00	26.15	294.01	294.01	7.88	4.53	0.14	2097150	0.0062
59.00	51.35	2.73	35.57	15.77	0.00	34.46	21.05	21.05	3.42	4.40	0.13	2097150	0.0408
495.50	488.28	1.96	143.86	344.41	0.00	59.29	126.89	126.89	4.67	4.90	0.52	2097150	0.0043
57.65	50.35	2.80	29.80	20.55	0.00	29.47	11.79	11.79	6.01	4.24	0.14	2097150	0.0416
352.02	343.94	2.47	316.80	27.13	0.00	27.96	310.99	310.99	9.92	4.60	0.17	2097150	0.0061
60.46	53.55	1.61	28.06	25.48	0.00	26.20	16.82	16.82	6.20	3.85	0.57	2097150	0.0392
60.49	52.11	2.65	35.00	17.09	0.00	34.37	23.02	23.02	3.08	5.35	0.13	2097150	0.0402
84.31	77.50	2.12	61.17	16.32	0.00	16.61	55.50	55.50	4.37	0.83	0.10	2097150	0.0271
98.82	92.74	1.61	60.22	32.51	0.00	30.24	46.40	46.40	5.97	4.76	0.11	2097150	0.0226
131.61	124.19	2.20	80.95	43.23	0.00	46.15	65.50	65.50	3.18	4.75	0.53	2097150	0.0169
53.05	46.25	2.40	29.57	16.67	0.00	28.41	12.78	12.78	7.15	5.17	0.11	2097150	0.0453
1117.28	1108.79	2.81	28.46	1080.31	0.00	25.53	17.57	17.57	5.73	5.09	3.75	2097150	0.0019
88.17	81.73	1.27	31.68	50.04	0.00	24.71	17.66	17.66	6.28	4.36	0.10	2097150	0.0257
55.56	49.63	1.52	34.48	15.14	0.00	34.32	17.94	17.94	4.40	4.74	0.10	2097150	0.0423
54.84	47.20	2.33	31.30	15.90	0.00	29.59	18.93	18.93	6.40	5.17	0.10	2097150	0.0444
142.68	135.89	1.56	31.76	104.12	0.00	31.68	16.04	16.04	6.06	4.77	0.44	2097150	0.0154
124.13	116.69	1.61	74.56	42.12	0.00	45.84	58.38	58.38	3.95	4.81	0.09	2097150	0.0180
54.74	46.88	2.64	31.14	15.74	0.00	30.98	11.41	11.41	5.46	5.18	0.52	2097150	0.0447
347.49	340.28	2.00	303.11	37.16	0.00	33.17	292.29	292.29	2.97	5.12	0.53	2097150	0.0062
98.15	91.98	1.68	44.90	47.07	0.00	31.66	26.32	26.32	3.40	4.82	0.11	2097150	0.0228
60.06	52.00	2.85	31.97	20.03	0.00	31.84	18.49	18.49	10.31	4.65	0.53	2097150	0.0403
83.22	75.67	2.76	36.85	38.81	0.00	30.93	25.60	25.60	5.47	5.15	0.10	2097150	0.0277
415.31	408.14	2.38	371.18	36.95	0.00	64.27	358.82	358.82	4.24	4.46	0.10	2097150	0.0051
57.93	51.06	1.65	31.78	19.27	0.00	31.66	16.54	16.54	9.63	4.53	0.53	2097150	0.0411
53.20	45.11	2.44	28.71	16.39	0.00	28.57	14.43	14.43	6.58	4.72	0.51	2097150	0.0465
174.74	167.27	2.32	30.78	136.48	0.00	28.25	13.72	13.72	7.27	4.82	0.37	2097150	0.0125
80.04	73.18	1.66	30.11	43.06	0.00	29.95	14.72	14.72	4.73	4.65	0.52	2097150	0.0287
65.95	59.46	1.64	44.74	14.71	0.00	38.41	30.38	30.38	5.40	4.75	0.10	2097150	0.0353
195.18	188.00	2.39	161.70	26.29	0.00	24.38	153.07	153.07	3.84	2.67	0.10	2097150	0.0112
141.56	134.00	2.38	78.54	55.45	0.00	33.49	66.14	66.14	3.82	4.44	0.10	2097150	0.0157
60.57	53.76	1.60	33.61	20.13	0.00	33.49	18.86	18.86	9.35	5.36	0.53	2097150	0.0390
52.15	45.66	1.64	29.75	15.90	0.00	26.59	15.57	15.57	7.41	4.75	0.09	2097150	0.0459
59.54	55.49	1.82	21.29	34.19	0.00	17.02	16.83	16.83	6.03	0.88	0.11	2097150	0.0378
23.33	20.38	0.75	15.09	5.29	0.00	7.99	15.09	15.09	1.57	0.96	0.08	2097150	0.1029
22.82	20.12	0.61	14.13	5.99	0.00	5.38	13.71	13.71	2.70	1.31	0.10	2097150	0.1042
23.20	20.49	0.64	15.15	5.34	0.00	7.90	14.33	14.33	0.30	0.89	0.10	2097150	0.1023
87.81	84.96	0.72	46.97	37.97	0.00	12.13	46.97	46.97	0.91	0.95	0.10	2097150	0.0247
21.75	18.98	0.62	12.36	6.61	0.00	5.76	12.11	12.11	2.19	0.91	0.10	2097150	0.1105
66.14	63.26	0.74	32.32	30.94	0.00	5.79	31.61	31.61	2.52	0.97	0.09	2097150	0.0331
21.45	18.42	0.70	12.07	6.33	0.00	6.05	12.07	12.07	1.69	0.92	0.09	2097150	0.1139
SCALE: 16
nvtx: 65536
edgefactor: 16
terasize: 1.67772159999999997e-05
A: 5.69999999999999951e-01
B: 1.90000000000000002e-01
C: 1.90000000000000002e-01
D: 5.00000000000000444e-02
generation_time: 0.00000000000000000e+00
construction_time: 8.65459166000000057e-01
nbfs: 100
min_time: 1.91210000514984123e-02
firstquartile_time: 5.24577500224113480e-02
median_time: 8.22800002098083572e-02
thirdquartile_time: 1.68212250113487227e-01
max_time: 1.11159499990940103e+00
mean_time: 1.53263440021276454e-01
stddev_time: 1.84428877639551375e-01
min_nedge: 1.00000000000000000e+00
firstquartile_nedge: 1.04856600000000000e+06
median_nedge: 1.04856600000000000e+06
thirdquartile_nedge: 1.04856600000000000e+06
max_nedge: 1.04856600000000000e+06
mean_nedge: 1.03808034999999998e+06
stddev_nedge: 1.04856500000000000e+05
min_TEPS: 3.00857745525455256e+00
firstquartile_TEPS: 7.05374326363874692e+06
median_TEPS: 1.32697912445255369e+07
thirdquartile_TEPS: 2.02379084962799512e+07
max_TEPS: 5.48384497241727337e+07
harmonic_mean_TEPS: 3.00844802842416016e+02
harmonic_stddev_TEPS: 3.02347264671592882e+02
