[BASH] Running the Hybrid graph500 for scale 14
file:/dev/null	benchmark:GRAPH500	vertices:16384	edges:524286	partitioning:HIGH	platform:HYBRID	alpha:50	repeat:1	gpu_count:1	thread_count:1	thread_sched:GUIDED	thread_bind:false	gpu_graph_mem:DEVICE	gpu_par_randomized:false	sorted:false	edge_sort_key:id	edge_order:asc	separate_singletons:false	lambda:0Initializing the shares for Hybrid platform.
	time_init:136.11	time_par:3.97	rmt_vertex:68	rmt_edge:51	beta:2	pid0:98,50,2,26	pid1:2,50,66,26	
total	exec	init	comp	comm	finalize	cpu_comp	gpu_comp	gpu_total_comp	scatter	gather	aggr	trv_edges	exec_rate
26.76	24.05	0.68	16.15	7.90	0.00	1.10	16.15	16.15	0.13	0.19	0.13	524286	0.0218
36.38	33.80	0.66	26.86	6.92	0.00	0.44	26.86	26.86	0.02	0.19	0.09	524286	0.0155
22.24	19.56	0.76	15.90	3.66	0.00	1.02	15.90	15.90	0.10	0.19	0.08	524286	0.0268
12.73	10.13	0.66	6.31	3.81	0.00	0.71	6.31	6.31	0.11	0.18	0.09	524286	0.0518
16.80	14.21	0.66	8.84	5.37	0.00	1.42	8.84	8.84	0.15	0.18	0.10	524286	0.0369
17.66	15.03	0.66	10.29	4.73	0.00	1.85	10.29	10.29	0.18	0.18	0.10	524286	0.0349
17.50	14.82	0.72	10.08	4.73	0.00	1.44	10.08	10.08	0.17	0.18	0.10	524286	0.0354
20.92	18.31	0.67	12.58	5.73	0.00	0.57	12.58	12.58	0.09	0.18	0.10	524286	0.0286
21.93	19.36	0.64	13.39	5.96	0.00	1.38	13.39	13.39	0.12	0.18	0.11	524286	0.0271
37.55	34.97	0.66	29.58	5.38	0.00	0.86	29.58	29.58	0.04	0.19	0.08	524286	0.0150
15.47	12.90	0.66	9.38	3.51	0.00	0.56	9.38	9.38	0.06	0.18	0.08	524286	0.0407
12.97	10.41	0.64	6.58	3.82	0.00	0.69	6.58	6.58	0.10	0.18	0.09	524286	0.0504
12.30	9.70	0.69	6.14	3.56	0.00	0.57	6.14	6.14	0.08	0.18	0.09	524286	0.0541
14.24	11.47	0.85	7.50	3.96	0.00	0.86	7.50	7.50	0.10	0.18	0.09	524286	0.0457
14.26	11.70	0.64	7.82	3.88	0.00	1.19	7.82	7.82	0.12	0.18	0.09	524286	0.0448
13.73	11.15	0.66	6.82	4.32	0.00	0.82	6.82	6.82	0.12	0.19	0.09	524286	0.0470
16.27	13.69	0.66	9.28	4.41	0.00	0.48	9.28	9.28	0.10	0.18	0.10	524286	0.0383
16.65	14.07	0.66	9.31	4.76	0.00	1.12	9.31	9.31	0.15	0.18	0.09	524286	0.0373
25.21	22.59	0.66	17.84	4.75	0.00	0.52	17.84	17.84	0.07	0.19	0.10	524286	0.0232
11.56	8.65	0.99	5.02	3.62	0.00	1.09	5.02	5.02	0.10	0.24	0.08	524286	0.0606
11.32	8.76	0.64	5.27	3.49	0.00	0.55	5.27	5.27	0.06	0.19	0.08	524286	0.0598
12.11	9.51	0.66	5.81	3.69	0.00	1.17	5.81	5.81	0.12	0.19	0.09	524286	0.0552
11.77	9.22	0.65	5.80	3.41	0.00	0.45	5.80	5.80	0.05	0.18	0.08	524286	0.0569
13.74	11.13	0.65	7.26	3.86	0.00	1.07	7.26	7.26	0.12	0.18	0.09	524286	0.0471
12.69	10.12	0.66	6.62	3.49	0.00	1.25	6.62	6.62	0.14	0.18	0.09	524286	0.0518
12.59	10.01	0.66	6.03	3.98	0.00	0.82	6.03	6.03	0.10	0.19	0.09	524286	0.0524
15.92	13.35	0.66	9.10	4.24	0.00	0.69	9.10	9.10	0.08	0.34	0.09	524286	0.0393
16.16	13.57	0.65	9.62	3.94	0.00	0.43	9.62	9.62	0.08	0.24	0.09	524286	0.0386
18.49	16.05	0.52	12.07	3.97	0.00	0.37	12.07	12.07	0.01	0.18	0.09	524286	0.0327
18.61	15.96	0.69	11.39	4.57	0.00	0.41	11.39	11.39	0.07	0.18	0.09	524286	0.0329
19.59	17.01	0.65	12.42	4.58	0.00	0.40	12.42	12.42	0.09	0.18	0.10	524286	0.0308
16.36	13.78	0.66	9.20	4.58	0.00	1.25	9.20	9.20	0.16	0.18	0.10	524286	0.0380
24.40	21.83	0.65	16.99	4.83	0.00	0.50	16.99	16.99	0.05	0.18	0.09	524286	0.0240
13.74	11.15	0.66	7.17	3.97	0.00	1.01	7.17	7.17	0.11	0.18	0.09	524286	0.0470
14.23	11.67	0.65	7.71	3.95	0.00	1.25	7.71	7.71	0.12	0.18	0.09	524286	0.0449
15.11	12.53	0.66	8.53	3.99	0.00	0.88	8.53	8.53	0.12	0.18	0.09	524286	0.0418
15.91	13.33	0.65	8.70	4.63	0.00	0.86	8.70	8.70	0.13	0.18	0.10	524286	0.0393
16.94	14.36	0.66	9.11	5.24	0.00	0.68	9.09	9.09	0.07	0.18	0.10	524286	0.0365
16.11	13.52	0.63	8.96	4.56	0.00	0.91	8.96	8.96	0.14	0.18	0.10	524286	0.0388
31.61	29.02	0.66	23.21	5.81	0.00	0.51	23.21	23.21	0.07	0.18	0.11	524286	0.0181
19.35	16.72	0.66	10.84	5.87	0.00	0.82	10.84	10.84	0.07	0.18	0.11	524286	0.0314
16.60	14.00	0.65	9.45	4.54	0.00	0.87	9.45	9.45	0.12	0.18	0.09	524286	0.0375
15.61	13.00	0.64	8.28	4.72	0.00	0.86	8.28	8.28	0.11	0.18	0.10	524286	0.0403
32.56	30.00	0.65	25.50	4.50	0.00	0.60	25.50	25.50	0.06	0.19	0.08	524286	0.0175
23.25	20.51	0.82	15.97	4.53	0.00	0.49	15.97	15.97	0.03	0.19	0.10	524286	0.0256
21.71	19.08	0.67	14.49	4.58	0.00	0.41	14.49	14.49	0.13	0.19	0.10	524286	0.0275
21.14	18.50	0.69	12.77	5.73	0.00	0.52	12.77	12.77	0.08	0.19	0.10	524286	0.0283
22.86	20.25	0.67	14.49	5.76	0.00	0.84	14.49	14.49	0.09	0.19	0.10	524286	0.0259
31.28	28.72	0.66	22.94	5.77	0.00	0.65	22.94	22.94	0.19	0.20	0.08	524286	0.0183
11.88	9.31	0.66	6.01	3.30	0.00	1.28	6.01	6.01	0.12	0.19	0.09	524286	0.0563
11.92	9.35	0.66	5.75	3.59	0.00	0.72	5.75	5.75	0.09	0.19	0.09	524286	0.0561
11.87	9.27	0.64	6.06	3.21	0.00	1.28	6.06	6.06	0.11	0.18	0.09	524286	0.0566
12.38	9.81	0.65	6.01	3.75	0.00	0.95	6.01	6.01	0.12	0.18	0.09	524286	0.0534
16.69	14.10	0.65	10.21	3.88	0.00	0.40	10.21	10.21	0.10	0.18	0.09	524286	0.0372
14.11	11.54	0.64	7.27	4.27	0.00	0.63	7.27	7.27	0.07	0.18	0.09	524286	0.0454
19.48	16.88	0.65	12.54	4.33	0.00	0.45	12.54	12.54	0.04	0.18	0.10	524286	0.0311
16.27	13.66	0.65	9.10	4.56	0.00	0.81	9.10	9.10	0.13	0.18	0.10	524286	0.0384
17.74	15.18	0.65	10.44	4.73	0.00	0.93	10.44	10.44	0.14	0.18	0.09	524286	0.0345
20.53	16.78	0.65	11.45	5.33	0.00	0.51	11.45	11.45	0.08	0.20	0.11	524286	0.0312
21.17	18.58	0.65	12.43	6.15	0.00	0.47	12.43	12.43	0.11	0.18	0.10	524286	0.0282
19.52	16.89	0.66	11.14	5.75	0.00	0.79	11.14	11.14	0.08	0.18	0.11	524286	0.0310
30.21	27.62	0.67	21.05	6.57	0.00	0.52	21.05	21.05	0.04	0.19	0.09	524286	0.0190
18.68	16.12	0.65	12.56	3.54	0.00	0.51	12.56	12.56	0.07	0.18	0.08	524286	0.0325
18.46	15.84	0.66	12.49	3.35	0.00	0.68	12.49	12.49	0.11	0.19	0.08	524286	0.0331
12.82	10.24	0.65	6.60	3.63	0.00	0.91	6.60	6.60	0.10	0.18	0.09	524286	0.0512
15.73	13.15	0.66	9.11	4.04	0.00	0.59	9.11	9.11	0.08	0.18	0.09	524286	0.0399
14.21	11.60	0.65	7.68	3.92	0.00	0.97	7.68	7.68	0.13	0.18	0.09	524286	0.0452
13.97	11.36	0.65	7.05	4.31	0.00	0.73	7.05	7.05	0.10	0.18	0.09	524286	0.0461
21.98	19.26	0.77	14.70	4.55	0.00	0.49	14.70	14.70	0.07	0.18	0.10	524286	0.0272
17.11	14.53	0.64	9.73	4.79	0.00	1.04	9.73	9.73	0.14	0.18	0.10	524286	0.0361
24.39	21.79	0.67	16.34	5.44	0.00	0.53	16.34	16.34	0.07	0.19	0.10	524286	0.0241
20.58	17.99	0.66	12.25	5.73	0.00	0.61	12.25	12.25	0.09	0.18	0.10	524286	0.0291
20.27	17.67	0.66	11.93	5.74	0.00	0.83	11.93	11.93	0.10	0.18	0.10	524286	0.0297
19.44	16.85	0.65	10.63	6.22	0.00	0.73	10.44	10.44	0.05	0.19	0.11	524286	0.0311
24.28	21.70	0.65	15.54	6.15	0.00	0.46	15.54	15.54	0.08	0.19	0.09	524286	0.0242
12.18	9.62	0.66	6.32	3.30	0.00	0.55	6.32	6.32	0.08	0.18	0.08	524286	0.0545
13.14	10.59	0.64	6.94	3.64	0.00	0.54	6.94	6.94	0.10	0.18	0.08	524286	0.0495
11.89	9.32	0.65	6.03	3.28	0.00	1.40	6.03	6.03	0.14	0.18	0.08	524286	0.0562
13.49	10.83	0.65	6.56	4.26	0.00	0.68	6.56	6.56	0.11	0.18	0.09	524286	0.0484
18.28	15.71	0.65	11.84	3.86	0.00	0.42	11.84	11.84	0.07	0.18	0.09	524286	0.0334
14.76	12.14	0.70	7.80	4.34	0.00	0.48	7.80	7.80	0.05	0.18	0.09	524286	0.0432
15.97	13.38	0.67	9.20	4.17	0.00	0.41	9.20	9.20	0.11	0.18	0.09	524286	0.0392
16.41	13.84	0.64	9.29	4.54	0.00	0.72	9.29	9.29	0.14	0.18	0.10	524286	0.0379
17.24	14.60	0.68	10.06	4.54	0.00	0.47	10.06	10.06	0.11	0.18	0.09	524286	0.0359
17.18	14.60	0.66	9.99	4.60	0.00	1.30	9.99	9.99	0.14	0.19	0.10	524286	0.0359
22.71	20.25	0.53	15.32	4.92	0.00	0.43	15.32	15.32	0.01	0.38	0.11	524286	0.0259
21.59	18.97	0.66	13.22	5.74	0.00	0.53	13.22	13.22	0.08	0.18	0.11	524286	0.0276
34.52	31.90	0.69	25.92	5.97	0.00	0.49	25.92	25.92	0.05	0.19	0.10	524286	0.0164
20.02	17.43	0.66	11.67	5.76	0.00	0.69	11.67	11.67	0.09	0.18	0.11	524286	0.0301
21.46	18.87	0.66	12.86	6.00	0.00	1.42	12.86	12.86	0.12	0.19	0.11	524286	0.0278
30.12	27.52	0.67	21.83	5.68	0.00	0.44	21.83	21.83	0.07	0.18	0.10	524286	0.0190
15.56	13.00	0.64	8.07	4.92	0.00	0.91	8.07	8.07	0.11	0.18	0.09	524286	0.0403
17.68	15.11	0.65	10.34	4.76	0.00	1.82	10.34	10.34	0.18	0.19	0.10	524286	0.0347
18.46	15.86	0.65	10.79	5.07	0.00	1.18	10.79	10.79	0.14	0.18	0.11	524286	0.0330
21.43	18.82	0.65	13.05	5.77	0.00	0.49	13.05	13.05	0.08	0.18	0.11	524286	0.0279
31.05	28.48	0.65	22.86	5.60	0.00	0.55	22.86	22.86	0.05	0.19	0.10	524286	0.0184
16.12	13.38	0.82	8.83	4.54	0.00	0.87	8.83	8.83	0.13	0.18	0.10	524286	0.0392
18.20	15.63	0.64	10.72	4.90	0.00	0.43	10.72	10.72	0.07	0.18	0.10	524286	0.0336
25.49	22.91	0.66	18.39	4.51	0.00	0.53	18.39	18.39	0.06	0.18	0.10	524286	0.0229
18.38	15.73	0.69	10.85	4.87	0.00	0.48	10.85	10.85	0.07	0.39	0.13	524286	0.0333
SCALE: 14
nvtx: 16384
edgefactor: 16
terasize: 4.19430399999999992e-06
A: 5.69999999999999951e-01
B: 1.90000000000000002e-01
C: 1.90000000000000002e-01
D: 5.00000000000000444e-02
generation_time: 0.00000000000000000e+00
construction_time: 2.25499916000000022e-01
nbfs: 100
min_time: 9.40799999237060605e-03
firstquartile_time: 1.23267499506473539e-02
median_time: 1.54095000624656676e-02
thirdquartile_time: 1.95130000412464151e-02
max_time: 3.56319998502731342e-02
mean_time: 1.66937199997901908e-02
stddev_time: 5.81564859893586496e-03
min_nedge: 2.62140000000000000e+05
firstquartile_nedge: 2.62140000000000000e+05
median_nedge: 2.62140000000000000e+05
thirdquartile_nedge: 2.62140000000000000e+05
max_nedge: 2.62140000000000000e+05
mean_nedge: 2.62140000000000000e+05
stddev_nedge: 0.00000000000000000e+00
min_TEPS: 7.35687025992145017e+06
firstquartile_TEPS: 1.36357425419353973e+07
median_TEPS: 1.72320357237020135e+07
thirdquartile_TEPS: 2.13713790315841660e+07
max_TEPS: 2.78635204307591170e+07
harmonic_mean_TEPS: 1.57029110350056607e+07
harmonic_stddev_TEPS: 5.49803632816199097e+05
