[BASH] Running the CPU only (default) graph500 for scale 18 with sorted edges
file:/dev/null	benchmark:GRAPH500	vertices:262143	edges:8388606	partitioning:RANDOM	platform:CPU	alpha:50	repeat:1	gpu_count:1	thread_count:4	thread_sched:GUIDED	thread_bind:false	gpu_graph_mem:DEVICE	gpu_par_randomized:false	sorted:false	edge_sort_key:degree	edge_order:asc	separate_singletons:false	lambda:0	time_init:619.08	time_par:24.95	rmt_vertex:0	rmt_edge:0	beta:0	pid0:100,100,0,0	
total	exec	init	comp	comm	finalize	cpu_comp	gpu_comp	gpu_total_comp	scatter	gather	aggr	trv_edges	exec_rate
34.07	31.75	1.65	31.71	0.04	0.00	31.71	0.00	0.00	0.00	0.00	0.00	8388606	0.2642
37.98	37.07	0.21	37.03	0.04	0.00	37.03	0.00	0.00	0.00	0.00	0.00	8388606	0.2263
28.74	25.97	2.09	25.94	0.03	0.00	25.94	0.00	0.00	0.00	0.00	0.00	8388606	0.3229
42.14	38.16	2.32	38.12	0.04	0.00	38.12	0.00	0.00	0.00	0.00	0.00	8388606	0.2198
37.43	34.07	1.67	34.01	0.05	0.00	34.01	0.00	0.00	0.00	0.00	0.00	8388606	0.2462
40.53	36.63	2.22	36.58	0.04	0.00	36.58	0.00	0.00	0.01	0.00	0.00	8388606	0.2290
40.11	37.74	1.68	37.70	0.03	0.00	37.70	0.00	0.00	0.00	0.00	0.00	8388606	0.2223
63.87	59.12	3.00	59.08	0.04	0.00	59.08	0.00	0.00	0.01	0.00	0.00	8388606	0.1419
41.88	39.47	1.69	39.43	0.04	0.00	39.43	0.00	0.00	0.00	0.00	0.00	8388606	0.2125
24.68	23.75	0.25	23.71	0.03	0.00	23.71	0.00	0.00	0.00	0.00	0.00	8388606	0.3532
33.55	31.22	1.66	31.17	0.03	0.00	31.17	0.00	0.00	0.00	0.00	0.00	8388606	0.2687
40.69	37.35	1.67	37.31	0.04	0.00	37.31	0.00	0.00	0.01	0.00	0.00	8388606	0.2246
35.62	32.25	1.65	32.21	0.04	0.00	32.21	0.00	0.00	0.00	0.00	0.00	8388606	0.2601
30.77	27.98	2.08	27.94	0.04	0.00	27.94	0.00	0.00	0.00	0.00	0.00	8388606	0.2998
30.88	28.48	1.68	28.43	0.04	0.00	28.43	0.00	0.00	0.00	0.00	0.00	8388606	0.2946
33.20	30.20	2.32	30.16	0.04	0.00	30.16	0.00	0.00	0.00	0.00	0.00	8388606	0.2778
34.45	33.48	0.26	33.43	0.04	0.00	33.43	0.00	0.00	0.00	0.00	0.00	8388606	0.2506
24.75	23.80	0.25	23.76	0.03	0.00	23.76	0.00	0.00	0.00	0.00	0.00	8388606	0.3525
32.10	31.20	0.21	31.16	0.03	0.00	31.16	0.00	0.00	0.00	0.00	0.00	8388606	0.2688
24.70	23.76	0.25	23.72	0.03	0.00	23.72	0.00	0.00	0.00	0.00	0.00	8388606	0.3531
140.22	104.90	34.61	104.83	0.06	0.00	104.83	0.00	0.00	0.01	0.00	0.00	8388606	0.0800
34.41	32.47	0.25	32.43	0.03	0.00	32.43	0.00	0.00	0.00	0.00	0.00	8388606	0.2584
25.64	24.70	0.25	24.66	0.04	0.00	24.66	0.00	0.00	0.00	0.00	0.00	8388606	0.3397
38.83	35.68	2.45	35.63	0.04	0.00	35.63	0.00	0.00	0.00	0.00	0.00	8388606	0.2351
24.60	23.51	0.41	23.47	0.03	0.00	23.47	0.00	0.00	0.00	0.00	0.00	8388606	0.3568
27.96	27.00	0.26	26.96	0.04	0.00	26.96	0.00	0.00	0.00	0.00	0.00	8388606	0.3107
30.94	29.68	0.58	29.63	0.03	0.00	29.63	0.00	0.00	0.00	0.00	0.00	8388606	0.2827
27.47	25.12	1.68	25.09	0.03	0.00	25.09	0.00	0.00	0.01	0.00	0.00	8388606	0.3339
22.56	21.61	0.26	21.56	0.03	0.00	21.56	0.00	0.00	0.00	0.00	0.00	8388606	0.3883
23.63	22.59	0.36	22.56	0.03	0.00	22.56	0.00	0.00	0.00	0.00	0.00	8388606	0.3713
23.83	22.91	0.25	22.87	0.03	0.00	22.87	0.00	0.00	0.01	0.00	0.00	8388606	0.3662
78.51	70.26	6.57	70.22	0.04	0.00	70.22	0.00	0.00	0.00	0.00	0.00	8388606	0.1194
60.40	56.16	2.56	56.11	0.04	0.00	56.11	0.00	0.00	0.01	0.00	0.00	8388606	0.1494
42.37	39.61	2.07	39.57	0.03	0.00	39.57	0.00	0.00	0.00	0.00	0.00	8388606	0.2118
23.84	22.94	0.24	22.89	0.04	0.00	22.89	0.00	0.00	0.00	0.00	0.00	8388606	0.3658
25.73	24.73	0.25	24.68	0.03	0.00	24.68	0.00	0.00	0.00	0.00	0.00	8388606	0.3392
33.86	32.93	0.24	32.88	0.04	0.00	32.88	0.00	0.00	0.00	0.00	0.00	8388606	0.2548
29.21	26.40	2.13	26.36	0.04	0.00	26.36	0.00	0.00	0.00	0.00	0.00	8388606	0.3177
25.50	24.59	0.25	24.55	0.02	0.00	24.55	0.00	0.00	0.00	0.00	0.00	8388606	0.3412
23.26	22.33	0.25	22.28	0.03	0.00	22.28	0.00	0.00	0.00	0.00	0.00	8388606	0.3757
31.24	30.33	0.25	30.29	0.03	0.00	30.29	0.00	0.00	0.00	0.00	0.00	8388606	0.2766
35.81	34.88	0.25	34.84	0.03	0.00	34.84	0.00	0.00	0.00	0.00	0.00	8388606	0.2405
33.11	32.13	0.27	32.08	0.03	0.00	32.08	0.00	0.00	0.00	0.00	0.00	8388606	0.2611
23.70	22.73	0.25	22.66	0.05	0.00	22.66	0.00	0.00	0.00	0.00	0.00	8388606	0.3691
23.03	22.10	0.25	22.06	0.04	0.00	22.06	0.00	0.00	0.01	0.00	0.00	8388606	0.3795
23.56	22.64	0.26	22.60	0.03	0.00	22.60	0.00	0.00	0.00	0.00	0.00	8388606	0.3705
35.84	34.89	0.25	34.85	0.04	0.00	34.85	0.00	0.00	0.01	0.00	0.00	8388606	0.2404
29.19	28.19	0.27	28.15	0.04	0.00	28.15	0.00	0.00	0.00	0.00	0.00	8388606	0.2975
32.62	31.67	0.27	31.63	0.03	0.00	31.63	0.00	0.00	0.01	0.00	0.00	8388606	0.2649
23.36	22.11	0.58	22.08	0.03	0.00	22.08	0.00	0.00	0.00	0.00	0.00	8388606	0.3794
22.99	22.06	0.25	22.02	0.03	0.00	22.02	0.00	0.00	0.00	0.00	0.00	8388606	0.3802
27.48	26.57	0.26	26.53	0.04	0.00	26.53	0.00	0.00	0.00	0.00	0.00	8388606	0.3157
25.00	24.07	0.25	24.03	0.03	0.00	24.03	0.00	0.00	0.00	0.00	0.00	8388606	0.3485
30.95	30.00	0.25	29.96	0.03	0.00	29.96	0.00	0.00	0.00	0.00	0.01	8388606	0.2796
24.06	23.09	0.25	23.05	0.03	0.00	23.05	0.00	0.00	0.01	0.00	0.00	8388606	0.3634
23.63	22.69	0.26	22.65	0.04	0.00	22.65	0.00	0.00	0.00	0.00	0.00	8388606	0.3697
32.09	30.13	0.25	30.07	0.05	0.00	30.07	0.00	0.00	0.01	0.00	0.00	8388606	0.2784
25.73	23.00	2.07	22.97	0.03	0.00	22.97	0.00	0.00	0.01	0.00	0.00	8388606	0.3647
23.07	22.15	0.25	22.11	0.03	0.00	22.11	0.00	0.00	0.00	0.00	0.00	8388606	0.3787
24.75	23.81	0.25	23.77	0.03	0.00	23.77	0.00	0.00	0.00	0.00	0.00	8388606	0.3524
26.12	24.89	0.28	24.85	0.03	0.00	24.85	0.00	0.00	0.00	0.00	0.00	8388606	0.3371
29.04	28.12	0.26	28.07	0.04	0.00	28.07	0.00	0.00	0.00	0.00	0.00	8388606	0.2984
23.97	23.04	0.25	23.00	0.03	0.00	23.00	0.00	0.00	0.01	0.00	0.00	8388606	0.3640
28.17	26.92	0.25	26.88	0.03	0.00	26.88	0.00	0.00	0.01	0.00	0.00	8388606	0.3116
181.06	132.52	43.75	132.37	0.12	0.00	132.37	0.00	0.00	0.01	0.01	0.00	8388606	0.0633
53.27	50.62	1.69	50.57	0.04	0.00	50.57	0.00	0.00	0.00	0.00	0.00	8388606	0.1657
129.81	116.05	11.28	115.95	0.09	0.00	115.95	0.00	0.00	0.01	0.00	0.00	8388606	0.0723
119.32	106.62	11.89	106.56	0.05	0.00	106.56	0.00	0.00	0.01	0.00	0.00	8388606	0.0787
68.49	67.40	0.27	67.36	0.03	0.00	67.36	0.00	0.00	0.00	0.00	0.00	8388606	0.1245
59.39	48.31	10.32	48.26	0.04	0.00	48.26	0.00	0.00	0.00	0.00	0.00	8388606	0.1736
77.72	76.74	0.25	76.70	0.04	0.00	76.70	0.00	0.00	0.00	0.00	0.00	8388606	0.1093
64.52	63.59	0.25	63.55	0.04	0.00	63.55	0.00	0.00	0.01	0.00	0.00	8388606	0.1319
121.86	110.20	2.24	110.09	0.09	0.00	110.09	0.00	0.00	0.01	0.00	0.00	8388606	0.0761
137.50	122.80	12.26	122.71	0.07	0.00	122.71	0.00	0.00	0.01	0.00	0.00	8388606	0.0683
105.83	93.12	12.01	93.04	0.07	0.00	93.04	0.00	0.00	0.01	0.00	0.00	8388606	0.0901
64.61	63.62	0.25	63.57	0.04	0.00	63.57	0.00	0.00	0.01	0.00	0.00	8388606	0.1319
67.34	66.41	0.26	66.37	0.04	0.00	66.37	0.00	0.00	0.00	0.00	0.00	8388606	0.1263
69.21	68.28	0.27	68.23	0.04	0.00	68.23	0.00	0.00	0.00	0.00	0.00	8388606	0.1229
102.92	100.16	0.25	100.06	0.09	0.00	100.06	0.00	0.00	0.01	0.00	0.00	8388606	0.0838
70.26	66.30	2.28	66.23	0.05	0.00	66.23	0.00	0.00	0.01	0.00	0.00	8388606	0.1265
40.85	37.53	1.64	37.49	0.04	0.00	37.49	0.00	0.00	0.01	0.00	0.00	8388606	0.2235
37.70	34.36	1.65	34.32	0.03	0.00	34.32	0.00	0.00	0.01	0.00	0.00	8388606	0.2441
38.00	34.24	2.07	34.20	0.04	0.00	34.20	0.00	0.00	0.00	0.00	0.00	8388606	0.2450
37.32	33.94	1.65	33.90	0.03	0.00	33.90	0.00	0.00	0.01	0.00	0.00	8388606	0.2472
41.53	37.79	1.64	37.75	0.03	0.00	37.75	0.00	0.00	0.01	0.00	0.00	8388606	0.2220
40.06	35.87	2.06	35.83	0.03	0.00	35.83	0.00	0.00	0.01	0.00	0.00	8388606	0.2338
47.08	43.73	1.66	43.69	0.04	0.00	43.69	0.00	0.00	0.00	0.00	0.00	8388606	0.1918
39.71	36.39	1.66	36.35	0.04	0.00	36.35	0.00	0.00	0.00	0.00	0.00	8388606	0.2305
38.82	35.51	1.64	35.46	0.04	0.00	35.46	0.00	0.00	0.01	0.00	0.00	8388606	0.2362
49.50	46.09	1.65	46.04	0.04	0.00	46.04	0.00	0.00	0.01	0.00	0.00	8388606	0.1820
45.21	41.43	2.07	41.39	0.03	0.00	41.39	0.00	0.00	0.00	0.00	0.00	8388606	0.2025
48.47	45.15	1.65	45.11	0.03	0.00	45.11	0.00	0.00	0.01	0.00	0.00	8388606	0.1858
40.63	37.28	1.65	37.24	0.04	0.00	37.24	0.00	0.00	0.01	0.00	0.00	8388606	0.2250
37.71	34.41	1.65	34.37	0.03	0.00	34.37	0.00	0.00	0.00	0.00	0.00	8388606	0.2438
37.77	34.46	1.64	34.43	0.03	0.00	34.43	0.00	0.00	0.00	0.00	0.00	8388606	0.2434
42.23	38.86	1.65	38.82	0.03	0.00	38.82	0.00	0.00	0.01	0.00	0.00	8388606	0.2159
43.11	39.28	2.16	39.24	0.04	0.00	39.24	0.00	0.00	0.00	0.00	0.00	8388606	0.2136
39.17	36.25	1.65	36.21	0.03	0.00	36.21	0.00	0.00	0.00	0.00	0.00	8388606	0.2314
38.03	34.45	1.66	34.41	0.04	0.00	34.41	0.00	0.00	0.00	0.00	0.00	8388606	0.2435
42.92	39.56	1.67	39.51	0.04	0.00	39.51	0.00	0.00	0.00	0.00	0.00	8388606	0.2120
SCALE: 18
nvtx: 262144
edgefactor: 16
terasize: 6.71088639999999987e-05
A: 5.69999999999999951e-01
B: 1.90000000000000002e-01
C: 1.90000000000000002e-01
D: 5.00000000000000444e-02
generation_time: 0.00000000000000000e+00
construction_time: 1.67778499900000000e+00
nbfs: 100
min_time: 2.18700000643730179e-02
firstquartile_time: 2.68089999705553028e-02
median_time: 3.53649999797344267e-02
thirdquartile_time: 4.30417499542236279e-02
max_time: 1.76272000074386592e-01
mean_time: 4.33243300008773688e-02
stddev_time: 2.86220213475993947e-02
min_nedge: 4.19425900000000000e+06
firstquartile_nedge: 4.19425900000000000e+06
median_nedge: 4.19425900000000000e+06
thirdquartile_nedge: 4.19425900000000000e+06
max_nedge: 4.19425900000000000e+06
mean_nedge: 4.19425900000000000e+06
stddev_nedge: 0.00000000000000000e+00
min_TEPS: 2.37942441126782894e+07
firstquartile_TEPS: 1.01331880377731904e+08
median_TEPS: 1.21549611625741303e+08
thirdquartile_TEPS: 1.67107374480608046e+08
max_TEPS: 1.91781389467510432e+08
harmonic_mean_TEPS: 9.68107065917709470e+07
harmonic_stddev_TEPS: 6.42797588382738549e+06
