[BASH] Running the CPU only (default) graph500 for scale 19 with sorted edges
file:/dev/null	benchmark:GRAPH500	vertices:524288	edges:16777214	partitioning:RANDOM	platform:CPU	alpha:50	repeat:1	gpu_count:1	thread_count:4	thread_sched:GUIDED	thread_bind:false	gpu_graph_mem:DEVICE	gpu_par_randomized:false	sorted:false	edge_sort_key:degree	edge_order:asc	separate_singletons:false	lambda:0	time_init:2409.95	time_par:143.88	rmt_vertex:0	rmt_edge:0	beta:0	pid0:100,100,0,0	
total	exec	init	comp	comm	finalize	cpu_comp	gpu_comp	gpu_total_comp	scatter	gather	aggr	trv_edges	exec_rate
78.63	73.38	2.43	73.32	0.05	0.00	73.32	0.00	0.00	0.00	0.00	0.00	16777214	0.2286
73.32	68.29	2.51	68.24	0.04	0.00	68.24	0.00	0.00	0.00	0.00	0.00	16777214	0.2457
130.67	115.97	13.25	115.92	0.05	0.00	115.92	0.00	0.00	0.00	0.00	0.00	16777214	0.1447
89.39	85.48	2.51	85.42	0.05	0.00	85.42	0.00	0.00	0.00	0.00	0.00	16777214	0.1963
76.96	71.28	2.86	71.22	0.06	0.00	71.22	0.00	0.00	0.01	0.00	0.00	16777214	0.2354
158.77	153.09	2.52	153.03	0.05	0.00	153.03	0.00	0.00	0.00	0.00	0.00	16777214	0.1096
155.72	150.20	2.57	150.13	0.06	0.00	150.13	0.00	0.00	0.01	0.00	0.00	16777214	0.1117
91.72	86.64	3.70	86.58	0.04	0.00	86.58	0.00	0.00	0.01	0.00	0.00	16777214	0.1936
150.26	134.41	5.36	134.34	0.06	0.00	134.34	0.00	0.00	0.00	0.00	0.00	16777214	0.1248
132.35	123.76	5.26	123.70	0.06	0.00	123.70	0.00	0.00	0.00	0.00	0.00	16777214	0.1356
91.93	86.87	2.25	86.82	0.04	0.00	86.82	0.00	0.00	0.00	0.00	0.00	16777214	0.1931
109.43	103.72	2.94	103.65	0.06	0.00	103.65	0.00	0.00	0.01	0.00	0.00	16777214	0.1618
142.32	125.77	10.54	125.70	0.07	0.00	125.70	0.00	0.00	0.00	0.00	0.00	16777214	0.1334
103.86	97.42	3.83	97.36	0.05	0.00	97.36	0.00	0.00	0.01	0.00	0.00	16777214	0.1722
145.90	135.83	2.55	135.75	0.06	0.00	135.75	0.00	0.00	0.00	0.00	0.00	16777214	0.1235
158.93	150.71	6.84	150.64	0.05	0.00	150.64	0.00	0.00	0.00	0.00	0.00	16777214	0.1113
146.11	139.35	3.71	139.28	0.07	0.00	139.28	0.00	0.00	0.00	0.00	0.00	16777214	0.1204
139.67	134.43	3.88	134.37	0.05	0.00	134.37	0.00	0.00	0.01	0.00	0.00	16777214	0.1248
83.53	80.40	0.44	80.34	0.05	0.00	80.34	0.00	0.00	0.01	0.00	0.00	16777214	0.2087
115.38	107.47	2.55	107.39	0.06	0.00	107.39	0.00	0.00	0.01	0.00	0.00	16777214	0.1561
135.58	120.41	12.24	119.93	0.48	0.00	119.93	0.00	0.00	0.00	0.00	0.00	16777214	0.1393
106.72	101.30	2.46	101.23	0.07	0.00	101.23	0.00	0.00	0.01	0.00	0.00	16777214	0.1656
165.31	157.81	6.13	157.75	0.06	0.00	157.75	0.00	0.00	0.00	0.00	0.00	16777214	0.1063
108.51	104.61	2.51	104.56	0.04	0.00	104.56	0.00	0.00	0.00	0.00	0.00	16777214	0.1604
89.04	83.24	2.47	82.35	0.88	0.00	82.35	0.00	0.00	0.00	0.00	0.00	16777214	0.2016
163.37	154.24	2.54	153.71	0.52	0.00	153.71	0.00	0.00	0.01	0.00	0.00	16777214	0.1088
111.53	105.67	2.51	105.62	0.04	0.00	105.62	0.00	0.00	0.01	0.00	0.00	16777214	0.1588
76.31	71.19	2.08	71.14	0.04	0.00	71.14	0.00	0.00	0.01	0.00	0.00	16777214	0.2357
185.96	176.53	2.87	176.45	0.07	0.00	176.45	0.00	0.00	0.00	0.00	0.00	16777214	0.0950
112.40	104.29	6.73	104.23	0.05	0.00	104.23	0.00	0.00	0.00	0.00	0.00	16777214	0.1609
141.24	137.74	2.09	137.69	0.04	0.00	137.69	0.00	0.00	0.00	0.00	0.00	16777214	0.1218
96.79	94.62	0.46	94.57	0.04	0.00	94.57	0.00	0.00	0.00	0.00	0.00	16777214	0.1773
88.19	86.33	0.43	86.29	0.04	0.00	86.29	0.00	0.00	0.00	0.00	0.00	16777214	0.1943
44.56	41.55	0.44	41.53	0.02	0.00	41.53	0.00	0.00	0.00	0.00	0.00	16777214	0.4038
130.81	112.13	15.87	112.07	0.05	0.00	112.07	0.00	0.00	0.01	0.00	0.00	16777214	0.1496
92.00	88.47	2.14	88.42	0.05	0.00	88.42	0.00	0.00	0.01	0.00	0.00	16777214	0.1896
155.00	151.07	2.56	151.02	0.05	0.00	151.02	0.00	0.00	0.00	0.00	0.00	16777214	0.1111
104.01	99.25	0.45	99.20	0.04	0.00	99.20	0.00	0.00	0.01	0.00	0.00	16777214	0.1690
94.87	89.34	2.53	88.86	0.48	0.00	88.86	0.00	0.00	0.01	0.00	0.00	16777214	0.1878
161.45	155.66	3.42	155.59	0.06	0.00	155.59	0.00	0.00	0.01	0.00	0.00	16777214	0.1078
87.81	82.00	2.45	81.94	0.05	0.00	81.94	0.00	0.00	0.00	0.00	0.00	16777214	0.2046
118.71	113.06	2.47	113.01	0.05	0.00	113.01	0.00	0.00	0.00	0.00	0.00	16777214	0.1484
126.43	122.95	2.10	122.90	0.04	0.00	122.90	0.00	0.00	0.01	0.00	0.00	16777214	0.1365
63.88	60.00	2.46	59.95	0.04	0.00	59.95	0.00	0.00	0.00	0.00	0.00	16777214	0.2796
491.53	426.97	61.68	426.77	0.17	0.00	426.77	0.00	0.00	0.02	0.00	0.00	16777214	0.0393
153.89	141.51	2.10	141.44	0.06	0.00	141.44	0.00	0.00	0.00	0.00	0.00	16777214	0.1186
107.77	104.33	2.09	104.28	0.04	0.00	104.28	0.00	0.00	0.00	0.00	0.00	16777214	0.1608
102.40	98.51	2.48	98.46	0.05	0.00	98.46	0.00	0.00	0.00	0.00	0.00	16777214	0.1703
118.44	114.81	0.49	114.75	0.06	0.00	114.75	0.00	0.00	0.01	0.00	0.00	16777214	0.1461
149.65	134.72	12.05	134.65	0.05	0.00	134.65	0.00	0.00	0.01	0.00	0.00	16777214	0.1245
164.07	153.99	2.49	153.91	0.07	0.00	153.91	0.00	0.00	0.01	0.00	0.00	16777214	0.1089
103.38	99.56	2.45	99.51	0.04	0.00	99.51	0.00	0.00	0.00	0.00	0.00	16777214	0.1685
90.89	78.11	10.00	78.06	0.05	0.00	78.06	0.00	0.00	0.00	0.00	0.00	16777214	0.2148
92.07	88.20	2.49	88.14	0.04	0.00	88.14	0.00	0.00	0.01	0.00	0.00	16777214	0.1902
106.96	95.16	0.48	95.12	0.04	0.00	95.12	0.00	0.00	0.00	0.00	0.00	16777214	0.1763
81.17	79.35	0.44	79.30	0.04	0.00	79.30	0.00	0.00	0.01	0.00	0.00	16777214	0.2114
90.19	74.73	10.73	74.67	0.05	0.00	74.67	0.00	0.00	0.01	0.00	0.00	16777214	0.2245
166.75	157.49	6.06	156.99	0.49	0.00	156.99	0.00	0.00	0.01	0.00	0.00	16777214	0.1065
101.92	98.58	0.48	98.52	0.05	0.00	98.52	0.00	0.00	0.01	0.00	0.00	16777214	0.1702
93.40	86.73	2.05	86.67	0.05	0.00	86.67	0.00	0.00	0.01	0.00	0.00	16777214	0.1934
159.76	153.72	4.65	153.65	0.05	0.00	153.65	0.00	0.00	0.00	0.00	0.00	16777214	0.1091
78.14	72.56	2.54	72.50	0.06	0.00	72.50	0.00	0.00	0.00	0.00	0.00	16777214	0.2312
104.19	101.71	1.04	101.67	0.04	0.00	101.67	0.00	0.00	0.00	0.00	0.00	16777214	0.1649
122.75	120.92	0.45	120.87	0.04	0.00	120.87	0.00	0.00	0.00	0.00	0.00	16777214	0.1387
85.77	80.50	2.44	80.45	0.04	0.00	80.45	0.00	0.00	0.00	0.00	0.00	16777214	0.2084
102.86	94.52	2.47	94.46	0.06	0.00	94.46	0.00	0.00	0.00	0.00	0.00	16777214	0.1775
127.14	114.12	6.71	114.04	0.07	0.00	114.04	0.00	0.00	0.01	0.00	0.00	16777214	0.1470
113.42	103.50	6.68	103.43	0.05	0.00	103.43	0.00	0.00	0.01	0.00	0.00	16777214	0.1621
62.13	58.34	2.41	58.29	0.04	0.00	58.29	0.00	0.00	0.00	0.00	0.00	16777214	0.2876
102.37	96.11	3.34	96.06	0.05	0.00	96.06	0.00	0.00	0.01	0.00	0.00	16777214	0.1746
125.18	104.78	19.00	104.74	0.04	0.00	104.74	0.00	0.00	0.00	0.00	0.00	16777214	0.1601
594.89	408.30	182.84	408.00	0.26	0.00	408.00	0.00	0.00	0.04	0.00	0.00	16777214	0.0411
161.02	148.62	10.99	148.56	0.05	0.00	148.56	0.00	0.00	0.00	0.00	0.00	16777214	0.1129
86.10	84.28	0.43	84.24	0.03	0.00	84.24	0.00	0.00	0.00	0.00	0.00	16777214	0.1991
76.06	72.21	2.48	72.16	0.04	0.00	72.16	0.00	0.00	0.00	0.00	0.00	16777214	0.2323
110.22	102.80	0.44	102.72	0.07	0.00	102.72	0.00	0.00	0.01	0.00	0.00	16777214	0.1632
136.18	122.99	6.67	122.89	0.09	0.00	122.89	0.00	0.00	0.01	0.00	0.00	16777214	0.1364
88.88	79.64	5.75	79.59	0.04	0.00	79.59	0.00	0.00	0.00	0.00	0.00	16777214	0.2107
164.38	157.12	3.61	157.04	0.07	0.00	157.04	0.00	0.00	0.01	0.00	0.00	16777214	0.1068
155.91	133.45	11.04	133.38	0.06	0.00	133.38	0.00	0.00	0.01	0.00	0.00	16777214	0.1257
66.15	61.51	2.05	61.47	0.04	0.00	61.47	0.00	0.00	0.00	0.00	0.00	16777214	0.2727
125.25	114.92	8.63	114.86	0.05	0.00	114.86	0.00	0.00	0.01	0.00	0.00	16777214	0.1460
101.03	97.08	2.47	97.02	0.05	0.00	97.02	0.00	0.00	0.01	0.00	0.00	16777214	0.1728
114.87	111.38	0.45	111.34	0.04	0.00	111.34	0.00	0.00	0.00	0.00	0.00	16777214	0.1506
99.86	91.24	3.20	91.18	0.05	0.00	91.18	0.00	0.00	0.00	0.00	0.00	16777214	0.1839
86.81	77.27	6.73	77.22	0.04	0.00	77.22	0.00	0.00	0.00	0.00	0.00	16777214	0.2171
110.48	106.99	2.06	106.95	0.03	0.00	106.95	0.00	0.00	0.00	0.00	0.00	16777214	0.1568
88.61	86.59	0.47	86.55	0.03	0.00	86.55	0.00	0.00	0.00	0.00	0.00	16777214	0.1938
99.12	97.32	0.44	97.27	0.05	0.00	97.27	0.00	0.00	0.00	0.00	0.00	16777214	0.1724
92.19	84.61	0.45	84.56	0.05	0.00	84.56	0.00	0.00	0.00	0.00	0.00	16777214	0.1983
156.62	139.54	6.68	139.46	0.06	0.00	139.46	0.00	0.00	0.00	0.00	0.00	16777214	0.1202
73.75	70.36	2.01	68.96	1.39	0.00	68.96	0.00	0.00	1.36	0.00	0.00	16777214	0.2385
73.50	69.49	1.50	69.44	0.04	0.00	69.44	0.00	0.00	0.01	0.00	0.00	16777214	0.2414
142.09	109.60	29.94	109.54	0.05	0.00	109.54	0.00	0.00	0.01	0.00	0.00	16777214	0.1531
558.22	459.43	93.90	459.21	0.18	0.00	459.21	0.00	0.00	0.02	0.01	0.00	16777214	0.0365
129.37	115.68	10.80	115.63	0.05	0.00	115.63	0.00	0.00	0.00	0.00	0.00	16777214	0.1450
86.30	81.17	2.42	81.12	0.04	0.00	81.12	0.00	0.00	0.00	0.00	0.00	16777214	0.2067
148.30	138.89	2.42	138.81	0.06	0.00	138.81	0.00	0.00	0.01	0.00	0.00	16777214	0.1208
124.11	116.04	6.67	115.98	0.05	0.00	115.98	0.00	0.00	0.01	0.00	0.00	16777214	0.1446
65.43	62.10	0.40	62.04	0.05	0.00	62.04	0.00	0.00	0.01	0.00	0.00	16777214	0.2702
SCALE: 19
nvtx: 524288
edgefactor: 16
terasize: 1.34217727999999997e-04
A: 5.69999999999999951e-01
B: 1.90000000000000002e-01
C: 1.90000000000000002e-01
D: 5.00000000000000444e-02
generation_time: 0.00000000000000000e+00
construction_time: 5.46174566500000047e+00
nbfs: 100
min_time: 4.19920000433921803e-02
firstquartile_time: 8.72877500206232088e-02
median_time: 1.06889499992132181e-01
thirdquartile_time: 1.39711000010371234e-01
max_time: 5.91135999917984045e-01
mean_time: 1.23151739999055820e-01
stddev_time: 8.04327197397347038e-02
min_nedge: 1.00000000000000000e+00
firstquartile_nedge: 8.38851300000000000e+06
median_nedge: 8.38851300000000000e+06
thirdquartile_nedge: 8.38851300000000000e+06
max_nedge: 8.38851300000000000e+06
mean_nedge: 8.30462787999999989e+06
stddev_nedge: 8.38851200000000070e+05
min_TEPS: 2.38140597963101541e+01
firstquartile_TEPS: 6.02404856732053012e+07
median_TEPS: 7.87388676297966838e+07
thirdquartile_TEPS: 9.65980922414918542e+07
max_TEPS: 1.38077972800161272e+08
harmonic_mean_TEPS: 2.38132300908643492e+03
harmonic_stddev_TEPS: 2.39323544657629373e+03
