[BASH] Running the CPU only (default) graph500 for scale 14 with sorted edges
file:/dev/null	benchmark:GRAPH500	vertices:16384	edges:524286	partitioning:RANDOM	platform:CPU	alpha:50	repeat:1	gpu_count:1	thread_count:2	thread_sched:GUIDED	thread_bind:false	gpu_graph_mem:DEVICE	gpu_par_randomized:false	sorted:false	edge_sort_key:degree	edge_order:asc	separate_singletons:false	lambda:0	time_init:201.96	time_par:3.95	rmt_vertex:0	rmt_edge:0	beta:0	pid0:100,100,0,0	
total	exec	init	comp	comm	finalize	cpu_comp	gpu_comp	gpu_total_comp	scatter	gather	aggr	trv_edges	exec_rate
16.26	13.44	1.87	13.39	0.04	0.00	13.39	0.00	0.00	0.00	0.00	0.00	524286	0.0390
17.09	14.36	1.78	14.30	0.05	0.00	14.30	0.00	0.00	0.00	0.00	0.00	524286	0.0365
18.12	15.38	1.79	15.33	0.05	0.00	15.33	0.00	0.00	0.01	0.00	0.00	524286	0.0341
17.08	13.98	1.72	13.93	0.05	0.00	13.93	0.00	0.00	0.00	0.00	0.00	524286	0.0375
13.42	11.57	1.79	11.52	0.05	0.00	11.52	0.00	0.00	0.00	0.00	0.00	524286	0.0453
3.28	3.10	0.12	3.05	0.04	0.00	3.05	0.00	0.00	0.00	0.00	0.00	524286	0.1691
3.58	3.47	0.05	3.42	0.04	0.00	3.42	0.00	0.00	0.00	0.00	0.00	524286	0.1510
3.60	3.46	0.08	3.42	0.04	0.00	3.42	0.00	0.00	0.00	0.00	0.00	524286	0.1513
3.47	3.32	0.09	3.27	0.04	0.00	3.27	0.00	0.00	0.01	0.00	0.00	524286	0.1581
3.33	3.23	0.05	3.18	0.04	0.00	3.18	0.00	0.00	0.00	0.00	0.00	524286	0.1623
3.65	3.48	0.11	3.43	0.04	0.00	3.43	0.00	0.00	0.00	0.00	0.00	524286	0.1505
3.28	3.05	0.17	3.00	0.04	0.00	3.00	0.00	0.00	0.01	0.00	0.00	524286	0.1718
3.18	2.96	0.16	2.92	0.04	0.00	2.92	0.00	0.00	0.01	0.00	0.00	524286	0.1769
3.60	3.40	0.15	3.35	0.04	0.00	3.35	0.00	0.00	0.00	0.00	0.00	524286	0.1544
3.77	3.60	0.11	3.55	0.04	0.00	3.55	0.00	0.00	0.00	0.00	0.00	524286	0.1457
3.82	3.65	0.11	3.60	0.03	0.00	3.60	0.00	0.00	0.01	0.00	0.00	524286	0.1436
3.44	3.23	0.15	3.18	0.04	0.00	3.18	0.00	0.00	0.00	0.00	0.00	524286	0.1623
3.77	3.60	0.11	3.55	0.04	0.00	3.55	0.00	0.00	0.00	0.00	0.00	524286	0.1458
3.32	3.13	0.14	3.07	0.05	0.00	3.07	0.00	0.00	0.00	0.00	0.00	524286	0.1677
3.66	3.44	0.15	3.40	0.04	0.00	3.40	0.00	0.00	0.00	0.00	0.00	524286	0.1522
3.19	3.01	0.12	2.97	0.03	0.00	2.97	0.00	0.00	0.00	0.00	0.00	524286	0.1741
3.72	3.55	0.11	3.50	0.04	0.00	3.50	0.00	0.00	0.01	0.00	0.00	524286	0.1478
3.37	3.20	0.12	3.15	0.04	0.00	3.15	0.00	0.00	0.01	0.00	0.00	524286	0.1640
3.75	3.57	0.12	3.52	0.05	0.00	3.52	0.00	0.00	0.00	0.00	0.00	524286	0.1469
3.45	3.28	0.12	3.23	0.04	0.00	3.23	0.00	0.00	0.01	0.00	0.00	524286	0.1600
3.95	3.78	0.12	3.73	0.04	0.00	3.73	0.00	0.00	0.00	0.00	0.00	524286	0.1388
3.50	3.31	0.13	3.26	0.04	0.00	3.26	0.00	0.00	0.01	0.00	0.00	524286	0.1584
3.31	3.15	0.10	3.09	0.05	0.00	3.09	0.00	0.00	0.00	0.00	0.00	524286	0.1667
3.25	3.08	0.11	3.04	0.03	0.00	3.04	0.00	0.00	0.00	0.00	0.00	524286	0.1703
3.37	3.21	0.10	3.14	0.05	0.00	3.14	0.00	0.00	0.00	0.00	0.00	524286	0.1635
3.51	3.30	0.15	3.25	0.04	0.00	3.25	0.00	0.00	0.01	0.00	0.00	524286	0.1590
3.49	3.33	0.11	3.29	0.04	0.00	3.29	0.00	0.00	0.00	0.00	0.00	524286	0.1573
3.36	3.16	0.11	3.11	0.04	0.00	3.11	0.00	0.00	0.00	0.00	0.00	524286	0.1659
3.75	3.58	0.11	3.54	0.03	0.00	3.54	0.00	0.00	0.01	0.00	0.00	524286	0.1465
3.52	3.31	0.15	3.27	0.04	0.00	3.27	0.00	0.00	0.00	0.00	0.00	524286	0.1582
3.72	3.54	0.12	3.48	0.04	0.00	3.48	0.00	0.00	0.01	0.00	0.00	524286	0.1481
3.80	3.61	0.13	3.56	0.04	0.00	3.56	0.00	0.00	0.00	0.00	0.00	524286	0.1454
4.17	3.95	0.12	3.90	0.05	0.00	3.90	0.00	0.00	0.00	0.00	0.00	524286	0.1327
3.62	3.44	0.12	3.39	0.04	0.00	3.39	0.00	0.00	0.00	0.00	0.00	524286	0.1524
3.40	3.23	0.12	3.18	0.04	0.00	3.18	0.00	0.00	0.01	0.01	0.00	524286	0.1623
3.91	3.73	0.12	3.69	0.04	0.00	3.69	0.00	0.00	0.00	0.00	0.00	524286	0.1406
3.68	3.51	0.11	3.45	0.05	0.00	3.45	0.00	0.00	0.01	0.00	0.00	524286	0.1494
3.99	3.81	0.12	3.73	0.07	0.00	3.73	0.00	0.00	0.01	0.00	0.00	524286	0.1376
3.34	3.17	0.11	3.12	0.04	0.00	3.12	0.00	0.00	0.00	0.00	0.00	524286	0.1653
3.45	3.16	0.21	3.11	0.04	0.00	3.11	0.00	0.00	0.00	0.00	0.00	524286	0.1661
3.30	3.12	0.12	3.04	0.07	0.00	3.04	0.00	0.00	0.00	0.00	0.00	524286	0.1678
3.56	3.40	0.11	3.35	0.04	0.00	3.35	0.00	0.00	0.00	0.00	0.00	524286	0.1544
3.76	3.59	0.11	3.54	0.04	0.00	3.54	0.00	0.00	0.00	0.00	0.00	524286	0.1461
3.28	3.10	0.12	3.05	0.04	0.00	3.05	0.00	0.00	0.01	0.00	0.00	524286	0.1690
3.47	3.27	0.11	3.23	0.04	0.00	3.23	0.00	0.00	0.01	0.00	0.00	524286	0.1603
3.78	3.60	0.12	3.55	0.05	0.00	3.55	0.00	0.00	0.01	0.00	0.00	524286	0.1455
3.56	3.38	0.12	3.34	0.04	0.00	3.34	0.00	0.00	0.00	0.00	0.00	524286	0.1550
3.67	3.49	0.12	3.43	0.06	0.00	3.43	0.00	0.00	0.00	0.00	0.00	524286	0.1501
3.23	3.04	0.13	2.98	0.06	0.00	2.98	0.00	0.00	0.00	0.00	0.00	524286	0.1725
4.04	3.84	0.14	3.79	0.04	0.00	3.79	0.00	0.00	0.01	0.00	0.00	524286	0.1365
3.48	3.30	0.12	3.25	0.04	0.00	3.25	0.00	0.00	0.01	0.00	0.00	524286	0.1588
3.66	3.48	0.12	3.43	0.04	0.00	3.43	0.00	0.00	0.00	0.00	0.00	524286	0.1505
3.64	3.47	0.11	3.42	0.04	0.00	3.42	0.00	0.00	0.01	0.00	0.00	524286	0.1509
3.21	3.05	0.11	2.99	0.05	0.00	2.99	0.00	0.00	0.01	0.00	0.00	524286	0.1721
3.38	3.21	0.11	3.17	0.04	0.00	3.17	0.00	0.00	0.00	0.00	0.00	524286	0.1634
3.78	3.60	0.11	3.55	0.04	0.00	3.55	0.00	0.00	0.00	0.00	0.00	524286	0.1456
3.36	3.18	0.12	3.13	0.04	0.00	3.13	0.00	0.00	0.00	0.00	0.00	524286	0.1647
3.45	3.28	0.11	3.23	0.05	0.00	3.23	0.00	0.00	0.01	0.00	0.00	524286	0.1600
3.29	3.15	0.09	3.10	0.04	0.00	3.10	0.00	0.00	0.01	0.00	0.00	524286	0.1665
3.68	3.56	0.06	3.51	0.04	0.00	3.51	0.00	0.00	0.00	0.00	0.00	524286	0.1472
3.23	3.11	0.06	3.07	0.04	0.00	3.07	0.00	0.00	0.01	0.00	0.00	524286	0.1684
8.43	6.60	1.77	6.55	0.04	0.00	6.55	0.00	0.00	0.00	0.00	0.00	524286	0.0795
3.68	3.49	0.13	3.45	0.04	0.00	3.45	0.00	0.00	0.01	0.00	0.00	524286	0.1501
3.24	3.11	0.07	3.06	0.04	0.00	3.06	0.00	0.00	0.00	0.00	0.00	524286	0.1685
3.55	3.40	0.09	3.35	0.04	0.00	3.35	0.00	0.00	0.00	0.00	0.00	524286	0.1541
3.18	3.04	0.09	2.99	0.04	0.00	2.99	0.00	0.00	0.01	0.00	0.00	524286	0.1725
3.16	3.02	0.08	2.97	0.04	0.00	2.97	0.00	0.00	0.01	0.00	0.00	524286	0.1736
3.74	3.59	0.09	3.54	0.04	0.00	3.54	0.00	0.00	0.00	0.00	0.00	524286	0.1460
4.15	3.99	0.09	3.93	0.05	0.00	3.93	0.00	0.00	0.00	0.00	0.00	524286	0.1312
3.10	2.95	0.09	2.90	0.04	0.00	2.90	0.00	0.00	0.01	0.00	0.00	524286	0.1778
3.25	3.10	0.09	3.04	0.06	0.00	3.04	0.00	0.00	0.01	0.00	0.00	524286	0.1689
3.27	3.16	0.05	3.11	0.04	0.00	3.11	0.00	0.00	0.01	0.00	0.00	524286	0.1657
3.59	3.48	0.05	3.44	0.04	0.00	3.44	0.00	0.00	0.01	0.00	0.00	524286	0.1506
3.76	3.66	0.05	3.60	0.05	0.00	3.60	0.00	0.00	0.00	0.00	0.00	524286	0.1434
3.27	3.16	0.05	3.12	0.04	0.00	3.12	0.00	0.00	0.00	0.00	0.00	524286	0.1658
3.22	3.11	0.05	3.07	0.04	0.00	3.07	0.00	0.00	0.01	0.00	0.00	524286	0.1685
3.24	3.09	0.09	3.05	0.04	0.00	3.05	0.00	0.00	0.00	0.00	0.00	524286	0.1695
3.63	3.52	0.05	3.45	0.06	0.00	3.45	0.00	0.00	0.01	0.00	0.00	524286	0.1489
3.24	3.11	0.08	3.06	0.04	0.00	3.06	0.00	0.00	0.01	0.00	0.00	524286	0.1685
4.03	3.86	0.12	3.76	0.09	0.00	3.76	0.00	0.00	0.00	0.00	0.00	524286	0.1359
3.63	3.52	0.06	3.48	0.04	0.00	3.48	0.00	0.00	0.01	0.00	0.00	524286	0.1490
3.20	3.09	0.05	3.05	0.04	0.00	3.05	0.00	0.00	0.01	0.00	0.00	524286	0.1695
3.45	3.20	0.08	3.15	0.04	0.00	3.15	0.00	0.00	0.00	0.00	0.00	524286	0.1636
3.77	3.62	0.09	3.58	0.04	0.00	3.58	0.00	0.00	0.00	0.01	0.00	524286	0.1447
3.51	3.36	0.09	3.31	0.04	0.00	3.31	0.00	0.00	0.01	0.00	0.00	524286	0.1559
3.28	3.14	0.09	3.08	0.04	0.00	3.08	0.00	0.00	0.01	0.00	0.00	524286	0.1671
3.91	3.76	0.08	3.72	0.04	0.00	3.72	0.00	0.00	0.00	0.00	0.00	524286	0.1393
3.53	3.38	0.09	3.33	0.04	0.00	3.33	0.00	0.00	0.01	0.00	0.00	524286	0.1550
3.56	3.41	0.09	3.30	0.10	0.00	3.30	0.00	0.00	0.00	0.00	0.00	524286	0.1539
3.21	3.07	0.08	3.03	0.04	0.00	3.03	0.00	0.00	0.00	0.00	0.00	524286	0.1707
3.38	3.20	0.09	3.15	0.04	0.00	3.15	0.00	0.00	0.00	0.00	0.00	524286	0.1638
3.71	3.56	0.09	3.51	0.04	0.00	3.51	0.00	0.00	0.01	0.00	0.00	524286	0.1471
3.31	3.16	0.09	3.11	0.04	0.00	3.11	0.00	0.00	0.01	0.00	0.00	524286	0.1658
3.30	3.15	0.09	3.10	0.05	0.00	3.10	0.00	0.00	0.00	0.00	0.00	524286	0.1663
3.19	3.08	0.05	3.03	0.04	0.00	3.03	0.00	0.00	0.00	0.00	0.00	524286	0.1704
SCALE: 14
nvtx: 16384
edgefactor: 16
terasize: 4.19430399999999992e-06
A: 5.69999999999999951e-01
B: 1.90000000000000002e-01
C: 1.90000000000000002e-01
D: 5.00000000000000444e-02
generation_time: 0.00000000000000000e+00
construction_time: 2.95772333999999915e-01
nbfs: 100
min_time: 3.04200005531311043e-03
firstquartile_time: 3.24149999022483844e-03
median_time: 3.46800002455711388e-03
thirdquartile_time: 3.68800000846385969e-03
max_time: 1.71699998974800122e-02
mean_time: 4.10666000187396955e-03
stddev_time: 2.70631506446124140e-03
min_nedge: 2.62140000000000000e+05
firstquartile_nedge: 2.62140000000000000e+05
median_nedge: 2.62140000000000000e+05
thirdquartile_nedge: 2.62140000000000000e+05
max_nedge: 2.62140000000000000e+05
mean_nedge: 2.62140000000000000e+05
stddev_nedge: 0.00000000000000000e+00
min_TEPS: 1.52673268238326237e+07
firstquartile_TEPS: 7.13212301255881935e+07
median_TEPS: 7.59716124245155156e+07
thirdquartile_TEPS: 8.09949067036821842e+07
max_TEPS: 8.61735684528178424e+07
harmonic_mean_TEPS: 6.38328958034945577e+07
harmonic_stddev_TEPS: 4.22782065567829926e+06
