[BASH] Running the CPU only (default) graph500 for scale 17 with sorted edges
file:/dev/null	benchmark:GRAPH500	vertices:131072	edges:4194302	partitioning:RANDOM	platform:CPU	alpha:50	repeat:1	gpu_count:1	thread_count:4	thread_sched:GUIDED	thread_bind:false	gpu_graph_mem:DEVICE	gpu_par_randomized:false	sorted:false	edge_sort_key:degree	edge_order:asc	separate_singletons:false	lambda:0	time_init:397.96	time_par:31.75	rmt_vertex:0	rmt_edge:0	beta:0	pid0:100,100,0,0	
total	exec	init	comp	comm	finalize	cpu_comp	gpu_comp	gpu_total_comp	scatter	gather	aggr	trv_edges	exec_rate
34.64	31.85	1.49	31.79	0.05	0.00	31.79	0.00	0.00	0.01	0.00	0.00	4194302	0.1317
32.16	29.25	1.59	29.19	0.06	0.00	29.19	0.00	0.00	0.01	0.00	0.00	4194302	0.1434
32.41	29.58	1.51	29.52	0.05	0.00	29.52	0.00	0.00	0.00	0.00	0.00	4194302	0.1418
32.48	29.60	1.54	29.54	0.05	0.00	29.54	0.00	0.00	0.00	0.00	0.00	4194302	0.1417
37.84	35.01	1.51	34.94	0.06	0.00	34.94	0.00	0.00	0.00	0.00	0.00	4194302	0.1198
36.02	33.16	1.52	33.10	0.05	0.00	33.10	0.00	0.00	0.00	0.00	0.00	4194302	0.1265
33.09	30.24	1.52	30.17	0.06	0.00	30.17	0.00	0.00	0.01	0.00	0.00	4194302	0.1387
32.31	29.41	1.52	29.33	0.07	0.00	29.33	0.00	0.00	0.01	0.00	0.00	4194302	0.1426
34.67	31.82	1.52	31.76	0.06	0.00	31.76	0.00	0.00	0.01	0.00	0.00	4194302	0.1318
33.34	30.47	1.52	30.40	0.05	0.00	30.40	0.00	0.00	0.01	0.00	0.00	4194302	0.1377
33.02	30.18	1.51	30.12	0.05	0.00	30.12	0.00	0.00	0.00	0.00	0.00	4194302	0.1390
34.70	31.79	1.53	31.74	0.05	0.00	31.74	0.00	0.00	0.01	0.00	0.00	4194302	0.1319
33.56	30.69	1.53	30.63	0.05	0.00	30.63	0.00	0.00	0.01	0.00	0.00	4194302	0.1367
33.53	30.67	1.51	30.61	0.05	0.00	30.61	0.00	0.00	0.00	0.00	0.00	4194302	0.1368
33.46	30.62	1.52	30.55	0.06	0.00	30.55	0.00	0.00	0.00	0.00	0.00	4194302	0.1370
36.90	34.05	1.51	33.99	0.05	0.00	33.99	0.00	0.00	0.00	0.00	0.00	4194302	0.1232
34.42	31.58	1.52	31.51	0.05	0.00	31.51	0.00	0.00	0.01	0.00	0.00	4194302	0.1328
32.95	30.09	1.52	30.03	0.05	0.00	30.03	0.00	0.00	0.01	0.00	0.00	4194302	0.1394
34.84	31.98	1.54	31.91	0.05	0.00	31.91	0.00	0.00	0.01	0.00	0.00	4194302	0.1312
33.73	30.85	1.54	30.79	0.06	0.00	30.79	0.00	0.00	0.00	0.00	0.00	4194302	0.1359
33.38	30.51	1.52	30.45	0.06	0.00	30.45	0.00	0.00	0.01	0.00	0.00	4194302	0.1375
32.67	29.83	1.51	29.78	0.04	0.00	29.78	0.00	0.00	0.01	0.00	0.00	4194302	0.1406
38.05	35.19	1.53	35.13	0.06	0.00	35.13	0.00	0.00	0.01	0.00	0.00	4194302	0.1192
33.06	30.20	1.51	30.14	0.05	0.00	30.14	0.00	0.00	0.00	0.00	0.00	4194302	0.1389
32.80	29.95	1.51	29.89	0.05	0.00	29.89	0.00	0.00	0.01	0.00	0.00	4194302	0.1400
32.51	29.65	1.53	29.59	0.05	0.00	29.59	0.00	0.00	0.01	0.00	0.00	4194302	0.1415
34.97	32.13	1.52	32.07	0.05	0.00	32.07	0.00	0.00	0.01	0.00	0.00	4194302	0.1306
36.50	33.63	1.53	33.56	0.06	0.00	33.56	0.00	0.00	0.01	0.00	0.00	4194302	0.1247
32.53	29.64	1.53	29.58	0.06	0.00	29.58	0.00	0.00	0.01	0.00	0.00	4194302	0.1415
33.97	31.11	1.53	31.05	0.06	0.00	31.05	0.00	0.00	0.01	0.00	0.00	4194302	0.1348
33.11	30.27	1.51	30.21	0.05	0.00	30.21	0.00	0.00	0.01	0.00	0.00	4194302	0.1385
35.96	33.11	1.51	33.04	0.05	0.00	33.04	0.00	0.00	0.00	0.00	0.00	4194302	0.1267
33.23	30.36	1.53	30.30	0.05	0.00	30.30	0.00	0.00	0.00	0.00	0.00	4194302	0.1382
33.13	30.23	1.56	30.17	0.05	0.00	30.17	0.00	0.00	0.01	0.00	0.00	4194302	0.1388
37.16	34.31	1.52	34.25	0.06	0.00	34.25	0.00	0.00	0.00	0.00	0.00	4194302	0.1222
37.98	35.12	1.52	35.06	0.05	0.00	35.06	0.00	0.00	0.01	0.00	0.00	4194302	0.1194
33.10	30.28	1.54	30.23	0.05	0.00	30.23	0.00	0.00	0.00	0.00	0.00	4194302	0.1385
34.49	31.63	1.51	31.57	0.05	0.00	31.57	0.00	0.00	0.01	0.00	0.00	4194302	0.1326
33.02	30.15	1.53	30.09	0.05	0.00	30.09	0.00	0.00	0.00	0.00	0.00	4194302	0.1391
33.19	30.34	1.51	30.28	0.05	0.00	30.28	0.00	0.00	0.01	0.00	0.00	4194302	0.1382
33.76	30.92	1.50	30.87	0.05	0.00	30.87	0.00	0.00	0.00	0.00	0.00	4194302	0.1356
33.18	30.31	1.51	30.24	0.05	0.00	30.24	0.00	0.00	0.01	0.00	0.00	4194302	0.1384
32.72	29.87	1.52	29.81	0.05	0.00	29.81	0.00	0.00	0.01	0.00	0.00	4194302	0.1404
34.99	32.13	1.53	32.05	0.07	0.00	32.05	0.00	0.00	0.03	0.00	0.00	4194302	0.1305
33.30	30.40	1.56	30.33	0.06	0.00	30.33	0.00	0.00	0.00	0.00	0.00	4194302	0.1380
32.93	30.05	1.53	29.99	0.05	0.00	29.99	0.00	0.00	0.00	0.00	0.00	4194302	0.1396
33.22	30.34	1.53	30.28	0.05	0.00	30.28	0.00	0.00	0.01	0.00	0.00	4194302	0.1383
25.50	23.67	1.52	23.62	0.04	0.00	23.62	0.00	0.00	0.01	0.00	0.00	4194302	0.1772
13.67	12.54	0.77	12.50	0.04	0.00	12.50	0.00	0.00	0.00	0.00	0.00	4194302	0.3345
13.20	12.75	0.15	12.71	0.03	0.00	12.71	0.00	0.00	0.00	0.00	0.00	4194302	0.3290
19.21	17.64	0.13	17.58	0.06	0.00	17.58	0.00	0.00	0.00	0.00	0.00	4194302	0.2378
28.93	25.83	1.79	25.79	0.04	0.00	25.79	0.00	0.00	0.00	0.00	0.00	4194302	0.1624
29.13	26.35	1.49	26.30	0.04	0.00	26.30	0.00	0.00	0.00	0.00	0.00	4194302	0.1592
28.26	25.48	1.49	25.43	0.04	0.00	25.43	0.00	0.00	0.00	0.00	0.00	4194302	0.1646
29.59	26.79	1.49	26.74	0.04	0.00	26.74	0.00	0.00	0.01	0.00	0.00	4194302	0.1565
33.21	30.09	1.81	30.03	0.05	0.00	30.03	0.00	0.00	0.00	0.00	0.00	4194302	0.1394
36.17	32.89	1.91	32.83	0.06	0.00	32.83	0.00	0.00	0.01	0.00	0.00	4194302	0.1275
34.54	31.63	1.54	31.56	0.06	0.00	31.56	0.00	0.00	0.01	0.00	0.00	4194302	0.1326
32.65	29.77	1.54	29.70	0.05	0.00	29.70	0.00	0.00	0.01	0.00	0.00	4194302	0.1409
37.53	34.68	1.52	34.61	0.06	0.00	34.61	0.00	0.00	0.00	0.00	0.00	4194302	0.1209
34.68	31.82	1.52	31.76	0.05	0.00	31.76	0.00	0.00	0.01	0.00	0.00	4194302	0.1318
34.34	31.50	1.51	31.44	0.05	0.00	31.44	0.00	0.00	0.01	0.00	0.00	4194302	0.1332
33.35	30.51	1.52	30.45	0.05	0.00	30.45	0.00	0.00	0.01	0.00	0.00	4194302	0.1375
34.84	32.00	1.51	31.93	0.06	0.00	31.93	0.00	0.00	0.01	0.00	0.00	4194302	0.1311
38.16	35.30	1.53	35.23	0.05	0.00	35.23	0.00	0.00	0.01	0.00	0.00	4194302	0.1188
35.76	32.89	1.54	32.84	0.05	0.00	32.84	0.00	0.00	0.00	0.00	0.00	4194302	0.1275
33.90	30.58	1.96	30.52	0.06	0.00	30.52	0.00	0.00	0.01	0.00	0.00	4194302	0.1371
34.22	30.56	2.30	30.50	0.05	0.00	30.50	0.00	0.00	0.01	0.00	0.00	4194302	0.1373
33.08	30.24	1.51	30.18	0.05	0.00	30.18	0.00	0.00	0.01	0.00	0.00	4194302	0.1387
33.07	30.24	1.51	30.18	0.05	0.00	30.18	0.00	0.00	0.00	0.00	0.00	4194302	0.1387
32.74	29.89	1.52	29.84	0.05	0.00	29.84	0.00	0.00	0.00	0.00	0.00	4194302	0.1403
34.53	31.66	1.52	31.60	0.06	0.00	31.60	0.00	0.00	0.01	0.00	0.00	4194302	0.1325
37.51	34.67	1.51	34.60	0.06	0.00	34.60	0.00	0.00	0.00	0.00	0.00	4194302	0.1210
32.81	29.97	1.53	29.91	0.05	0.00	29.91	0.00	0.00	0.01	0.00	0.00	4194302	0.1399
33.79	30.48	1.97	30.41	0.06	0.00	30.41	0.00	0.00	0.01	0.00	0.00	4194302	0.1376
31.97	29.09	1.56	29.03	0.05	0.00	29.03	0.00	0.00	0.00	0.00	0.00	4194302	0.1442
33.34	30.49	1.52	30.43	0.05	0.00	30.43	0.00	0.00	0.01	0.00	0.00	4194302	0.1376
36.70	33.86	1.50	33.81	0.05	0.00	33.81	0.00	0.00	0.01	0.00	0.00	4194302	0.1239
33.10	30.26	1.51	30.20	0.05	0.00	30.20	0.00	0.00	0.01	0.00	0.00	4194302	0.1386
33.81	30.92	1.55	30.86	0.05	0.00	30.86	0.00	0.00	0.01	0.00	0.00	4194302	0.1356
33.22	30.39	1.51	30.32	0.05	0.00	30.32	0.00	0.00	0.01	0.00	0.00	4194302	0.1380
37.22	34.39	1.51	34.32	0.06	0.00	34.32	0.00	0.00	0.01	0.00	0.00	4194302	0.1220
34.75	31.89	1.53	31.83	0.06	0.00	31.83	0.00	0.00	0.01	0.00	0.00	4194302	0.1315
38.69	35.82	1.54	35.76	0.05	0.00	35.76	0.00	0.00	0.01	0.00	0.00	4194302	0.1171
33.14	30.29	1.51	30.23	0.05	0.00	30.23	0.00	0.00	0.01	0.00	0.00	4194302	0.1385
33.51	30.55	1.54	30.48	0.06	0.00	30.48	0.00	0.00	0.01	0.00	0.00	4194302	0.1373
37.05	34.18	1.53	34.12	0.05	0.00	34.12	0.00	0.00	0.01	0.00	0.00	4194302	0.1227
32.79	29.94	1.53	29.89	0.05	0.00	29.89	0.00	0.00	0.01	0.00	0.00	4194302	0.1401
33.41	30.54	1.51	30.48	0.05	0.00	30.48	0.00	0.00	0.01	0.00	0.00	4194302	0.1373
33.80	30.91	1.54	30.84	0.06	0.00	30.84	0.00	0.00	0.01	0.00	0.00	4194302	0.1357
33.52	30.63	1.51	30.56	0.06	0.00	30.56	0.00	0.00	0.01	0.00	0.00	4194302	0.1369
32.73	29.80	1.52	29.74	0.05	0.00	29.74	0.00	0.00	0.00	0.00	0.00	4194302	0.1408
37.20	34.34	1.53	34.29	0.05	0.00	34.29	0.00	0.00	0.00	0.00	0.00	4194302	0.1221
34.19	31.32	1.53	31.26	0.05	0.00	31.26	0.00	0.00	0.01	0.00	0.00	4194302	0.1339
33.72	30.88	1.51	30.82	0.05	0.00	30.82	0.00	0.00	0.01	0.00	0.00	4194302	0.1358
32.80	29.95	1.51	29.90	0.05	0.00	29.90	0.00	0.00	0.00	0.00	0.00	4194302	0.1400
33.20	30.33	1.51	30.25	0.07	0.00	30.25	0.00	0.00	0.01	0.00	0.00	4194302	0.1383
32.99	29.91	1.72	29.84	0.06	0.00	29.84	0.00	0.00	0.01	0.00	0.00	4194302	0.1402
27.18	24.88	1.97	24.83	0.04	0.00	24.83	0.00	0.00	0.00	0.00	0.00	4194302	0.1686
19.11	17.37	0.40	17.32	0.05	0.00	17.32	0.00	0.00	0.01	0.00	0.00	4194302	0.2415
SCALE: 17
nvtx: 131072
edgefactor: 16
terasize: 3.35544319999999993e-05
A: 5.69999999999999951e-01
B: 1.90000000000000002e-01
C: 1.90000000000000002e-01
D: 5.00000000000000444e-02
generation_time: 0.00000000000000000e+00
construction_time: 9.02063332999999967e-01
nbfs: 100
min_time: 1.28989999890327459e-02
firstquartile_time: 3.15184999704360910e-02
median_time: 3.20270000398159005e-02
thirdquartile_time: 3.33457500934600803e-02
max_time: 3.73640000820159926e-02
mean_time: 3.18075900030136277e-02
stddev_time: 3.99074291201425863e-03
min_nedge: 2.09713500000000000e+06
firstquartile_nedge: 2.09713500000000000e+06
median_nedge: 2.09713500000000000e+06
thirdquartile_nedge: 2.09713500000000000e+06
max_nedge: 2.09713500000000000e+06
mean_nedge: 2.09713500000000000e+06
stddev_nedge: 0.00000000000000000e+00
min_TEPS: 5.61271543570462391e+07
firstquartile_TEPS: 6.29179836645980179e+07
median_TEPS: 6.55467416315329894e+07
thirdquartile_TEPS: 6.66428861141348407e+07
max_TEPS: 1.62581207983802587e+08
harmonic_mean_TEPS: 6.59319049258779883e+07
harmonic_stddev_TEPS: 8.31382756420764606e+05
