[BASH] Running the CPU only (default) graph500 for scale 15 with sorted edges
file:/dev/null	benchmark:GRAPH500	vertices:32768	edges:1048574	partitioning:RANDOM	platform:CPU	alpha:50	repeat:1	gpu_count:1	thread_count:4	thread_sched:GUIDED	thread_bind:false	gpu_graph_mem:DEVICE	gpu_par_randomized:false	sorted:false	edge_sort_key:degree	edge_order:asc	separate_singletons:false	lambda:0	time_init:154.60	time_par:8.09	rmt_vertex:0	rmt_edge:0	beta:0	pid0:100,100,0,0	
total	exec	init	comp	comm	finalize	cpu_comp	gpu_comp	gpu_total_comp	scatter	gather	aggr	trv_edges	exec_rate
16.80	14.38	1.44	14.33	0.05	0.00	14.33	0.00	0.00	0.00	0.00	0.00	1048574	0.0729
17.90	15.53	1.41	15.46	0.05	0.00	15.46	0.00	0.00	0.00	0.00	0.00	1048574	0.0675
17.65	15.30	1.40	15.24	0.05	0.00	15.24	0.00	0.00	0.00	0.00	0.00	1048574	0.0685
17.69	15.31	1.41	15.25	0.05	0.00	15.25	0.00	0.00	0.00	0.00	0.00	1048574	0.0685
17.45	15.08	1.41	15.03	0.05	0.00	15.03	0.00	0.00	0.00	0.00	0.00	1048574	0.0695
18.10	15.73	1.40	15.66	0.05	0.00	15.66	0.00	0.00	0.00	0.00	0.00	1048574	0.0667
17.73	15.34	1.41	15.28	0.05	0.00	15.28	0.00	0.00	0.01	0.00	0.00	1048574	0.0683
16.54	14.19	1.38	14.14	0.05	0.00	14.14	0.00	0.00	0.00	0.00	0.00	1048574	0.0739
17.87	15.54	1.38	15.48	0.05	0.00	15.48	0.00	0.00	0.01	0.00	0.00	1048574	0.0675
17.98	15.63	1.37	15.57	0.06	0.00	15.57	0.00	0.00	0.01	0.00	0.00	1048574	0.0671
18.41	16.07	1.37	16.01	0.05	0.00	16.01	0.00	0.00	0.01	0.00	0.00	1048574	0.0652
16.27	13.93	1.37	13.88	0.04	0.00	13.88	0.00	0.00	0.00	0.00	0.00	1048574	0.0753
18.05	15.70	1.37	15.65	0.05	0.00	15.65	0.00	0.00	0.01	0.00	0.00	1048574	0.0668
16.59	14.23	1.38	14.18	0.05	0.00	14.18	0.00	0.00	0.01	0.00	0.00	1048574	0.0737
16.59	14.25	1.37	14.20	0.05	0.00	14.20	0.00	0.00	0.00	0.00	0.00	1048574	0.0736
16.27	13.88	1.37	13.83	0.05	0.00	13.83	0.00	0.00	0.00	0.00	0.00	1048574	0.0755
17.46	15.11	1.37	15.06	0.05	0.00	15.06	0.00	0.00	0.01	0.00	0.00	1048574	0.0694
17.60	15.26	1.37	15.21	0.05	0.00	15.21	0.00	0.00	0.01	0.00	0.00	1048574	0.0687
16.62	14.27	1.37	14.22	0.05	0.00	14.22	0.00	0.00	0.00	0.00	0.00	1048574	0.0735
17.44	15.12	1.37	15.06	0.04	0.00	15.06	0.00	0.00	0.01	0.00	0.00	1048574	0.0694
17.74	15.39	1.37	15.33	0.04	0.00	15.33	0.00	0.00	0.01	0.00	0.00	1048574	0.0681
16.75	14.41	1.37	14.36	0.04	0.00	14.36	0.00	0.00	0.01	0.00	0.00	1048574	0.0728
16.88	14.53	1.38	14.48	0.05	0.00	14.48	0.00	0.00	0.01	0.00	0.00	1048574	0.0722
17.54	15.19	1.37	15.13	0.05	0.00	15.13	0.00	0.00	0.01	0.00	0.00	1048574	0.0690
17.55	15.21	1.37	15.14	0.05	0.00	15.14	0.00	0.00	0.01	0.00	0.00	1048574	0.0690
17.70	15.35	1.37	15.29	0.05	0.00	15.29	0.00	0.00	0.00	0.00	0.00	1048574	0.0683
17.81	15.48	1.36	15.41	0.05	0.00	15.41	0.00	0.00	0.01	0.00	0.00	1048574	0.0678
17.79	15.45	1.38	15.39	0.05	0.00	15.39	0.00	0.00	0.01	0.00	0.00	1048574	0.0679
17.79	15.52	1.38	15.47	0.04	0.00	15.47	0.00	0.00	0.01	0.00	0.00	1048574	0.0676
17.34	14.52	1.82	14.46	0.05	0.00	14.46	0.00	0.00	0.00	0.00	0.00	1048574	0.0722
16.57	14.22	1.38	14.17	0.04	0.00	14.17	0.00	0.00	0.01	0.00	0.00	1048574	0.0737
16.71	14.35	1.38	14.30	0.04	0.00	14.30	0.00	0.00	0.00	0.00	0.00	1048574	0.0731
17.29	14.93	1.39	14.86	0.05	0.00	14.86	0.00	0.00	0.00	0.00	0.00	1048574	0.0703
16.83	14.46	1.38	14.41	0.04	0.00	14.41	0.00	0.00	0.00	0.00	0.00	1048574	0.0725
16.54	14.16	1.41	14.11	0.04	0.00	14.11	0.00	0.00	0.00	0.00	0.00	1048574	0.0741
17.71	15.34	1.40	15.28	0.05	0.00	15.28	0.00	0.00	0.01	0.00	0.00	1048574	0.0684
18.33	15.97	1.38	15.91	0.05	0.00	15.91	0.00	0.00	0.00	0.00	0.00	1048574	0.0657
17.90	15.53	1.39	15.46	0.06	0.00	15.46	0.00	0.00	0.00	0.00	0.00	1048574	0.0675
17.54	15.17	1.39	15.12	0.05	0.00	15.12	0.00	0.00	0.00	0.00	0.00	1048574	0.0691
17.78	14.95	1.82	14.89	0.06	0.00	14.89	0.00	0.00	0.01	0.00	0.00	1048574	0.0701
16.50	14.11	1.36	14.05	0.04	0.00	14.05	0.00	0.00	0.00	0.00	0.00	1048574	0.0743
16.78	14.42	1.39	14.37	0.04	0.00	14.37	0.00	0.00	0.00	0.00	0.00	1048574	0.0727
17.47	15.11	1.38	15.06	0.05	0.00	15.06	0.00	0.00	0.01	0.00	0.00	1048574	0.0694
16.53	14.17	1.38	14.12	0.05	0.00	14.12	0.00	0.00	0.00	0.00	0.00	1048574	0.0740
16.67	14.31	1.39	14.26	0.04	0.00	14.26	0.00	0.00	0.00	0.00	0.00	1048574	0.0733
17.56	15.22	1.37	15.16	0.05	0.00	15.16	0.00	0.00	0.00	0.00	0.00	1048574	0.0689
18.05	15.67	1.37	15.60	0.06	0.00	15.60	0.00	0.00	0.01	0.00	0.00	1048574	0.0669
16.86	14.48	1.38	14.42	0.05	0.00	14.42	0.00	0.00	0.01	0.00	0.00	1048574	0.0724
16.89	14.56	1.36	14.50	0.04	0.00	14.50	0.00	0.00	0.01	0.00	0.00	1048574	0.0720
16.51	14.17	1.38	14.12	0.04	0.00	14.12	0.00	0.00	0.01	0.00	0.00	1048574	0.0740
17.59	15.25	1.38	15.19	0.05	0.00	15.19	0.00	0.00	0.01	0.00	0.00	1048574	0.0688
17.79	15.26	1.53	15.20	0.06	0.00	15.20	0.00	0.00	0.01	0.00	0.00	1048574	0.0687
17.02	14.39	1.65	14.34	0.04	0.00	14.34	0.00	0.00	0.01	0.00	0.00	1048574	0.0729
16.60	14.25	1.38	14.20	0.05	0.00	14.20	0.00	0.00	0.00	0.00	0.00	1048574	0.0736
18.45	16.11	1.38	16.05	0.05	0.00	16.05	0.00	0.00	0.01	0.00	0.00	1048574	0.0651
16.92	14.57	1.38	14.52	0.04	0.00	14.52	0.00	0.00	0.00	0.00	0.00	1048574	0.0720
16.53	14.18	1.38	14.12	0.05	0.00	14.12	0.00	0.00	0.00	0.00	0.00	1048574	0.0740
18.07	15.72	1.38	15.66	0.05	0.00	15.66	0.00	0.00	0.00	0.00	0.00	1048574	0.0667
16.54	14.18	1.38	14.14	0.04	0.00	14.14	0.00	0.00	0.00	0.00	0.00	1048574	0.0739
17.52	15.17	1.38	15.12	0.04	0.00	15.12	0.00	0.00	0.00	0.00	0.00	1048574	0.0691
19.23	16.88	1.38	16.82	0.05	0.00	16.82	0.00	0.00	0.01	0.00	0.00	1048574	0.0621
17.65	15.30	1.38	15.24	0.05	0.00	15.24	0.00	0.00	0.00	0.00	0.00	1048574	0.0686
17.94	15.58	1.38	15.53	0.05	0.00	15.53	0.00	0.00	0.01	0.00	0.00	1048574	0.0673
18.07	15.72	1.38	15.66	0.05	0.00	15.66	0.00	0.00	0.01	0.00	0.00	1048574	0.0667
13.71	12.25	1.38	12.20	0.04	0.00	12.20	0.00	0.00	0.01	0.00	0.00	1048574	0.0856
17.39	14.55	1.87	14.49	0.05	0.00	14.49	0.00	0.00	0.00	0.00	0.00	1048574	0.0721
17.22	14.40	1.82	14.34	0.05	0.00	14.34	0.00	0.00	0.00	0.00	0.00	1048574	0.0728
18.65	16.12	1.52	16.06	0.05	0.00	16.06	0.00	0.00	0.00	0.00	0.00	1048574	0.0651
16.81	13.98	1.82	13.92	0.06	0.00	13.92	0.00	0.00	0.00	0.00	0.00	1048574	0.0750
16.79	14.43	1.40	14.38	0.04	0.00	14.38	0.00	0.00	0.01	0.00	0.00	1048574	0.0727
16.19	13.84	1.38	13.78	0.05	0.00	13.78	0.00	0.00	0.00	0.00	0.00	1048574	0.0758
16.23	13.87	1.39	13.82	0.05	0.00	13.82	0.00	0.00	0.00	0.00	0.00	1048574	0.0756
17.71	15.36	1.38	15.30	0.05	0.00	15.30	0.00	0.00	0.00	0.00	0.00	1048574	0.0683
18.18	15.79	1.38	15.72	0.06	0.00	15.72	0.00	0.00	0.01	0.00	0.00	1048574	0.0664
18.31	15.91	1.39	15.85	0.05	0.00	15.85	0.00	0.00	0.01	0.00	0.00	1048574	0.0659
18.63	15.99	1.67	15.93	0.05	0.00	15.93	0.00	0.00	0.01	0.00	0.00	1048574	0.0656
18.37	15.98	1.38	15.92	0.06	0.00	15.92	0.00	0.00	0.01	0.00	0.00	1048574	0.0656
17.15	14.29	1.85	14.23	0.05	0.00	14.23	0.00	0.00	0.01	0.00	0.00	1048574	0.0734
17.59	15.21	1.36	15.15	0.06	0.00	15.15	0.00	0.00	0.01	0.01	0.00	1048574	0.0689
17.91	15.51	1.43	15.46	0.04	0.00	15.46	0.00	0.00	0.01	0.00	0.00	1048574	0.0676
17.41	15.03	1.42	14.97	0.05	0.00	14.97	0.00	0.00	0.00	0.00	0.00	1048574	0.0698
17.23	14.88	1.38	14.83	0.04	0.00	14.83	0.00	0.00	0.00	0.00	0.00	1048574	0.0705
16.29	13.93	1.39	13.87	0.05	0.00	13.87	0.00	0.00	0.01	0.00	0.00	1048574	0.0753
18.41	16.05	1.38	15.99	0.05	0.00	15.99	0.00	0.00	0.01	0.00	0.00	1048574	0.0653
17.52	15.15	1.39	15.09	0.05	0.00	15.09	0.00	0.00	0.00	0.00	0.00	1048574	0.0692
17.51	15.15	1.38	15.09	0.05	0.00	15.09	0.00	0.00	0.01	0.00	0.00	1048574	0.0692
16.67	14.29	1.41	14.23	0.05	0.00	14.23	0.00	0.00	0.00	0.00	0.00	1048574	0.0734
17.39	15.02	1.39	14.97	0.05	0.00	14.97	0.00	0.00	0.01	0.00	0.00	1048574	0.0698
18.07	15.72	1.38	15.66	0.04	0.00	15.66	0.00	0.00	0.00	0.00	0.00	1048574	0.0667
17.31	14.96	1.38	14.90	0.04	0.00	14.90	0.00	0.00	0.00	0.00	0.00	1048574	0.0701
17.18	14.78	1.39	14.73	0.05	0.00	14.73	0.00	0.00	0.00	0.00	0.00	1048574	0.0709
17.74	15.33	1.40	15.27	0.05	0.00	15.27	0.00	0.00	0.00	0.01	0.00	1048574	0.0684
17.85	15.51	1.36	15.45	0.05	0.00	15.45	0.00	0.00	0.01	0.00	0.00	1048574	0.0676
17.75	15.40	1.38	15.34	0.05	0.00	15.34	0.00	0.00	0.01	0.00	0.00	1048574	0.0681
16.59	14.22	1.39	14.17	0.05	0.00	14.17	0.00	0.00	0.00	0.00	0.00	1048574	0.0737
17.34	14.99	1.38	14.93	0.05	0.00	14.93	0.00	0.00	0.01	0.00	0.00	1048574	0.0699
17.55	15.19	1.38	15.13	0.05	0.00	15.13	0.00	0.00	0.00	0.00	0.00	1048574	0.0690
17.26	14.88	1.39	14.83	0.05	0.00	14.83	0.00	0.00	0.01	0.00	0.00	1048574	0.0704
17.66	15.31	1.38	15.25	0.05	0.00	15.25	0.00	0.00	0.01	0.00	0.00	1048574	0.0685
17.56	15.19	1.39	15.14	0.05	0.00	15.14	0.00	0.00	0.01	0.00	0.00	1048574	0.0690
SCALE: 15
nvtx: 32768
edgefactor: 16
terasize: 8.38860799999999983e-06
A: 5.69999999999999951e-01
B: 1.90000000000000002e-01
C: 1.90000000000000002e-01
D: 5.00000000000000444e-02
generation_time: 0.00000000000000000e+00
construction_time: 2.88757916000000003e-01
nbfs: 100
min_time: 1.36250000000000000e-02
firstquartile_time: 1.58237499445676791e-02
median_time: 1.65425000190734875e-02
thirdquartile_time: 1.68647500127553952e-02
max_time: 1.82509999871253957e-02
mean_time: 1.63905400037765471e-02
stddev_time: 6.96876336083590239e-04
min_nedge: 5.24282000000000000e+05
firstquartile_nedge: 5.24282000000000000e+05
median_nedge: 5.24282000000000000e+05
thirdquartile_nedge: 5.24282000000000000e+05
max_nedge: 5.24282000000000000e+05
mean_nedge: 5.24282000000000000e+05
stddev_nedge: 0.00000000000000000e+00
min_TEPS: 2.87262068034539782e+07
firstquartile_TEPS: 3.11701812544689029e+07
median_TEPS: 3.17564143570253700e+07
thirdquartile_TEPS: 3.31692850994660705e+07
max_TEPS: 3.84794128440366983e+07
harmonic_mean_TEPS: 3.19868655870520547e+07
harmonic_stddev_TEPS: 1.36683642346002744e+05
