[BASH] Running the CPU only (default) graph500 for scale 20 with sorted edges
file:/dev/null	benchmark:GRAPH500	vertices:1048576	edges:33554430	partitioning:RANDOM	platform:CPU	alpha:50	repeat:1	gpu_count:1	thread_count:4	thread_sched:GUIDED	thread_bind:false	gpu_graph_mem:DEVICE	gpu_par_randomized:false	sorted:false	edge_sort_key:degree	edge_order:asc	separate_singletons:false	lambda:0	time_init:6363.69	time_par:533.16	rmt_vertex:0	rmt_edge:0	beta:0	pid0:100,100,0,0	
total	exec	init	comp	comm	finalize	cpu_comp	gpu_comp	gpu_total_comp	scatter	gather	aggr	trv_edges	exec_rate
159.08	152.37	3.29	152.32	0.05	0.00	152.32	0.00	0.00	0.00	0.00	0.00	33554430	0.2202
195.00	185.72	1.22	185.65	0.06	0.00	185.65	0.00	0.00	0.01	0.00	0.00	33554430	0.1807
277.08	271.16	3.22	271.10	0.05	0.00	271.10	0.00	0.00	0.01	0.00	0.00	33554430	0.1237
268.31	246.48	10.81	246.43	0.04	0.00	246.43	0.00	0.00	0.01	0.00	0.00	33554430	0.1361
385.07	372.00	5.66	371.92	0.07	0.00	371.92	0.00	0.00	0.01	0.00	0.00	33554430	0.0902
374.07	354.05	12.89	353.98	0.06	0.00	353.98	0.00	0.00	0.01	0.00	0.00	33554430	0.0948
290.03	276.76	10.51	276.71	0.05	0.00	276.71	0.00	0.00	0.00	0.00	0.00	33554430	0.1212
299.43	284.24	3.22	284.17	0.06	0.00	284.17	0.00	0.00	0.01	0.00	0.00	33554430	0.1181
317.28	308.17	4.07	308.09	0.07	0.00	308.09	0.00	0.00	0.00	0.00	0.00	33554430	0.1089
322.53	311.12	8.73	311.07	0.04	0.00	311.07	0.00	0.00	0.01	0.00	0.00	33554430	0.1079
220.33	216.79	0.79	216.74	0.04	0.00	216.74	0.00	0.00	0.00	0.00	0.00	33554430	0.1548
213.19	207.16	0.78	207.10	0.06	0.00	207.10	0.00	0.00	0.00	0.00	0.00	33554430	0.1620
116.48	110.28	3.19	110.23	0.04	0.00	110.23	0.00	0.00	0.00	0.00	0.00	33554430	0.3043
141.36	137.89	0.79	137.84	0.04	0.00	137.84	0.00	0.00	0.00	0.00	0.00	33554430	0.2433
97.72	93.30	0.79	93.25	0.04	0.00	93.25	0.00	0.00	0.00	0.00	0.00	33554430	0.3597
287.06	270.52	6.77	270.44	0.07	0.00	270.44	0.00	0.00	0.01	0.00	0.00	33554430	0.1240
297.10	288.66	5.68	288.60	0.05	0.00	288.60	0.00	0.00	0.00	0.00	0.00	33554430	0.1162
283.91	265.70	6.10	265.65	0.05	0.00	265.65	0.00	0.00	0.01	0.00	0.00	33554430	0.1263
279.93	272.65	4.51	272.59	0.06	0.00	272.59	0.00	0.00	0.01	0.00	0.00	33554430	0.1231
257.89	244.15	11.01	244.10	0.04	0.00	244.10	0.00	0.00	0.00	0.00	0.00	33554430	0.1374
258.67	252.82	0.76	252.75	0.06	0.00	252.75	0.00	0.00	0.00	0.00	0.00	33554430	0.1327
364.98	351.51	3.63	351.42	0.07	0.00	351.42	0.00	0.00	0.01	0.00	0.00	33554430	0.0955
302.43	294.08	5.64	294.01	0.05	0.00	294.01	0.00	0.00	0.01	0.00	0.00	33554430	0.1141
240.70	233.77	4.23	233.72	0.04	0.00	233.72	0.00	0.00	0.01	0.00	0.00	33554430	0.1435
281.74	268.49	3.22	267.97	0.50	0.00	267.97	0.00	0.00	0.01	0.00	0.00	33554430	0.1250
275.36	261.91	8.94	261.85	0.06	0.00	261.85	0.00	0.00	0.01	0.00	0.00	33554430	0.1281
161.44	155.54	3.21	155.49	0.04	0.00	155.49	0.00	0.00	0.01	0.00	0.00	33554430	0.2157
95.74	91.87	0.78	91.83	0.03	0.00	91.83	0.00	0.00	0.00	0.00	0.00	33554430	0.3652
109.78	105.31	1.47	105.26	0.04	0.00	105.26	0.00	0.00	0.01	0.00	0.00	33554430	0.3186
104.54	101.02	0.81	100.97	0.03	0.00	100.97	0.00	0.00	0.00	0.00	0.00	33554430	0.3322
194.69	189.30	0.80	189.24	0.05	0.00	189.24	0.00	0.00	0.00	0.00	0.00	33554430	0.1773
299.43	291.34	5.35	291.28	0.05	0.00	291.28	0.00	0.00	0.01	0.00	0.00	33554430	0.1152
280.18	264.33	3.24	264.27	0.05	0.00	264.27	0.00	0.00	0.01	0.00	0.00	33554430	0.1269
334.18	328.27	3.22	328.21	0.05	0.00	328.21	0.00	0.00	0.01	0.00	0.00	33554430	0.1022
290.66	287.18	0.78	287.13	0.04	0.00	287.13	0.00	0.00	0.00	0.00	0.00	33554430	0.1168
263.57	260.04	0.78	259.99	0.05	0.00	259.99	0.00	0.00	0.00	0.00	0.00	33554430	0.1290
276.36	262.98	3.22	262.91	0.06	0.00	262.91	0.00	0.00	0.01	0.00	0.00	33554430	0.1276
332.25	314.58	8.95	314.51	0.07	0.00	314.51	0.00	0.00	0.01	0.00	0.00	33554430	0.1067
350.00	338.38	8.91	338.33	0.04	0.00	338.33	0.00	0.00	0.00	0.00	0.00	33554430	0.0992
265.87	257.12	6.04	257.06	0.05	0.00	257.06	0.00	0.00	0.01	0.00	0.00	33554430	0.1305
223.37	214.87	3.24	214.80	0.06	0.00	214.80	0.00	0.00	0.01	0.00	0.00	33554430	0.1562
157.90	150.14	3.23	150.07	0.07	0.00	150.07	0.00	0.00	0.01	0.00	0.00	33554430	0.2235
157.74	148.78	4.09	148.71	0.06	0.00	148.71	0.00	0.00	0.01	0.00	0.00	33554430	0.2255
107.31	101.40	3.15	101.36	0.04	0.00	101.36	0.00	0.00	0.00	0.00	0.00	33554430	0.3309
247.64	244.11	0.78	244.07	0.03	0.00	244.07	0.00	0.00	0.01	0.00	0.00	33554430	0.1375
272.33	268.87	0.77	268.82	0.04	0.00	268.82	0.00	0.00	0.00	0.00	0.00	33554430	0.1248
255.69	232.62	10.50	232.58	0.04	0.00	232.58	0.00	0.00	0.00	0.00	0.00	33554430	0.1442
283.19	267.46	3.27	267.41	0.05	0.00	267.41	0.00	0.00	0.01	0.00	0.00	33554430	0.1255
292.04	279.04	3.26	278.97	0.06	0.00	278.97	0.00	0.00	0.00	0.00	0.00	33554430	0.1202
353.26	340.08	8.14	340.00	0.07	0.00	340.00	0.00	0.00	0.01	0.00	0.00	33554430	0.0987
292.09	283.38	3.66	283.30	0.07	0.00	283.30	0.00	0.00	0.01	0.00	0.00	33554430	0.1184
282.43	276.55	3.22	276.49	0.05	0.00	276.49	0.00	0.00	0.00	0.00	0.00	33554430	0.1213
267.16	263.71	0.77	263.66	0.04	0.00	263.66	0.00	0.00	0.00	0.00	0.00	33554430	0.1272
204.75	194.27	0.78	194.21	0.06	0.00	194.21	0.00	0.00	0.00	0.00	0.00	33554430	0.1727
215.46	204.27	8.10	204.21	0.05	0.00	204.21	0.00	0.00	0.00	0.00	0.00	33554430	0.1643
109.34	105.81	0.80	105.76	0.04	0.00	105.76	0.00	0.00	0.00	0.00	0.00	33554430	0.3171
168.46	164.93	0.79	164.88	0.04	0.00	164.88	0.00	0.00	0.01	0.00	0.00	33554430	0.2035
342.10	327.05	0.82	326.97	0.07	0.00	326.97	0.00	0.00	0.00	0.00	0.00	33554430	0.1026
305.03	295.31	4.53	295.24	0.06	0.00	295.24	0.00	0.00	0.00	0.00	0.00	33554430	0.1136
308.63	297.63	5.89	297.55	0.07	0.00	297.55	0.00	0.00	0.00	0.00	0.00	33554430	0.1127
263.00	247.57	12.66	247.51	0.05	0.00	247.51	0.00	0.00	0.00	0.00	0.00	33554430	0.1355
282.00	276.01	3.30	275.95	0.05	0.00	275.95	0.00	0.00	0.01	0.00	0.00	33554430	0.1216
227.62	221.68	3.22	221.63	0.04	0.00	221.63	0.00	0.00	0.01	0.00	0.00	33554430	0.1514
262.36	237.64	12.30	237.58	0.05	0.00	237.58	0.00	0.00	0.01	0.00	0.00	33554430	0.1412
274.19	270.74	0.78	270.69	0.04	0.00	270.69	0.00	0.00	0.00	0.00	0.00	33554430	0.1239
240.25	236.74	0.76	236.69	0.04	0.00	236.69	0.00	0.00	0.00	0.00	0.00	33554430	0.1417
273.04	262.58	0.78	262.51	0.06	0.00	262.51	0.00	0.00	0.01	0.00	0.00	33554430	0.1278
208.70	197.03	7.92	196.98	0.05	0.00	196.98	0.00	0.00	0.01	0.00	0.00	33554430	0.1703
97.11	93.63	0.79	93.58	0.04	0.00	93.58	0.00	0.00	0.01	0.00	0.00	33554430	0.3584
177.93	172.26	0.80	172.19	0.05	0.00	172.19	0.00	0.00	0.01	0.00	0.00	33554430	0.1948
263.72	256.78	4.19	256.73	0.05	0.00	256.73	0.00	0.00	0.00	0.00	0.00	33554430	0.1307
318.20	305.29	3.22	305.21	0.07	0.00	305.21	0.00	0.00	0.01	0.00	0.00	33554430	0.1099
359.07	340.27	8.95	340.20	0.06	0.00	340.20	0.00	0.00	0.01	0.00	0.00	33554430	0.0986
356.69	341.38	8.92	341.31	0.06	0.00	341.31	0.00	0.00	0.01	0.00	0.00	33554430	0.0983
290.97	285.01	3.23	284.95	0.05	0.00	284.95	0.00	0.00	0.01	0.00	0.00	33554430	0.1177
284.39	278.39	3.31	278.33	0.06	0.00	278.33	0.00	0.00	0.02	0.00	0.00	33554430	0.1205
254.04	250.55	0.78	250.51	0.04	0.00	250.51	0.00	0.00	0.00	0.00	0.00	33554430	0.1339
361.92	345.16	3.37	345.09	0.06	0.00	345.09	0.00	0.00	0.01	0.00	0.00	33554430	0.0972
299.48	280.15	16.64	280.10	0.05	0.00	280.10	0.00	0.00	0.00	0.00	0.00	33554430	0.1198
267.31	258.52	3.21	258.45	0.06	0.00	258.45	0.00	0.00	0.01	0.00	0.00	33554430	0.1298
170.35	163.86	3.19	163.81	0.05	0.00	163.81	0.00	0.00	0.00	0.00	0.00	33554430	0.2048
106.82	103.08	0.87	103.04	0.04	0.00	103.04	0.00	0.00	0.00	0.00	0.00	33554430	0.3255
100.63	96.89	0.94	96.84	0.04	0.00	96.84	0.00	0.00	0.00	0.00	0.00	33554430	0.3463
130.77	115.24	0.93	115.16	0.07	0.00	115.16	0.00	0.00	0.01	0.00	0.00	33554430	0.2912
267.35	255.36	4.48	255.29	0.06	0.00	255.29	0.00	0.00	0.00	0.01	0.00	33554430	0.1314
355.32	344.45	5.79	344.37	0.06	0.00	344.37	0.00	0.00	0.01	0.00	0.00	33554430	0.0974
282.90	267.28	3.23	267.21	0.05	0.00	267.21	0.00	0.00	0.01	0.00	0.00	33554430	0.1255
232.05	216.42	3.33	216.37	0.05	0.00	216.37	0.00	0.00	0.00	0.00	0.00	33554430	0.1550
373.77	360.92	2.96	360.85	0.06	0.00	360.85	0.00	0.00	0.01	0.00	0.00	33554430	0.0930
312.23	301.29	8.20	301.23	0.06	0.00	301.23	0.00	0.00	0.01	0.00	0.00	33554430	0.1114
313.17	306.39	4.08	306.33	0.05	0.00	306.33	0.00	0.00	0.00	0.00	0.00	33554430	0.1095
334.03	327.28	3.21	327.21	0.06	0.00	327.21	0.00	0.00	0.00	0.00	0.00	33554430	0.1025
256.67	250.75	3.21	250.70	0.05	0.00	250.70	0.00	0.00	0.00	0.00	0.00	33554430	0.1338
255.21	244.40	0.76	244.34	0.06	0.00	244.34	0.00	0.00	0.01	0.00	0.00	33554430	0.1373
151.61	145.30	3.58	145.25	0.05	0.00	145.25	0.00	0.00	0.01	0.00	0.00	33554430	0.2309
177.77	172.22	0.80	172.16	0.06	0.00	172.16	0.00	0.00	0.01	0.00	0.00	33554430	0.1948
368.12	357.49	3.22	357.40	0.07	0.00	357.40	0.00	0.00	0.01	0.00	0.00	33554430	0.0939
316.71	308.39	5.65	308.32	0.06	0.00	308.32	0.00	0.00	0.00	0.00	0.00	33554430	0.1088
304.20	298.29	3.21	298.23	0.05	0.00	298.23	0.00	0.00	0.00	0.00	0.00	33554430	0.1125
390.53	372.73	12.76	372.66	0.06	0.00	372.66	0.00	0.00	0.01	0.00	0.00	33554430	0.0900
SCALE: 20
nvtx: 1048576
edgefactor: 16
terasize: 2.68435455999999995e-04
A: 5.69999999999999951e-01
B: 1.90000000000000002e-01
C: 1.90000000000000002e-01
D: 5.00000000000000444e-02
generation_time: 0.00000000000000000e+00
construction_time: 1.59498693300000003e+01
nbfs: 100
min_time: 9.26529999375343277e-02
firstquartile_time: 2.09052000075578698e-01
median_time: 2.66881000012159308e-01
thirdquartile_time: 3.01083499968051949e-01
max_time: 3.85487000048160555e-01
mean_time: 2.50260429999828393e-01
stddev_time: 7.58010293603164353e-02
min_nedge: 1.67770120000000000e+07
firstquartile_nedge: 1.67770120000000000e+07
median_nedge: 1.67770120000000000e+07
thirdquartile_nedge: 1.67770120000000000e+07
max_nedge: 1.67770120000000000e+07
mean_nedge: 1.67770120000000000e+07
stddev_nedge: 0.00000000000000000e+00
min_TEPS: 4.35216025388767347e+07
firstquartile_TEPS: 5.61132566201688424e+07
median_TEPS: 6.35702804683573022e+07
thirdquartile_TEPS: 8.49738298288893551e+07
max_TEPS: 1.81073597307274282e+08
harmonic_mean_TEPS: 6.70382129528487772e+07
harmonic_stddev_TEPS: 2.04074033468473703e+06
