[BASH] Running the CPU only (default) graph500 for scale 16 with sorted edges
file:/dev/null	benchmark:GRAPH500	vertices:65536	edges:2097150	partitioning:RANDOM	platform:CPU	alpha:50	repeat:1	gpu_count:1	thread_count:4	thread_sched:GUIDED	thread_bind:false	gpu_graph_mem:DEVICE	gpu_par_randomized:false	sorted:false	edge_sort_key:degree	edge_order:asc	separate_singletons:false	lambda:0	time_init:239.71	time_par:15.92	rmt_vertex:0	rmt_edge:0	beta:0	pid0:100,100,0,0	
total	exec	init	comp	comm	finalize	cpu_comp	gpu_comp	gpu_total_comp	scatter	gather	aggr	trv_edges	exec_rate
24.22	21.68	1.42	21.61	0.06	0.00	21.61	0.00	0.00	0.01	0.00	0.00	2097150	0.0967
24.52	21.92	1.51	21.86	0.05	0.00	21.86	0.00	0.00	0.01	0.00	0.00	2097150	0.0957
23.04	20.47	1.48	20.41	0.05	0.00	20.41	0.00	0.00	0.01	0.00	0.00	2097150	0.1024
24.86	21.81	1.49	21.75	0.05	0.00	21.75	0.00	0.00	0.00	0.00	0.00	2097150	0.0961
23.56	20.95	1.52	20.89	0.05	0.00	20.89	0.00	0.00	0.01	0.00	0.00	2097150	0.1001
22.42	19.84	1.49	19.78	0.06	0.00	19.78	0.00	0.00	0.01	0.00	0.00	2097150	0.1057
23.25	20.68	1.49	20.61	0.05	0.00	20.61	0.00	0.00	0.01	0.00	0.00	2097150	0.1014
22.64	20.05	1.50	19.99	0.05	0.00	19.99	0.00	0.00	0.00	0.00	0.00	2097150	0.1046
23.04	20.46	1.49	20.40	0.05	0.00	20.40	0.00	0.00	0.01	0.00	0.00	2097150	0.1025
22.23	19.66	1.48	19.60	0.05	0.00	19.60	0.00	0.00	0.00	0.00	0.00	2097150	0.1067
22.67	20.07	1.49	20.00	0.06	0.00	20.00	0.00	0.00	0.00	0.00	0.00	2097150	0.1045
24.72	22.21	1.43	22.16	0.05	0.00	22.16	0.00	0.00	0.01	0.00	0.00	2097150	0.0944
22.10	19.53	1.49	19.47	0.05	0.00	19.47	0.00	0.00	0.00	0.00	0.00	2097150	0.1074
22.97	20.42	1.43	20.35	0.06	0.00	20.35	0.00	0.00	0.00	0.00	0.00	2097150	0.1027
25.40	21.98	1.88	21.90	0.07	0.00	21.90	0.00	0.00	0.01	0.00	0.00	2097150	0.0954
24.81	21.82	1.87	21.75	0.06	0.00	21.75	0.00	0.00	0.01	0.00	0.00	2097150	0.0961
23.35	20.37	1.87	20.30	0.06	0.00	20.30	0.00	0.00	0.01	0.01	0.00	2097150	0.1030
24.46	21.93	1.43	21.87	0.05	0.00	21.87	0.00	0.00	0.01	0.00	0.00	2097150	0.0956
22.41	19.88	1.44	19.82	0.05	0.00	19.82	0.00	0.00	0.01	0.00	0.00	2097150	0.1055
13.36	10.84	1.42	10.80	0.03	0.00	10.80	0.00	0.00	0.00	0.00	0.00	2097150	0.1935
22.57	20.07	1.43	20.01	0.05	0.00	20.01	0.00	0.00	0.01	0.00	0.00	2097150	0.1045
24.54	22.03	1.42	21.97	0.05	0.00	21.97	0.00	0.00	0.01	0.00	0.00	2097150	0.0952
22.61	20.08	1.44	20.03	0.05	0.00	20.03	0.00	0.00	0.01	0.00	0.00	2097150	0.1044
22.33	19.82	1.42	19.76	0.05	0.00	19.76	0.00	0.00	0.01	0.00	0.00	2097150	0.1058
22.23	19.71	1.43	19.66	0.05	0.00	19.66	0.00	0.00	0.01	0.00	0.00	2097150	0.1064
24.27	21.75	1.44	21.69	0.05	0.00	21.69	0.00	0.00	0.00	0.00	0.00	2097150	0.0964
26.35	23.83	1.43	23.77	0.06	0.00	23.77	0.00	0.00	0.01	0.00	0.00	2097150	0.0880
23.95	21.44	1.42	21.37	0.07	0.00	21.37	0.00	0.00	0.00	0.00	0.00	2097150	0.0978
23.52	21.00	1.44	20.94	0.05	0.00	20.94	0.00	0.00	0.01	0.00	0.00	2097150	0.0999
13.09	11.51	1.43	11.47	0.03	0.00	11.47	0.00	0.00	0.00	0.00	0.00	2097150	0.1822
22.75	20.22	1.44	20.16	0.05	0.00	20.16	0.00	0.00	0.01	0.00	0.00	2097150	0.1037
22.19	19.68	1.43	19.62	0.05	0.00	19.62	0.00	0.00	0.00	0.00	0.00	2097150	0.1066
22.23	19.71	1.43	19.64	0.05	0.00	19.64	0.00	0.00	0.00	0.00	0.00	2097150	0.1064
22.96	20.43	1.42	20.37	0.05	0.00	20.37	0.00	0.00	0.01	0.00	0.00	2097150	0.1027
22.29	19.78	1.42	19.72	0.05	0.00	19.72	0.00	0.00	0.00	0.00	0.00	2097150	0.1060
45.94	39.37	5.47	39.31	0.05	0.00	39.31	0.00	0.00	0.01	0.00	0.00	2097150	0.0533
23.67	20.74	1.84	20.68	0.05	0.00	20.68	0.00	0.00	0.01	0.00	0.00	2097150	0.1011
22.98	20.45	1.44	20.39	0.05	0.00	20.39	0.00	0.00	0.01	0.00	0.00	2097150	0.1026
22.80	20.29	1.42	20.23	0.05	0.00	20.23	0.00	0.00	0.01	0.00	0.00	2097150	0.1034
22.31	19.78	1.44	19.72	0.06	0.00	19.72	0.00	0.00	0.00	0.00	0.00	2097150	0.1060
22.79	20.27	1.43	20.22	0.05	0.00	20.22	0.00	0.00	0.01	0.00	0.00	2097150	0.1034
16.30	14.72	1.42	14.67	0.04	0.00	14.67	0.00	0.00	0.00	0.00	0.00	2097150	0.1425
23.00	20.48	1.44	20.41	0.05	0.00	20.41	0.00	0.00	0.01	0.00	0.00	2097150	0.1024
22.44	19.94	1.42	19.88	0.05	0.00	19.88	0.00	0.00	0.01	0.00	0.00	2097150	0.1052
23.66	21.11	1.43	21.04	0.06	0.00	21.04	0.00	0.00	0.00	0.00	0.00	2097150	0.0994
24.29	21.36	1.81	21.30	0.05	0.00	21.30	0.00	0.00	0.00	0.00	0.00	2097150	0.0982
21.98	18.99	1.86	18.93	0.05	0.00	18.93	0.00	0.00	0.01	0.00	0.00	2097150	0.1104
23.97	21.45	1.42	21.39	0.05	0.00	21.39	0.00	0.00	0.01	0.00	0.00	2097150	0.0978
22.47	19.94	1.44	19.88	0.05	0.00	19.88	0.00	0.00	0.01	0.00	0.00	2097150	0.1052
22.04	19.53	1.42	19.48	0.05	0.00	19.48	0.00	0.00	0.01	0.00	0.00	2097150	0.1074
22.69	19.69	1.88	19.63	0.06	0.00	19.63	0.00	0.00	0.01	0.00	0.00	2097150	0.1065
22.68	20.01	1.57	19.96	0.05	0.00	19.96	0.00	0.00	0.00	0.00	0.00	2097150	0.1048
22.93	20.42	1.42	20.36	0.05	0.00	20.36	0.00	0.00	0.00	0.00	0.00	2097150	0.1027
24.74	22.17	1.49	22.11	0.05	0.00	22.11	0.00	0.00	0.01	0.00	0.00	2097150	0.0946
23.06	20.51	1.47	20.45	0.05	0.00	20.45	0.00	0.00	0.01	0.00	0.00	2097150	0.1023
22.67	20.09	1.48	20.03	0.05	0.00	20.03	0.00	0.00	0.01	0.00	0.00	2097150	0.1044
22.12	19.52	1.49	19.46	0.05	0.00	19.46	0.00	0.00	0.00	0.00	0.00	2097150	0.1074
22.89	20.32	1.48	20.26	0.05	0.00	20.26	0.00	0.00	0.01	0.00	0.00	2097150	0.1032
22.59	20.02	1.49	19.95	0.06	0.00	19.95	0.00	0.00	0.01	0.00	0.00	2097150	0.1048
22.66	19.66	1.88	19.59	0.06	0.00	19.59	0.00	0.00	0.00	0.00	0.00	2097150	0.1067
23.31	20.80	1.42	20.75	0.05	0.00	20.75	0.00	0.00	0.01	0.00	0.00	2097150	0.1008
22.75	20.22	1.44	20.16	0.05	0.00	20.16	0.00	0.00	0.00	0.00	0.00	2097150	0.1037
26.07	23.54	1.43	23.45	0.08	0.00	23.45	0.00	0.00	0.01	0.00	0.00	2097150	0.0891
22.48	19.97	1.43	19.91	0.05	0.00	19.91	0.00	0.00	0.01	0.00	0.00	2097150	0.1050
22.91	20.38	1.45	20.32	0.05	0.00	20.32	0.00	0.00	0.01	0.00	0.00	2097150	0.1029
22.89	20.38	1.42	20.32	0.05	0.00	20.32	0.00	0.00	0.01	0.00	0.00	2097150	0.1029
22.74	20.20	1.45	20.14	0.05	0.00	20.14	0.00	0.00	0.01	0.00	0.00	2097150	0.1038
22.35	19.83	1.43	19.78	0.05	0.00	19.78	0.00	0.00	0.00	0.00	0.00	2097150	0.1058
22.34	19.84	1.42	19.78	0.05	0.00	19.78	0.00	0.00	0.01	0.00	0.00	2097150	0.1057
23.51	20.99	1.43	20.93	0.05	0.00	20.93	0.00	0.00	0.00	0.00	0.00	2097150	0.0999
23.76	21.18	1.49	21.12	0.05	0.00	21.12	0.00	0.00	0.01	0.00	0.00	2097150	0.0990
22.30	19.75	1.45	19.69	0.06	0.00	19.69	0.00	0.00	0.01	0.00	0.00	2097150	0.1062
21.52	19.05	1.42	19.00	0.04	0.00	19.00	0.00	0.00	0.00	0.00	0.00	2097150	0.1101
6.92	6.36	0.43	6.32	0.03	0.00	6.32	0.00	0.00	0.00	0.00	0.00	2097150	0.3298
6.45	6.20	0.10	6.17	0.03	0.00	6.17	0.00	0.00	0.01	0.00	0.00	2097150	0.3381
6.37	6.12	0.11	6.09	0.03	0.00	6.09	0.00	0.00	0.00	0.00	0.00	2097150	0.3424
7.93	7.26	0.46	7.23	0.03	0.00	7.23	0.00	0.00	0.00	0.00	0.00	2097150	0.2887
6.34	6.10	0.10	6.07	0.03	0.00	6.07	0.00	0.00	0.00	0.00	0.00	2097150	0.3436
6.53	6.29	0.11	6.26	0.03	0.00	6.26	0.00	0.00	0.00	0.00	0.00	2097150	0.3332
23.08	18.22	3.78	18.17	0.04	0.00	18.17	0.00	0.00	0.00	0.00	0.00	2097150	0.1151
20.38	17.61	1.69	17.56	0.04	0.00	17.56	0.00	0.00	0.00	0.00	0.00	2097150	0.1191
20.32	17.88	1.38	17.83	0.04	0.00	17.83	0.00	0.00	0.00	0.00	0.00	2097150	0.1173
15.38	13.81	1.41	13.77	0.03	0.00	13.77	0.00	0.00	0.01	0.00	0.00	2097150	0.1518
21.35	17.95	2.34	17.90	0.04	0.00	17.90	0.00	0.00	0.00	0.00	0.00	2097150	0.1168
20.18	17.69	1.40	17.64	0.04	0.00	17.64	0.00	0.00	0.01	0.00	0.00	2097150	0.1186
22.31	19.78	1.43	19.73	0.04	0.00	19.73	0.00	0.00	0.00	0.00	0.00	2097150	0.1060
22.33	19.82	1.43	19.75	0.05	0.00	19.75	0.00	0.00	0.00	0.00	0.00	2097150	0.1058
22.91	20.40	1.42	20.34	0.05	0.00	20.34	0.00	0.00	0.00	0.00	0.00	2097150	0.1028
23.36	20.82	1.45	20.77	0.05	0.00	20.77	0.00	0.00	0.01	0.00	0.00	2097150	0.1007
22.81	20.30	1.43	20.25	0.04	0.00	20.25	0.00	0.00	0.01	0.00	0.00	2097150	0.1033
22.71	20.19	1.43	20.12	0.05	0.00	20.12	0.00	0.00	0.01	0.00	0.00	2097150	0.1039
24.31	21.79	1.43	21.73	0.05	0.00	21.73	0.00	0.00	0.00	0.00	0.00	2097150	0.0962
22.98	20.46	1.43	20.40	0.05	0.00	20.40	0.00	0.00	0.01	0.00	0.00	2097150	0.1025
13.57	12.01	1.42	11.96	0.04	0.00	11.96	0.00	0.00	0.00	0.00	0.00	2097150	0.1746
22.92	20.38	1.45	20.33	0.05	0.00	20.33	0.00	0.00	0.01	0.00	0.00	2097150	0.1029
22.64	20.11	1.44	20.05	0.05	0.00	20.05	0.00	0.00	0.01	0.00	0.00	2097150	0.1043
22.91	20.39	1.43	20.33	0.05	0.00	20.33	0.00	0.00	0.01	0.00	0.00	2097150	0.1029
23.06	20.46	1.42	20.40	0.05	0.00	20.40	0.00	0.00	0.00	0.00	0.00	2097150	0.1025
24.49	21.53	1.45	21.46	0.07	0.00	21.46	0.00	0.00	0.01	0.00	0.01	2097150	0.0974
22.19	19.66	1.43	19.61	0.05	0.00	19.61	0.00	0.00	0.01	0.00	0.00	2097150	0.1066
SCALE: 16
nvtx: 65536
edgefactor: 16
terasize: 1.67772159999999997e-05
A: 5.69999999999999951e-01
B: 1.90000000000000002e-01
C: 1.90000000000000002e-01
D: 5.00000000000000444e-02
generation_time: 0.00000000000000000e+00
construction_time: 4.72863415999999925e-01
nbfs: 100
min_time: 6.20600003004074131e-03
firstquartile_time: 2.12012499868869768e-02
median_time: 2.16595000326633459e-02
thirdquartile_time: 2.23809999823570277e-02
max_time: 4.48400000333786034e-02
mean_time: 2.08206100034713688e-02
stddev_time: 4.74792883199753185e-03
min_nedge: 1.00000000000000000e+00
firstquartile_nedge: 1.04856600000000000e+06
median_nedge: 1.04856600000000000e+06
thirdquartile_nedge: 1.04856600000000000e+06
max_nedge: 1.04856600000000000e+06
mean_nedge: 1.03808034999999998e+06
stddev_nedge: 1.04856500000000000e+05
min_TEPS: 8.15527644769811815e+01
firstquartile_TEPS: 4.70958908268748373e+07
median_TEPS: 4.84247842249371484e+07
thirdquartile_TEPS: 4.95647692915664166e+07
max_TEPS: 1.68960037854385316e+08
harmonic_mean_TEPS: 8.15396382512334003e+03
harmonic_stddev_TEPS: 8.19370964210518832e+03
