[BASH] Running the CPU only (default) graph500 for scale 21 with sorted edges
file:/dev/null	benchmark:GRAPH500	vertices:2097152	edges:67108862	partitioning:RANDOM	platform:CPU	alpha:50	repeat:1	gpu_count:1	thread_count:4	thread_sched:GUIDED	thread_bind:false	gpu_graph_mem:DEVICE	gpu_par_randomized:false	sorted:false	edge_sort_key:degree	edge_order:asc	separate_singletons:false	lambda:0	time_init:13876.57	time_par:347.20	rmt_vertex:0	rmt_edge:0	beta:0	pid0:100,100,0,0	
total	exec	init	comp	comm	finalize	cpu_comp	gpu_comp	gpu_total_comp	scatter	gather	aggr	trv_edges	exec_rate
471.82	438.77	17.78	438.72	0.05	0.00	438.72	0.00	0.00	0.01	0.00	0.00	67108862	0.1529
571.02	551.36	4.68	551.31	0.04	0.00	551.31	0.00	0.00	0.01	0.00	0.00	67108862	0.1217
539.46	522.99	1.49	522.94	0.04	0.00	522.94	0.00	0.00	0.00	0.00	0.00	67108862	0.1283
524.08	504.26	14.21	504.19	0.05	0.00	504.19	0.00	0.00	0.01	0.00	0.00	67108862	0.1331
647.06	622.89	14.46	622.81	0.06	0.00	622.81	0.00	0.00	0.01	0.00	0.00	67108862	0.1077
299.21	280.22	4.16	280.16	0.05	0.00	280.16	0.00	0.00	0.01	0.00	0.00	67108862	0.2395
660.48	650.41	4.21	650.35	0.06	0.00	650.35	0.00	0.00	0.01	0.00	0.00	67108862	0.1032
617.98	598.48	14.11	597.99	0.49	0.00	597.99	0.00	0.00	0.44	0.00	0.00	67108862	0.1121
662.13	642.21	4.67	642.16	0.05	0.00	642.16	0.00	0.00	0.00	0.00	0.00	67108862	0.1045
582.03	575.09	1.55	575.03	0.05	0.00	575.03	0.00	0.00	0.00	0.00	0.00	67108862	0.1167
357.63	350.68	1.50	350.62	0.06	0.00	350.62	0.00	0.00	0.00	0.00	0.00	67108862	0.1914
460.75	437.13	12.69	437.08	0.05	0.00	437.08	0.00	0.00	0.00	0.00	0.00	67108862	0.1535
556.54	528.46	11.45	528.40	0.05	0.00	528.40	0.00	0.00	0.00	0.00	0.00	67108862	0.1270
653.16	636.41	1.51	636.36	0.04	0.00	636.36	0.00	0.00	0.00	0.00	0.00	67108862	0.1054
553.82	536.46	1.89	536.41	0.04	0.00	536.41	0.00	0.00	0.01	0.00	0.00	67108862	0.1251
537.26	530.31	1.50	530.26	0.04	0.00	530.26	0.00	0.00	0.00	0.00	0.00	67108862	0.1265
522.06	509.21	4.69	509.13	0.06	0.00	509.13	0.00	0.00	0.00	0.00	0.00	67108862	0.1318
245.26	235.06	4.77	235.00	0.05	0.00	235.00	0.00	0.00	0.00	0.00	0.00	67108862	0.2855
206.75	199.73	1.56	199.69	0.03	0.00	199.69	0.00	0.00	0.01	0.00	0.00	67108862	0.3360
609.03	587.69	11.91	587.61	0.06	0.00	587.61	0.00	0.00	0.01	0.00	0.00	67108862	0.1142
552.43	529.23	7.77	529.15	0.07	0.00	529.15	0.00	0.00	0.01	0.00	0.00	67108862	0.1268
641.37	621.40	4.63	621.33	0.06	0.00	621.33	0.00	0.00	0.00	0.00	0.00	67108862	0.1080
681.01	651.65	14.02	651.59	0.06	0.00	651.59	0.00	0.00	0.01	0.00	0.00	67108862	0.1030
562.76	555.79	1.50	555.75	0.04	0.00	555.75	0.00	0.00	0.01	0.00	0.00	67108862	0.1207
287.55	276.06	5.11	276.02	0.04	0.00	276.02	0.00	0.00	0.00	0.00	0.00	67108862	0.2431
550.13	528.85	8.74	528.77	0.07	0.00	528.77	0.00	0.00	0.01	0.00	0.00	67108862	0.1269
621.72	584.82	18.82	584.76	0.05	0.00	584.76	0.00	0.00	0.01	0.00	0.00	67108862	0.1148
583.29	566.04	7.98	565.97	0.06	0.00	565.97	0.00	0.00	0.00	0.00	0.00	67108862	0.1186
733.87	713.62	5.97	713.54	0.08	0.00	713.54	0.00	0.00	0.01	0.00	0.00	67108862	0.0940
652.03	631.32	10.88	631.24	0.08	0.00	631.24	0.00	0.00	0.01	0.00	0.00	67108862	0.1063
297.07	285.60	4.65	285.54	0.05	0.00	285.54	0.00	0.00	0.01	0.00	0.00	67108862	0.2350
655.78	633.69	5.09	633.60	0.08	0.00	633.60	0.00	0.00	0.01	0.00	0.00	67108862	0.1059
597.99	571.52	10.85	571.47	0.05	0.00	571.47	0.00	0.00	0.01	0.00	0.00	67108862	0.1174
523.45	515.77	1.51	515.72	0.04	0.00	515.72	0.00	0.00	0.00	0.00	0.00	67108862	0.1301
609.86	590.32	14.13	590.25	0.06	0.00	590.25	0.00	0.00	0.01	0.00	0.00	67108862	0.1137
568.67	549.17	4.65	549.11	0.05	0.00	549.11	0.00	0.00	0.01	0.00	0.00	67108862	0.1222
356.15	343.26	4.64	343.18	0.07	0.00	343.18	0.00	0.00	0.01	0.00	0.00	67108862	0.1955
278.19	267.78	4.71	267.73	0.04	0.00	267.73	0.00	0.00	0.01	0.00	0.00	67108862	0.2506
489.41	470.24	4.18	470.18	0.05	0.00	470.18	0.00	0.00	0.00	0.00	0.00	67108862	0.1427
647.81	637.73	4.65	637.66	0.06	0.00	637.66	0.00	0.00	0.00	0.00	0.00	67108862	0.1052
594.83	574.99	4.65	574.93	0.05	0.00	574.93	0.00	0.00	0.00	0.00	0.00	67108862	0.1167
608.91	587.67	1.50	587.59	0.06	0.00	587.59	0.00	0.00	0.01	0.00	0.00	67108862	0.1142
316.83	306.07	4.57	306.02	0.04	0.00	306.02	0.00	0.00	0.00	0.00	0.00	67108862	0.2193
490.00	466.64	5.43	466.58	0.05	0.00	466.58	0.00	0.00	0.01	0.00	0.00	67108862	0.1438
707.70	679.44	11.07	679.34	0.08	0.00	679.34	0.00	0.00	0.01	0.00	0.00	67108862	0.0988
739.68	719.63	10.85	719.55	0.06	0.00	719.55	0.00	0.00	0.01	0.00	0.00	67108862	0.0933
593.65	564.07	14.43	564.01	0.05	0.00	564.01	0.00	0.00	0.00	0.00	0.00	67108862	0.1190
505.50	483.22	1.50	483.17	0.04	0.00	483.17	0.00	0.00	0.00	0.00	0.00	67108862	0.1389
407.26	394.07	5.07	393.99	0.07	0.00	393.99	0.00	0.00	0.01	0.00	0.00	67108862	0.1703
563.95	550.52	4.61	550.43	0.07	0.00	550.43	0.00	0.00	0.00	0.00	0.00	67108862	0.1219
557.87	549.10	1.55	549.04	0.05	0.00	549.04	0.00	0.00	0.01	0.00	0.00	67108862	0.1222
607.15	582.06	7.98	581.98	0.07	0.00	581.98	0.00	0.00	0.00	0.00	0.00	67108862	0.1153
546.35	518.12	13.77	518.06	0.05	0.00	518.06	0.00	0.00	0.01	0.00	0.00	67108862	0.1295
640.80	623.86	11.53	623.81	0.04	0.00	623.81	0.00	0.00	0.01	0.00	0.00	67108862	0.1076
425.86	414.76	4.67	414.70	0.05	0.00	414.70	0.00	0.00	0.01	0.00	0.00	67108862	0.1618
518.47	488.74	14.13	488.68	0.05	0.00	488.68	0.00	0.00	0.01	0.00	0.00	67108862	0.1373
670.17	663.20	1.50	663.15	0.05	0.00	663.15	0.00	0.00	0.00	0.00	0.00	67108862	0.1012
484.18	477.16	1.54	477.11	0.05	0.00	477.11	0.00	0.00	0.01	0.00	0.00	67108862	0.1406
717.96	704.08	4.65	704.00	0.06	0.00	704.00	0.00	0.00	0.01	0.00	0.00	67108862	0.0953
562.54	543.38	4.66	543.31	0.06	0.00	543.31	0.00	0.00	0.01	0.00	0.00	67108862	0.1235
373.16	363.45	1.52	363.39	0.06	0.00	363.39	0.00	0.00	0.01	0.00	0.00	67108862	0.1846
316.75	304.11	4.56	304.05	0.05	0.00	304.05	0.00	0.00	0.00	0.00	0.00	67108862	0.2207
712.44	696.63	6.82	696.55	0.06	0.00	696.55	0.00	0.00	0.01	0.00	0.00	67108862	0.0963
592.18	568.81	14.55	568.74	0.06	0.00	568.74	0.00	0.00	0.01	0.00	0.00	67108862	0.1180
523.76	504.08	4.67	504.02	0.05	0.00	504.02	0.00	0.00	0.01	0.00	0.00	67108862	0.1331
545.57	528.55	1.50	528.50	0.04	0.00	528.50	0.00	0.00	0.00	0.00	0.00	67108862	0.1270
471.51	464.59	1.51	464.54	0.05	0.00	464.54	0.00	0.00	0.00	0.00	0.00	67108862	0.1444
416.18	406.67	1.51	406.61	0.05	0.00	406.61	0.00	0.00	0.01	0.00	0.00	67108862	0.1650
252.86	245.13	2.25	245.09	0.04	0.00	245.09	0.00	0.00	0.00	0.00	0.00	67108862	0.2738
226.46	219.26	1.52	219.22	0.04	0.00	219.22	0.00	0.00	0.00	0.00	0.00	67108862	0.3061
292.01	263.82	22.64	263.77	0.04	0.00	263.77	0.00	0.00	0.01	0.00	0.00	67108862	0.2544
198.18	191.22	1.52	191.18	0.03	0.00	191.18	0.00	0.00	0.00	0.00	0.00	67108862	0.3509
219.88	212.78	1.53	212.72	0.04	0.00	212.72	0.00	0.00	0.00	0.00	0.00	67108862	0.3154
316.21	300.27	10.50	300.23	0.03	0.00	300.23	0.00	0.00	0.01	0.00	0.00	67108862	0.2235
205.54	198.46	1.53	198.40	0.05	0.00	198.40	0.00	0.00	0.00	0.00	0.00	67108862	0.3381
211.21	204.13	1.56	204.08	0.04	0.00	204.08	0.00	0.00	0.01	0.00	0.00	67108862	0.3288
203.67	196.66	1.53	196.61	0.04	0.00	196.61	0.00	0.00	0.01	0.00	0.00	67108862	0.3413
241.04	233.75	1.85	233.71	0.04	0.00	233.71	0.00	0.00	0.00	0.00	0.00	67108862	0.2871
214.52	207.50	1.52	207.45	0.04	0.00	207.45	0.00	0.00	0.00	0.00	0.00	67108862	0.3234
464.62	357.51	101.65	357.43	0.07	0.00	357.43	0.00	0.00	0.01	0.00	0.00	67108862	0.1877
224.40	217.43	1.51	217.39	0.04	0.00	217.39	0.00	0.00	0.00	0.00	0.00	67108862	0.3086
211.83	204.90	1.52	204.86	0.03	0.00	204.86	0.00	0.00	0.01	0.00	0.00	67108862	0.3275
1298.77	1172.05	121.23	1171.93	0.11	0.00	1171.93	0.00	0.00	0.01	0.00	0.00	67108862	0.0573
208.98	201.94	1.53	201.90	0.03	0.00	201.90	0.00	0.00	0.00	0.00	0.00	67108862	0.3323
205.35	198.34	1.52	198.30	0.03	0.00	198.30	0.00	0.00	0.01	0.00	0.00	67108862	0.3384
263.38	256.41	1.52	256.37	0.03	0.00	256.37	0.00	0.00	0.00	0.00	0.00	67108862	0.2617
215.46	208.52	1.52	208.48	0.04	0.00	208.48	0.00	0.00	0.00	0.00	0.00	67108862	0.3218
192.84	185.92	1.52	185.88	0.03	0.00	185.88	0.00	0.00	0.00	0.00	0.00	67108862	0.3609
318.69	293.32	19.93	293.26	0.05	0.00	293.26	0.00	0.00	0.01	0.00	0.00	67108862	0.2288
215.99	208.98	1.51	208.94	0.04	0.00	208.94	0.00	0.00	0.00	0.00	0.00	67108862	0.3211
209.34	202.32	1.52	202.28	0.03	0.00	202.28	0.00	0.00	0.01	0.00	0.00	67108862	0.3317
455.35	329.36	120.52	329.30	0.05	0.00	329.30	0.00	0.00	0.00	0.00	0.00	67108862	0.2038
252.03	234.25	12.31	234.20	0.04	0.00	234.20	0.00	0.00	0.01	0.00	0.00	67108862	0.2865
198.89	191.90	1.55	191.85	0.04	0.00	191.85	0.00	0.00	0.01	0.00	0.00	67108862	0.3497
199.49	192.55	1.51	192.51	0.03	0.00	192.51	0.00	0.00	0.00	0.00	0.00	67108862	0.3485
199.06	191.91	1.57	191.87	0.04	0.00	191.87	0.00	0.00	0.00	0.00	0.00	67108862	0.3497
194.76	187.64	1.58	187.60	0.03	0.00	187.60	0.00	0.00	0.01	0.00	0.00	67108862	0.3577
196.80	189.57	1.52	189.53	0.03	0.00	189.53	0.00	0.00	0.00	0.00	0.00	67108862	0.3540
209.13	201.75	1.95	201.71	0.04	0.00	201.71	0.00	0.00	0.01	0.00	0.00	67108862	0.3326
222.88	215.85	1.52	215.81	0.03	0.00	215.81	0.00	0.00	0.00	0.00	0.00	67108862	0.3109
SCALE: 21
nvtx: 2097152
edgefactor: 16
terasize: 5.36870911999999989e-04
A: 5.69999999999999951e-01
B: 1.90000000000000002e-01
C: 1.90000000000000002e-01
D: 5.00000000000000444e-02
generation_time: 0.00000000000000000e+00
construction_time: 3.63541050749999997e+01
nbfs: 100
min_time: 1.87444000124931343e-01
firstquartile_time: 2.46761000022292148e-01
median_time: 4.81710499912500367e-01
thirdquartile_time: 5.83109250053763351e-01
max_time: 1.29328199988603587e+00
mean_time: 4.41987330005765122e-01
stddev_time: 1.93564761834112420e-01
min_nedge: 3.35540490000000000e+07
firstquartile_nedge: 3.35540490000000000e+07
median_nedge: 3.35540490000000000e+07
thirdquartile_nedge: 3.35540490000000000e+07
max_nedge: 3.35540490000000000e+07
mean_nedge: 3.35540490000000000e+07
stddev_nedge: 0.00000000000000000e+00
min_TEPS: 2.59448820929671824e+07
firstquartile_TEPS: 5.79167317191073522e+07
median_TEPS: 7.09023534146784693e+07
thirdquartile_TEPS: 1.41789736701424181e+08
max_TEPS: 1.79008391720387101e+08
harmonic_mean_TEPS: 7.59163141612279862e+07
harmonic_stddev_TEPS: 3.34144251846955391e+06
