[BASH] Running the GPU only graph500 for scale 17 with sorted edges
file:/dev/null	benchmark:GRAPH500	vertices:131072	edges:4194302	partitioning:RANDOM	platform:GPU	alpha:50	repeat:1	gpu_count:1	thread_count:4	thread_sched:GUIDED	thread_bind:false	gpu_graph_mem:DEVICE	gpu_par_randomized:false	sorted:false	edge_sort_key:degree	edge_order:asc	separate_singletons:false	lambda:0	time_init:687.73	time_par:27.76	rmt_vertex:0	rmt_edge:0	beta:0	pid0:100,100,0,0	
total	exec	init	comp	comm	finalize	cpu_comp	gpu_comp	gpu_total_comp	scatter	gather	aggr	trv_edges	exec_rate
447.91	427.07	0.79	410.69	16.36	0.00	0.00	410.69	410.69	0.00	0.00	0.22	4194302	0.0098
238.86	220.05	0.79	201.77	18.27	0.00	0.00	201.77	201.77	0.00	0.00	0.23	4194302	0.0191
248.15	237.45	0.78	226.22	11.22	0.00	0.00	226.22	226.22	0.00	0.00	0.26	4194302	0.0177
205.86	193.76	0.82	189.38	4.37	0.00	0.00	189.38	189.38	0.00	0.00	2.31	4194302	0.0216
349.86	333.23	0.59	320.22	12.99	0.00	0.00	320.22	320.22	0.00	0.00	0.23	4194302	0.0126
356.82	339.08	0.80	322.72	16.34	0.00	0.00	322.72	322.72	0.00	0.00	7.37	4194302	0.0124
245.04	221.40	0.79	200.13	21.25	0.00	0.00	200.13	200.13	0.00	0.00	0.23	4194302	0.0189
212.25	201.22	0.81	181.73	19.47	0.00	0.00	181.73	181.73	0.00	0.00	0.22	4194302	0.0208
159.52	149.78	0.62	148.40	1.37	0.00	0.00	148.40	148.40	0.00	0.00	0.15	4194302	0.0280
186.45	175.84	0.40	160.03	15.79	0.00	0.00	160.03	160.03	0.00	0.00	0.22	4194302	0.0239
184.19	167.20	0.83	149.55	17.64	0.00	0.00	149.55	149.55	0.00	0.00	0.22	4194302	0.0251
196.09	183.36	2.91	158.94	24.40	0.00	0.00	158.94	158.94	0.00	0.00	0.21	4194302	0.0229
182.00	162.16	8.80	149.73	12.41	0.00	0.00	149.73	149.73	0.00	0.00	0.29	4194302	0.0259
183.68	162.32	1.26	159.88	2.42	0.00	0.00	159.88	159.88	0.00	0.00	4.24	4194302	0.0258
180.73	164.53	1.09	162.88	1.64	0.00	0.00	162.88	162.88	0.00	0.00	0.22	4194302	0.0255
179.99	162.66	8.19	161.49	1.16	0.00	0.00	161.49	161.49	0.00	0.00	0.15	4194302	0.0258
178.79	170.97	0.95	151.17	19.78	0.00	0.00	151.17	151.17	0.00	0.00	2.55	4194302	0.0245
175.00	163.05	1.44	153.39	9.65	0.00	0.00	153.39	153.39	0.00	0.00	0.28	4194302	0.0257
183.53	177.68	1.45	162.55	15.12	0.00	0.00	162.55	162.55	0.00	0.00	0.21	4194302	0.0236
192.30	163.85	11.13	157.29	6.55	0.00	0.00	157.29	157.29	0.00	0.00	7.13	4194302	0.0256
181.52	158.06	6.26	150.75	7.30	0.00	0.00	150.75	150.75	0.00	0.00	0.24	4194302	0.0265
207.95	187.29	10.40	161.60	25.67	0.00	0.00	161.60	161.60	0.00	0.00	0.22	4194302	0.0224
175.31	162.90	0.78	161.55	1.34	0.00	0.00	161.55	161.55	0.00	0.00	0.17	4194302	0.0257
181.20	167.51	0.63	161.47	6.03	0.00	0.00	161.47	161.47	0.00	0.00	3.42	4194302	0.0250
198.14	172.08	9.92	153.26	18.81	0.00	0.00	153.26	153.26	0.00	0.00	0.23	4194302	0.0244
178.30	157.50	10.45	150.63	6.85	0.00	0.00	150.63	150.63	0.00	0.00	0.22	4194302	0.0266
196.63	182.35	0.79	160.07	22.26	0.00	0.00	160.07	160.07	0.00	0.00	3.90	4194302	0.0230
198.29	176.99	10.95	164.39	12.58	0.00	0.00	164.39	164.39	0.00	0.00	0.22	4194302	0.0237
192.11	178.54	3.28	159.43	19.10	0.00	0.00	159.43	159.43	0.00	0.00	0.22	4194302	0.0235
242.39	232.37	0.83	229.34	3.02	0.00	0.00	229.34	229.34	0.00	0.00	0.19	4194302	0.0181
169.57	158.76	0.55	152.07	6.67	0.00	0.00	152.07	152.07	0.00	0.00	0.21	4194302	0.0264
190.89	176.22	10.20	164.78	11.42	0.00	0.00	164.78	164.78	0.00	0.00	0.28	4194302	0.0238
271.62	266.00	1.10	246.01	19.98	0.00	0.00	246.01	246.01	0.00	0.00	0.31	4194302	0.0158
217.88	196.27	11.08	193.10	3.17	0.00	0.00	193.10	193.10	0.00	0.00	0.34	4194302	0.0214
290.10	278.70	1.21	275.82	2.87	0.00	0.00	275.82	275.82	0.00	0.00	0.22	4194302	0.0150
203.38	192.64	0.67	166.30	26.32	0.00	0.00	166.30	166.30	0.00	0.00	0.16	4194302	0.0218
203.93	193.43	0.59	187.28	6.14	0.00	0.00	187.28	187.28	0.00	0.00	0.22	4194302	0.0217
297.25	286.14	0.79	272.43	13.70	0.00	0.00	272.43	272.43	0.00	0.00	0.22	4194302	0.0147
217.03	200.19	0.78	183.23	16.95	0.00	0.00	183.23	183.23	0.00	0.00	0.24	4194302	0.0210
197.99	180.37	1.49	167.42	12.93	0.00	0.00	167.42	167.42	0.00	0.00	0.22	4194302	0.0233
190.45	178.08	2.04	169.77	8.30	0.00	0.00	169.77	169.77	0.00	0.00	0.28	4194302	0.0236
180.29	172.00	1.10	169.99	2.00	0.00	0.00	169.99	169.99	0.00	0.00	0.17	4194302	0.0244
162.52	157.65	0.44	151.01	6.63	0.00	0.00	151.01	151.01	0.00	0.00	0.25	4194302	0.0266
176.41	165.04	1.10	163.23	1.79	0.00	0.00	163.23	163.23	0.00	0.00	0.22	4194302	0.0254
194.71	165.27	9.47	148.73	16.53	0.00	0.00	148.73	148.73	0.00	0.00	0.22	4194302	0.0254
259.32	241.94	0.85	226.98	14.94	0.00	0.00	226.98	226.98	0.00	0.00	0.28	4194302	0.0173
215.93	196.54	1.09	183.97	12.55	0.00	0.00	183.97	183.97	0.00	0.00	8.12	4194302	0.0213
181.37	165.92	5.38	151.96	13.94	0.00	0.00	151.96	151.96	0.00	0.00	0.25	4194302	0.0253
163.40	153.03	1.24	151.75	1.27	0.00	0.00	151.75	151.75	0.00	0.00	0.15	4194302	0.0274
160.72	149.42	0.99	147.84	1.57	0.00	0.00	147.84	147.84	0.00	0.00	0.22	4194302	0.0281
190.45	160.19	10.08	153.13	7.05	0.00	0.00	153.13	153.13	0.00	0.00	0.22	4194302	0.0262
183.91	161.05	2.72	149.02	12.01	0.00	0.00	149.02	149.02	0.00	0.00	0.23	4194302	0.0260
184.51	163.73	10.01	161.39	2.33	0.00	0.00	161.39	161.39	0.00	0.00	0.30	4194302	0.0256
269.10	257.69	1.10	255.78	1.89	0.00	0.00	255.78	255.78	0.00	0.00	0.24	4194302	0.0163
211.07	200.38	0.79	188.48	11.88	0.00	0.00	188.48	188.48	0.00	0.00	0.19	4194302	0.0209
197.96	187.34	0.64	185.30	2.03	0.00	0.00	185.30	185.30	0.00	0.00	0.80	4194302	0.0224
183.19	178.34	0.38	172.48	5.84	0.00	0.00	172.48	172.48	0.00	0.00	0.22	4194302	0.0235
266.28	255.28	0.79	239.84	15.42	0.00	0.00	239.84	239.84	0.00	0.00	0.24	4194302	0.0164
236.33	215.06	1.14	192.48	22.56	0.00	0.00	192.48	192.48	0.00	0.00	0.23	4194302	0.0195
302.56	291.42	0.82	278.69	12.71	0.00	0.00	278.69	278.69	0.00	0.00	0.28	4194302	0.0144
205.69	193.92	1.25	187.32	6.58	0.00	0.00	187.32	187.32	0.00	0.00	0.28	4194302	0.0216
193.57	186.60	1.39	184.54	2.05	0.00	0.00	184.54	184.54	0.00	0.00	0.19	4194302	0.0225
280.10	262.53	0.78	227.81	34.70	0.00	0.00	227.81	227.81	0.00	0.00	6.68	4194302	0.0160
195.89	190.49	0.85	174.85	15.61	0.00	0.00	174.85	174.85	0.00	0.00	0.22	4194302	0.0220
313.35	294.19	0.80	270.06	24.11	0.00	0.00	270.06	270.06	0.00	0.00	0.22	4194302	0.0143
309.38	296.55	2.18	287.53	9.01	0.00	0.00	287.53	287.53	0.00	0.00	0.28	4194302	0.0141
286.23	274.77	1.00	271.30	3.45	0.00	0.00	271.30	271.30	0.00	0.00	0.28	4194302	0.0153
179.67	159.67	3.46	153.70	5.96	0.00	0.00	153.70	153.70	0.00	0.00	0.28	4194302	0.0263
171.18	158.27	2.65	156.36	1.90	0.00	0.00	156.36	156.36	0.00	0.00	0.22	4194302	0.0265
193.55	182.68	1.07	154.26	28.41	0.00	0.00	154.26	154.26	0.00	0.00	0.22	4194302	0.0230
222.57	211.55	1.10	196.50	15.03	0.00	0.00	196.50	196.50	0.00	0.00	0.22	4194302	0.0198
188.84	177.81	0.77	149.49	28.30	0.00	0.00	149.49	149.49	0.00	0.00	0.23	4194302	0.0236
303.46	291.37	0.77	270.43	20.92	0.00	0.00	270.43	270.43	0.00	0.00	0.25	4194302	0.0144
214.05	203.16	0.59	184.88	18.26	0.00	0.00	184.88	184.88	0.00	0.00	0.23	4194302	0.0206
271.06	259.51	0.83	247.03	12.47	0.00	0.00	247.03	247.03	0.00	0.00	0.21	4194302	0.0162
230.49	219.33	0.80	198.13	21.18	0.00	0.00	198.13	198.13	0.00	0.00	0.22	4194302	0.0191
183.22	164.85	2.03	152.10	12.74	0.00	0.00	152.10	152.10	0.00	0.00	0.28	4194302	0.0254
192.85	164.97	11.47	162.29	2.67	0.00	0.00	162.29	162.29	0.00	0.00	0.28	4194302	0.0254
160.79	150.95	1.44	149.36	1.58	0.00	0.00	149.36	149.36	0.00	0.00	0.17	4194302	0.0278
180.77	169.86	0.59	157.92	11.93	0.00	0.00	157.92	157.92	0.00	0.00	0.22	4194302	0.0247
201.48	171.93	10.10	157.24	14.67	0.00	0.00	157.24	157.24	0.00	0.00	0.22	4194302	0.0244
330.90	310.72	0.82	284.28	26.42	0.00	0.00	284.28	284.28	0.00	0.00	0.28	4194302	0.0135
286.98	267.15	3.60	245.88	21.26	0.00	0.00	245.88	245.88	0.00	0.00	0.29	4194302	0.0157
179.52	168.36	1.08	165.96	2.39	0.00	0.00	165.96	165.96	0.00	0.00	0.22	4194302	0.0249
165.56	155.71	0.63	153.76	1.94	0.00	0.00	153.76	153.76	0.00	0.00	0.22	4194302	0.0269
179.04	162.62	0.74	152.17	10.45	0.01	0.00	152.17	152.17	0.00	0.00	4.42	4194302	0.0258
190.14	168.85	0.78	166.37	2.47	0.00	0.00	166.37	166.37	0.00	0.00	0.28	4194302	0.0248
176.57	160.61	1.62	158.18	2.42	0.00	0.00	158.18	158.18	0.00	0.00	4.13	4194302	0.0261
183.92	155.85	10.31	153.18	2.67	0.00	0.00	153.18	153.18	0.00	0.00	7.48	4194302	0.0269
194.19	170.64	3.39	149.79	20.83	0.00	0.00	149.79	149.79	0.00	0.00	0.24	4194302	0.0246
179.20	152.81	9.60	150.53	2.27	0.00	0.00	150.53	150.53	0.00	0.00	6.46	4194302	0.0274
169.14	156.73	2.58	154.84	1.87	0.00	0.00	154.84	154.84	0.00	0.00	0.21	4194302	0.0268
188.84	167.27	1.28	165.82	1.45	0.00	0.00	165.82	165.82	0.00	0.00	0.16	4194302	0.0251
188.12	166.06	11.78	155.24	10.81	0.00	0.00	155.24	155.24	0.00	0.00	0.21	4194302	0.0253
197.80	190.41	1.15	168.55	21.85	0.00	0.00	168.55	168.55	0.00	0.00	0.21	4194302	0.0220
175.56	157.42	10.08	150.94	6.47	0.00	0.00	150.94	150.94	0.00	0.00	3.88	4194302	0.0266
179.79	159.25	10.28	151.28	7.95	0.00	0.00	151.28	151.28	0.00	0.00	0.22	4194302	0.0263
173.83	161.97	1.12	152.21	9.74	0.00	0.00	152.21	152.21	0.00	0.00	0.19	4194302	0.0259
180.50	159.36	10.39	157.38	1.96	0.00	0.00	157.38	157.38	0.00	0.00	0.22	4194302	0.0263
255.77	244.06	0.77	240.48	3.57	0.00	0.00	240.48	240.48	0.00	0.00	0.28	4194302	0.0172
SCALE: 17
nvtx: 131072
edgefactor: 16
terasize: 3.35544319999999993e-05
A: 5.69999999999999951e-01
B: 1.90000000000000002e-01
C: 1.90000000000000002e-01
D: 5.00000000000000444e-02
generation_time: 0.00000000000000000e+00
construction_time: 1.64410108300000002e+00
nbfs: 100
min_time: 1.50403999984264375e-01
firstquartile_time: 1.68056750014424328e-01
median_time: 1.81841500073671336e-01
thirdquartile_time: 2.19148249953985214e-01
max_time: 4.27858000040054309e-01
mean_time: 2.00252619995474890e-01
stddev_time: 5.01049641664558162e-02
min_nedge: 2.09713500000000000e+06
firstquartile_nedge: 2.09713500000000000e+06
median_nedge: 2.09713500000000000e+06
thirdquartile_nedge: 2.09713500000000000e+06
max_nedge: 2.09713500000000000e+06
mean_nedge: 2.09713500000000000e+06
stddev_nedge: 0.00000000000000000e+00
min_TEPS: 4.90147432046070136e+06
firstquartile_TEPS: 9.92506217442668974e+06
median_TEPS: 1.16750647700984664e+07
thirdquartile_TEPS: 1.25115046258006636e+07
max_TEPS: 1.39433459231098052e+07
harmonic_mean_TEPS: 1.04724472521127965e+07
harmonic_stddev_TEPS: 2.63349885144444357e+05
