[BASH] Running the GPU only graph500 for scale 20 with sorted edges
file:/dev/null	benchmark:GRAPH500	vertices:1048576	edges:33554430	partitioning:RANDOM	platform:GPU	alpha:50	repeat:1	gpu_count:1	thread_count:1	thread_sched:GUIDED	thread_bind:false	gpu_graph_mem:DEVICE	gpu_par_randomized:false	sorted:false	edge_sort_key:degree	edge_order:asc	separate_singletons:false	lambda:0	time_init:11189.12	time_par:212.61	rmt_vertex:0	rmt_edge:0	beta:0	pid0:100,100,0,0	
total	exec	init	comp	comm	finalize	cpu_comp	gpu_comp	gpu_total_comp	scatter	gather	aggr	trv_edges	exec_rate
2665.55	2519.18	0.48	1306.96	1212.21	0.00	0.00	1306.96	1306.96	0.00	0.00	6.24	33554430	0.0133
2567.41	2384.11	0.41	1228.59	1155.50	0.00	0.00	1228.59	1228.59	0.00	0.00	0.75	33554430	0.0141
4204.84	4032.71	0.55	4006.69	26.01	0.00	0.00	4006.69	4006.69	0.00	0.00	0.75	33554430	0.0083
4090.01	3952.91	1.07	3099.43	853.46	0.00	0.00	3099.43	3099.43	0.00	0.00	0.73	33554430	0.0085
3649.37	3509.81	0.56	1714.23	1795.57	0.00	0.00	1714.23	1714.23	0.00	0.00	0.74	33554430	0.0096
1574.41	1433.48	0.41	1307.13	126.34	0.00	0.00	1307.13	1307.13	0.00	0.00	0.80	33554430	0.0234
3771.30	3615.26	0.65	2963.83	651.42	0.00	0.00	2963.83	2963.83	0.00	0.00	0.74	33554430	0.0093
3679.00	3534.17	0.57	1939.51	1594.65	0.00	0.00	1939.51	1939.51	0.00	0.00	6.21	33554430	0.0095
1451.38	1311.15	0.42	1302.61	8.53	0.00	0.00	1302.61	1302.61	0.00	0.00	0.74	33554430	0.0256
3897.67	3754.98	0.59	2718.85	1036.12	0.00	0.00	2718.85	2718.85	0.00	0.00	6.21	33554430	0.0089
1571.25	1430.49	0.59	1417.93	12.55	0.00	0.00	1417.93	1417.93	0.00	0.00	6.21	33554430	0.0235
3643.19	3459.71	0.40	1693.98	1765.72	0.00	0.00	1693.98	1693.98	0.00	0.00	0.75	33554430	0.0097
3879.93	3738.51	0.49	1371.01	2367.49	0.00	0.00	1371.01	1371.01	0.00	0.00	6.21	33554430	0.0090
2844.35	2703.31	0.58	1308.78	1394.52	0.00	0.00	1308.78	1308.78	0.00	0.00	0.78	33554430	0.0124
2269.01	2102.10	0.39	1273.37	828.72	0.00	0.00	1273.37	1273.37	0.00	0.00	0.75	33554430	0.0160
4184.85	4001.51	0.50	3986.50	15.00	0.00	0.00	3986.50	3986.50	0.00	0.00	0.79	33554430	0.0084
3200.75	3055.03	0.59	1350.52	1704.50	0.00	0.00	1350.52	1350.52	0.00	0.00	6.22	33554430	0.0110
2003.79	1872.78	0.42	1238.34	634.44	0.00	0.00	1238.34	1238.34	0.00	0.00	0.75	33554430	0.0179
4047.28	3864.52	0.42	3087.90	776.61	0.00	0.00	3087.90	3087.90	0.00	0.00	0.75	33554430	0.0087
3903.42	3763.14	0.42	1840.12	1923.01	0.00	0.00	1840.12	1840.12	0.00	0.00	0.73	33554430	0.0089
1801.43	1674.43	0.42	1270.66	403.76	0.00	0.00	1270.66	1270.66	0.00	0.00	0.76	33554430	0.0200
3671.41	3526.20	0.62	1642.75	1883.44	0.00	0.00	1642.75	1642.75	0.00	0.00	6.21	33554430	0.0095
3104.38	2957.77	0.42	2706.77	250.99	0.00	0.00	2706.77	2706.77	0.00	0.00	6.24	33554430	0.0113
3544.02	3398.77	0.41	1326.32	2072.45	0.00	0.00	1326.32	1326.32	0.00	0.00	6.23	33554430	0.0099
2320.35	2158.44	0.40	1229.04	929.40	0.00	0.00	1229.04	1229.04	0.00	0.00	0.78	33554430	0.0155
4428.67	4217.97	0.50	3900.38	317.58	0.00	0.00	3900.38	3900.38	0.00	0.00	6.23	33554430	0.0080
1774.99	1634.01	0.54	1621.11	12.89	0.00	0.00	1621.11	1621.11	0.00	0.00	6.20	33554430	0.0205
3610.20	3454.80	0.39	1260.35	2194.44	0.00	0.00	1260.35	1260.35	0.00	0.00	0.75	33554430	0.0097
3029.00	2883.32	0.56	1383.91	1499.41	0.00	0.00	1383.91	1383.91	0.00	0.00	6.23	33554430	0.0116
2216.04	2067.68	0.41	1285.41	782.26	0.00	0.00	1285.41	1285.41	0.00	0.00	0.75	33554430	0.0162
4047.14	3913.21	0.49	1676.25	2236.95	0.00	0.00	1676.25	1676.25	0.00	0.00	0.75	33554430	0.0086
3845.52	3702.12	0.56	2586.55	1115.57	0.00	0.00	2586.55	2586.55	0.00	0.00	6.21	33554430	0.0091
1614.29	1472.98	0.83	1460.41	12.56	0.00	0.00	1460.41	1460.41	0.00	0.00	6.25	33554430	0.0228
3630.84	3448.14	0.39	1233.07	2215.05	0.00	0.00	1233.07	1233.07	0.00	0.00	0.76	33554430	0.0097
2338.98	2196.15	0.45	1590.32	605.81	0.00	0.00	1590.32	1590.32	0.00	0.00	6.23	33554430	0.0153
3098.16	2936.35	0.41	1472.34	1464.00	0.00	0.00	1472.34	1472.34	0.00	0.00	0.75	33554430	0.0114
3965.26	3828.80	0.47	2951.16	877.63	0.00	0.00	2951.16	2951.16	0.00	0.00	0.73	33554430	0.0088
3556.75	3411.28	0.58	1536.86	1874.40	0.00	0.00	1536.86	1536.86	0.00	0.00	6.40	33554430	0.0098
1621.00	1464.44	0.42	1285.22	179.22	0.00	0.00	1285.22	1285.22	0.00	0.00	0.76	33554430	0.0229
4041.47	3854.50	0.52	3836.87	17.62	0.00	0.00	3836.87	3836.87	0.00	0.00	6.22	33554430	0.0087
3977.57	3769.15	0.65	3748.41	20.73	0.00	0.00	3748.41	3748.41	0.00	0.00	5.16	33554430	0.0089
3681.04	3541.67	0.56	2033.06	1508.60	0.00	0.00	2033.06	2033.06	0.00	0.00	0.74	33554430	0.0095
2399.65	2255.24	0.46	1257.15	998.09	0.00	0.00	1257.15	1257.15	0.00	0.00	6.23	33554430	0.0149
2596.32	2469.43	0.45	1345.22	1124.21	0.00	0.00	1345.22	1345.22	0.00	0.00	0.75	33554430	0.0136
4107.88	3978.03	0.63	3911.24	66.77	0.00	0.00	3911.24	3911.24	0.00	0.00	2.10	33554430	0.0084
1951.77	1808.85	0.72	1792.80	16.04	0.00	0.00	1792.80	1792.80	0.00	0.00	6.22	33554430	0.0186
3255.79	3074.17	0.40	1541.99	1532.17	0.00	0.00	1541.99	1541.99	0.00	0.00	0.75	33554430	0.0109
3927.15	3730.10	0.47	2405.36	1324.73	0.00	0.00	2405.36	2405.36	0.00	0.00	6.21	33554430	0.0090
1585.62	1444.32	0.54	1431.76	12.56	0.00	0.00	1431.76	1431.76	0.00	0.00	6.20	33554430	0.0232
3676.60	3500.72	0.50	1736.76	1763.96	0.00	0.00	1736.76	1736.76	0.00	0.00	0.73	33554430	0.0096
3836.79	3697.82	0.52	1468.24	2229.57	0.00	0.00	1468.24	1468.24	0.00	0.00	0.72	33554430	0.0091
1500.66	1365.36	0.41	1277.78	87.57	0.00	0.00	1277.78	1277.78	0.00	0.00	0.78	33554430	0.0246
4604.97	4439.78	0.42	3105.31	1334.46	0.00	0.00	3105.31	3105.31	0.00	0.00	0.75	33554430	0.0076
3962.14	3823.32	0.56	3809.11	14.20	0.00	0.00	3809.11	3809.11	0.00	0.00	5.25	33554430	0.0088
2736.05	2590.69	0.68	1334.76	1255.92	0.00	0.00	1334.76	1334.76	0.00	0.00	6.23	33554430	0.0130
2440.80	2257.65	0.41	1285.90	971.74	0.00	0.00	1285.90	1285.90	0.00	0.00	0.75	33554430	0.0149
3982.65	3822.21	0.49	3787.04	35.16	0.00	0.00	3787.04	3787.04	0.00	0.00	0.74	33554430	0.0088
3667.17	3527.17	0.57	2319.29	1207.86	0.00	0.00	2319.29	2319.29	0.00	0.00	0.73	33554430	0.0095
2536.25	2395.68	0.58	1231.91	1163.76	0.00	0.00	1231.91	1231.91	0.00	0.00	0.79	33554430	0.0140
2511.97	2329.12	0.42	1252.05	1077.06	0.00	0.00	1252.05	1252.05	0.00	0.00	0.76	33554430	0.0144
4154.33	4011.09	0.48	2879.37	1131.71	0.00	0.00	2879.37	2879.37	0.00	0.00	6.21	33554430	0.0084
2765.46	2619.99	0.56	1307.05	1312.92	0.00	0.00	1307.05	1307.05	0.00	0.00	6.23	33554430	0.0128
2340.52	2163.72	0.41	1240.82	922.89	0.00	0.00	1240.82	1240.82	0.00	0.00	0.75	33554430	0.0155
3875.28	3736.63	0.48	3720.39	16.23	0.00	0.00	3720.39	3720.39	0.00	0.00	5.13	33554430	0.0090
4032.54	3832.03	0.99	1660.97	2171.05	0.00	0.00	1660.97	1660.97	0.00	0.00	2.46	33554430	0.0088
1399.75	1230.87	0.43	1228.10	2.76	0.00	0.00	1228.10	1228.10	0.00	0.00	0.76	33554430	0.0273
1680.67	1507.29	0.58	1502.92	4.36	0.00	0.00	1502.92	1502.92	0.00	0.00	0.75	33554430	0.0223
1437.55	1261.97	0.46	1259.12	2.85	0.00	0.00	1259.12	1259.12	0.00	0.00	0.74	33554430	0.0266
1496.06	1318.11	0.44	1313.66	4.44	0.00	0.00	1313.66	1313.66	0.00	0.00	0.75	33554430	0.0255
1832.32	1688.06	0.80	1683.73	4.32	0.00	0.00	1683.73	1683.73	0.00	0.00	0.90	33554430	0.0199
1503.28	1359.74	0.88	1357.07	2.65	0.00	0.00	1357.07	1357.07	0.00	0.00	0.88	33554430	0.0247
1699.40	1556.48	0.79	1553.24	3.23	0.00	0.00	1553.24	1553.24	0.00	0.00	0.89	33554430	0.0216
1384.83	1240.37	0.99	1237.22	3.14	0.00	0.00	1237.22	1237.22	0.00	0.00	0.87	33554430	0.0271
1716.14	1571.81	0.78	1568.45	3.34	0.00	0.00	1568.45	1568.45	0.00	0.00	0.89	33554430	0.0213
1888.89	1745.62	1.00	1742.46	3.14	0.00	0.00	1742.46	1742.46	0.00	0.00	0.88	33554430	0.0192
1570.75	1427.85	0.49	1424.78	3.06	0.00	0.00	1424.78	1424.78	0.00	0.00	0.84	33554430	0.0235
1489.74	1346.40	0.86	1343.08	3.30	0.00	0.00	1343.08	1343.08	0.00	0.00	0.89	33554430	0.0249
1615.98	1400.13	0.77	1396.78	3.33	0.00	0.00	1396.78	1396.78	0.00	0.00	0.75	33554430	0.0240
1992.61	1848.90	0.87	1843.98	4.91	0.00	0.00	1843.98	1843.98	0.00	0.00	0.87	33554430	0.0181
1414.32	1270.97	0.91	1267.86	3.09	0.00	0.00	1267.86	1267.86	0.00	0.00	0.88	33554430	0.0264
1615.62	1471.08	0.89	1467.80	3.27	0.00	0.00	1467.80	1467.80	0.00	0.00	0.88	33554430	0.0228
1711.97	1567.79	0.92	1564.38	3.40	0.00	0.00	1564.38	1564.38	0.00	0.00	0.87	33554430	0.0214
1635.78	1492.01	0.80	1488.72	3.26	0.00	0.00	1488.72	1488.72	0.00	0.00	0.88	33554430	0.0225
1688.32	1546.91	0.82	1544.25	2.64	0.00	0.00	1544.25	1544.25	0.00	0.00	0.83	33554430	0.0217
1563.60	1419.45	0.80	1416.31	3.13	0.00	0.00	1416.31	1416.31	0.00	0.00	0.88	33554430	0.0236
1636.86	1449.54	0.80	1440.45	9.08	0.00	0.00	1440.45	1440.45	0.00	0.00	0.74	33554430	0.0231
1577.05	1434.79	0.72	1431.80	2.97	0.00	0.00	1431.80	1431.80	0.00	0.00	0.83	33554430	0.0234
1911.00	1766.25	1.28	1763.09	3.15	0.00	0.00	1763.09	1763.09	0.00	0.00	0.89	33554430	0.0190
1522.41	1378.29	0.77	1374.99	3.29	0.00	0.00	1374.99	1374.99	0.00	0.00	0.88	33554430	0.0243
1614.48	1470.24	0.80	1466.99	3.23	0.00	0.00	1466.99	1466.99	0.00	0.00	0.88	33554430	0.0228
1394.44	1250.34	0.92	1246.89	3.43	0.00	0.00	1246.89	1246.89	0.00	0.00	0.88	33554430	0.0268
1579.86	1438.48	0.85	1435.11	3.35	0.00	0.00	1435.11	1435.11	0.00	0.00	0.82	33554430	0.0233
1415.60	1273.47	0.72	1270.63	2.82	0.00	0.00	1270.63	1270.63	0.00	0.00	0.84	33554430	0.0263
1694.57	1550.22	0.75	1546.64	3.57	0.00	0.00	1546.64	1546.64	0.00	0.00	0.89	33554430	0.0216
1400.96	1259.49	0.97	1256.96	2.52	0.00	0.00	1256.96	1256.96	0.00	0.00	0.82	33554430	0.0266
1771.61	1627.35	0.76	1624.29	3.04	0.00	0.00	1624.29	1624.29	0.00	0.00	0.87	33554430	0.0206
1612.87	1445.98	1.07	1443.67	2.30	0.00	0.00	1443.67	1443.67	0.00	0.00	0.81	33554430	0.0232
1385.77	1242.56	0.53	1239.33	3.22	0.00	0.00	1239.33	1239.33	0.00	0.00	0.87	33554430	0.0270
1496.84	1353.29	0.89	1350.06	3.22	0.00	0.00	1350.06	1350.06	0.00	0.00	0.87	33554430	0.0248
1600.40	1420.68	0.78	1418.17	2.50	0.00	0.00	1418.17	1418.17	0.00	0.00	0.75	33554430	0.0236
SCALE: 20
nvtx: 1048576
edgefactor: 16
terasize: 2.68435455999999995e-04
A: 5.69999999999999951e-01
B: 1.90000000000000002e-01
C: 1.90000000000000002e-01
D: 5.00000000000000444e-02
generation_time: 0.00000000000000000e+00
construction_time: 2.72246740759999994e+01
nbfs: 100
min_time: 1.23129499995708458e+00
firstquartile_time: 1.45396549998223801e+00
median_time: 2.22614900001883509e+00
thirdquartile_time: 3.54035899999737724e+00
max_time: 4.44019999998807879e+00
mean_time: 2.45118526999711994e+00
stddev_time: 1.03874313843380062e+00
min_nedge: 1.67770120000000000e+07
firstquartile_nedge: 1.67770120000000000e+07
median_nedge: 1.67770120000000000e+07
thirdquartile_nedge: 1.67770120000000000e+07
max_nedge: 1.67770120000000000e+07
mean_nedge: 1.67770120000000000e+07
stddev_nedge: 0.00000000000000000e+00
min_TEPS: 3.77843610649183439e+06
firstquartile_TEPS: 4.75604883755942062e+06
median_TEPS: 7.76180155442132801e+06
thirdquartile_TEPS: 1.16071085786408894e+07
max_TEPS: 1.36255016065075751e+07
harmonic_mean_TEPS: 6.84444876744046342e+06
harmonic_stddev_TEPS: 2.91509632268569607e+05
