[BASH] Running the GPU only graph500 for scale 15 with sorted edges
file:/dev/null	benchmark:GRAPH500	vertices:32768	edges:1048574	partitioning:RANDOM	platform:GPU	alpha:50	repeat:1	gpu_count:1	thread_count:1	thread_sched:GUIDED	thread_bind:false	gpu_graph_mem:DEVICE	gpu_par_randomized:false	sorted:false	edge_sort_key:degree	edge_order:asc	separate_singletons:false	lambda:0	time_init:1475.42	time_par:8.80	rmt_vertex:0	rmt_edge:0	beta:0	pid0:100,100,0,0	
total	exec	init	comp	comm	finalize	cpu_comp	gpu_comp	gpu_total_comp	scatter	gather	aggr	trv_edges	exec_rate
1424.26	1419.19	0.37	58.02	1361.16	0.00	0.00	58.02	58.02	0.00	0.00	0.09	1048574	0.0007
46.57	41.94	0.42	41.12	0.80	0.00	0.00	41.12	41.12	0.00	0.00	0.11	1048574	0.0250
46.60	41.61	0.77	40.73	0.86	0.00	0.00	40.73	40.73	0.00	0.00	0.09	1048574	0.0252
179.79	174.73	0.53	172.84	1.87	0.00	0.00	172.84	172.84	0.00	0.00	0.09	1048574	0.0060
1245.14	1240.78	0.39	274.99	965.79	0.00	0.00	274.99	274.99	0.00	0.00	0.09	1048574	0.0008
46.08	41.37	0.42	40.56	0.80	0.00	0.00	40.56	40.56	0.00	0.00	0.10	1048574	0.0253
47.06	41.94	0.55	41.02	0.91	0.00	0.00	41.02	41.02	0.00	0.00	0.09	1048574	0.0250
48.06	43.14	0.46	42.23	0.91	0.00	0.00	42.23	42.23	0.00	0.00	0.11	1048574	0.0243
47.28	42.72	0.49	41.43	1.29	0.00	0.00	41.43	41.43	0.00	0.00	0.10	1048574	0.0245
45.89	40.67	0.54	39.79	0.87	0.00	0.00	39.79	39.79	0.00	0.00	0.10	1048574	0.0258
51.86	46.70	0.54	45.40	1.30	0.00	0.00	45.40	45.40	0.00	0.00	0.10	1048574	0.0225
55.12	50.12	0.52	48.62	1.49	0.00	0.00	48.62	48.62	0.00	0.00	0.12	1048574	0.0209
49.05	43.85	0.48	42.93	0.92	0.00	0.00	42.93	42.93	0.00	0.00	0.10	1048574	0.0239
47.64	42.39	0.53	41.61	0.78	0.00	0.00	41.61	41.61	0.00	0.00	0.10	1048574	0.0247
50.01	44.76	0.49	43.97	0.79	0.00	0.00	43.97	43.97	0.00	0.00	0.61	1048574	0.0234
48.16	43.04	0.52	40.75	2.28	0.00	0.00	40.75	40.75	0.00	0.00	0.10	1048574	0.0244
47.35	41.93	0.73	41.04	0.87	0.00	0.00	41.04	41.04	0.00	0.00	0.10	1048574	0.0250
54.66	49.54	0.51	48.32	1.22	0.00	0.00	48.32	48.32	0.00	0.00	0.10	1048574	0.0212
48.36	43.57	0.77	42.71	0.85	0.00	0.00	42.71	42.71	0.00	0.00	0.10	1048574	0.0241
49.62	43.22	0.50	41.25	1.97	0.00	0.00	41.25	41.25	0.00	0.00	0.10	1048574	0.0243
49.19	44.53	0.50	42.27	2.25	0.00	0.00	42.27	42.27	0.00	0.00	0.10	1048574	0.0235
47.74	43.13	0.53	42.47	0.66	0.00	0.00	42.47	42.47	0.00	0.00	0.10	1048574	0.0243
46.70	42.15	0.49	41.23	0.91	0.00	0.00	41.23	41.23	0.00	0.00	0.11	1048574	0.0249
50.85	44.97	0.65	44.17	0.79	0.00	0.00	44.17	44.17	0.00	0.00	0.10	1048574	0.0233
48.15	42.11	0.72	40.08	2.03	0.00	0.00	40.08	40.08	0.00	0.00	0.10	1048574	0.0249
55.30	49.67	0.51	48.73	0.93	0.00	0.00	48.73	48.73	0.00	0.00	0.10	1048574	0.0211
50.05	45.24	0.71	43.08	2.16	0.00	0.00	43.08	43.08	0.00	0.00	0.10	1048574	0.0232
45.71	40.64	0.72	39.17	1.46	0.00	0.00	39.17	39.17	0.00	0.00	0.14	1048574	0.0258
51.25	46.24	0.48	41.00	5.23	0.00	0.00	41.00	41.00	0.00	0.00	0.10	1048574	0.0227
52.57	47.80	0.48	45.05	2.74	0.00	0.00	45.05	45.05	0.00	0.00	0.10	1048574	0.0219
48.94	41.62	0.48	40.82	0.80	0.00	0.00	40.82	40.82	0.00	0.00	0.10	1048574	0.0252
49.07	43.25	0.57	41.39	1.86	0.00	0.00	41.39	41.39	0.00	0.00	0.10	1048574	0.0242
47.86	42.71	0.53	40.75	1.96	0.00	0.00	40.75	40.75	0.00	0.00	0.10	1048574	0.0245
56.91	47.13	0.45	45.67	1.45	0.00	0.00	45.67	45.67	0.00	0.00	0.15	1048574	0.0222
65.44	59.56	0.79	58.41	1.14	0.00	0.00	58.41	58.41	0.00	0.00	0.10	1048574	0.0176
48.77	42.93	0.63	42.04	0.88	0.00	0.00	42.04	42.04	0.00	0.00	0.20	1048574	0.0244
52.88	48.22	0.50	45.98	2.24	0.00	0.00	45.98	45.98	0.00	0.00	0.10	1048574	0.0217
55.95	50.06	0.49	48.63	1.42	0.00	0.00	48.63	48.63	0.00	0.00	0.10	1048574	0.0209
52.29	46.18	0.59	42.95	3.22	0.00	0.00	42.95	42.95	0.00	0.00	0.10	1048574	0.0227
48.40	43.35	0.52	41.97	1.36	0.00	0.00	41.97	41.97	0.00	0.00	0.10	1048574	0.0242
53.13	48.34	0.41	47.46	0.87	0.00	0.00	47.46	47.46	0.00	0.00	0.12	1048574	0.0217
50.46	45.10	0.41	43.54	1.56	0.00	0.00	43.54	43.54	0.00	0.00	0.10	1048574	0.0232
52.36	46.50	0.49	45.29	1.20	0.00	0.00	45.29	45.29	0.00	0.00	0.15	1048574	0.0225
59.46	52.70	0.54	51.70	1.00	0.00	0.00	51.70	51.70	0.00	0.00	0.16	1048574	0.0199
52.07	46.28	0.55	45.14	1.13	0.00	0.00	45.14	45.14	0.00	0.00	0.10	1048574	0.0227
51.97	46.12	0.50	44.95	1.16	0.00	0.00	44.95	44.95	0.00	0.00	0.18	1048574	0.0227
46.19	40.79	0.46	39.61	1.16	0.00	0.00	39.61	39.61	0.00	0.00	0.09	1048574	0.0257
52.13	45.69	0.63	44.91	0.78	0.00	0.00	44.91	44.91	0.00	0.00	0.10	1048574	0.0229
62.19	56.50	0.43	54.73	1.76	0.00	0.00	54.73	54.73	0.00	0.00	0.10	1048574	0.0186
48.77	44.05	0.66	42.88	1.16	0.00	0.00	42.88	42.88	0.00	0.00	0.10	1048574	0.0238
49.73	45.25	0.41	44.02	1.22	0.00	0.00	44.02	44.02	0.00	0.00	0.10	1048574	0.0232
57.47	51.79	0.37	50.40	1.38	0.00	0.00	50.40	50.40	0.00	0.00	0.10	1048574	0.0202
58.77	54.26	0.42	51.79	2.46	0.00	0.00	51.79	51.79	0.00	0.00	0.11	1048574	0.0193
53.78	46.80	1.62	43.42	3.38	0.00	0.00	43.42	43.42	0.00	0.00	0.16	1048574	0.0224
52.43	46.74	0.44	45.46	1.28	0.00	0.00	45.46	45.46	0.00	0.00	0.10	1048574	0.0224
48.43	42.80	0.41	41.63	1.17	0.00	0.00	41.63	41.63	0.00	0.00	0.10	1048574	0.0245
53.47	48.90	0.41	47.29	1.60	0.00	0.00	47.29	47.29	0.00	0.00	0.11	1048574	0.0214
47.47	41.68	0.43	38.81	2.86	0.00	0.00	38.81	38.81	0.00	0.00	0.10	1048574	0.0252
49.51	44.99	0.40	44.14	0.85	0.00	0.00	44.14	44.14	0.00	0.00	0.11	1048574	0.0233
48.41	41.60	1.55	40.81	0.78	0.00	0.00	40.81	40.81	0.00	0.00	0.10	1048574	0.0252
49.06	44.29	0.67	41.79	2.50	0.00	0.00	41.79	41.79	0.00	0.00	0.10	1048574	0.0237
48.48	40.69	1.57	39.62	1.06	0.00	0.00	39.62	39.62	0.00	0.00	0.10	1048574	0.0258
50.18	44.14	0.43	42.71	1.42	0.00	0.00	42.71	42.71	0.00	0.00	0.10	1048574	0.0238
47.53	43.05	0.42	41.00	2.04	0.00	0.00	41.00	41.00	0.00	0.00	0.10	1048574	0.0244
48.98	43.61	0.43	41.87	1.73	0.00	0.00	41.87	41.87	0.00	0.00	0.10	1048574	0.0240
50.71	46.23	0.41	45.44	0.79	0.00	0.00	45.44	45.44	0.00	0.00	0.10	1048574	0.0227
49.10	42.81	1.35	40.17	2.64	0.00	0.00	40.17	40.17	0.00	0.00	0.10	1048574	0.0245
47.42	42.00	0.41	41.14	0.85	0.00	0.00	41.14	41.14	0.00	0.00	0.10	1048574	0.0250
50.37	44.86	0.40	43.89	0.97	0.00	0.00	43.89	43.89	0.00	0.00	0.14	1048574	0.0234
48.71	44.18	0.42	42.95	1.22	0.00	0.00	42.95	42.95	0.00	0.00	0.10	1048574	0.0237
48.99	42.65	0.39	41.84	0.81	0.00	0.00	41.84	41.84	0.00	0.00	0.11	1048574	0.0246
52.87	46.14	0.41	44.40	1.74	0.00	0.00	44.40	44.40	0.00	0.00	1.85	1048574	0.0227
47.79	41.73	0.41	40.71	1.01	0.00	0.00	40.71	40.71	0.00	0.00	0.10	1048574	0.0251
47.66	42.16	0.42	40.75	1.40	0.00	0.00	40.75	40.75	0.00	0.00	0.10	1048574	0.0249
50.06	44.68	0.40	43.63	1.04	0.00	0.00	43.63	43.63	0.00	0.00	0.10	1048574	0.0235
51.75	46.27	0.43	42.26	4.00	0.00	0.00	42.26	42.26	0.00	0.00	0.10	1048574	0.0227
48.13	43.61	0.42	40.78	2.83	0.00	0.00	40.78	40.78	0.00	0.00	0.10	1048574	0.0240
49.39	43.81	0.43	42.33	1.47	0.00	0.00	42.33	42.33	0.00	0.00	0.10	1048574	0.0239
46.62	42.12	0.47	40.12	1.99	0.00	0.00	40.12	40.12	0.00	0.00	0.10	1048574	0.0249
49.70	43.40	0.38	41.47	1.92	0.00	0.00	41.47	41.47	0.00	0.00	1.66	1048574	0.0242
48.71	42.70	0.40	40.76	1.93	0.00	0.00	40.76	40.76	0.00	0.00	0.10	1048574	0.0246
47.09	41.48	0.41	40.02	1.45	0.00	0.00	40.02	40.02	0.00	0.00	0.10	1048574	0.0253
50.12	44.37	0.61	43.55	0.81	0.00	0.00	43.55	43.55	0.00	0.00	0.10	1048574	0.0236
53.11	47.41	0.59	46.50	0.90	0.00	0.00	46.50	46.50	0.00	0.00	1.03	1048574	0.0221
49.40	43.91	0.44	42.81	1.09	0.00	0.00	42.81	42.81	0.00	0.00	0.16	1048574	0.0239
47.41	41.96	0.43	40.20	1.75	0.00	0.00	40.20	40.20	0.00	0.00	0.10	1048574	0.0250
63.43	56.15	0.47	43.33	12.82	0.00	0.00	43.33	43.33	0.00	0.00	2.66	1048574	0.0187
51.75	41.82	2.35	40.74	1.07	0.00	0.00	40.74	40.74	0.00	0.00	0.10	1048574	0.0251
59.19	53.18	0.88	47.32	5.85	0.00	0.00	47.32	47.32	0.00	0.00	0.21	1048574	0.0197
62.14	56.09	1.06	50.93	5.15	0.00	0.00	50.93	50.93	0.00	0.00	0.21	1048574	0.0187
61.45	55.27	1.18	49.84	5.42	0.00	0.00	49.84	49.84	0.00	0.00	0.21	1048574	0.0190
64.31	58.06	1.27	52.84	5.21	0.00	0.00	52.84	52.84	0.00	0.00	0.21	1048574	0.0181
55.35	49.09	1.26	46.56	2.51	0.00	0.00	46.56	46.56	0.00	0.00	0.21	1048574	0.0214
114.43	105.36	4.12	83.78	21.57	0.00	0.00	83.78	83.78	0.00	0.00	0.16	1048574	0.0100
103.81	97.92	0.77	71.99	25.91	0.00	0.00	71.99	71.99	0.00	0.00	0.22	1048574	0.0107
90.87	84.82	1.05	76.59	8.20	0.00	0.00	76.59	76.59	0.00	0.00	0.21	1048574	0.0124
65.60	59.57	1.03	57.20	2.36	0.00	0.00	57.20	57.20	0.00	0.00	0.22	1048574	0.0176
52.70	46.72	1.03	44.28	2.41	0.00	0.00	44.28	44.28	0.00	0.00	0.21	1048574	0.0224
105.38	99.23	1.20	76.41	22.81	0.00	0.00	76.41	76.41	0.00	0.00	0.14	1048574	0.0106
90.23	84.53	0.73	70.38	14.13	0.00	0.00	70.38	70.38	0.00	0.00	0.16	1048574	0.0124
SCALE: 15
nvtx: 32768
edgefactor: 16
terasize: 8.38860799999999983e-06
A: 5.69999999999999951e-01
B: 1.90000000000000002e-01
C: 1.90000000000000002e-01
D: 5.00000000000000444e-02
generation_time: 0.00000000000000000e+00
construction_time: 1.66739691700000003e+00
nbfs: 100
min_time: 4.12089999914169308e-02
firstquartile_time: 4.33012499213218729e-02
median_time: 4.52565000355243663e-02
thirdquartile_time: 4.98622500449418943e-02
max_time: 1.41955800002813337e+00
mean_time: 7.57300600022077219e-02
stddev_time: 1.81413901607939493e-01
min_nedge: 5.24282000000000000e+05
firstquartile_nedge: 5.24282000000000000e+05
median_nedge: 5.24282000000000000e+05
thirdquartile_nedge: 5.24282000000000000e+05
max_nedge: 5.24282000000000000e+05
mean_nedge: 5.24282000000000000e+05
stddev_nedge: 0.00000000000000000e+00
min_TEPS: 3.69327635777903779e+05
firstquartile_TEPS: 1.07572060228495896e+07
median_TEPS: 1.16362349641255662e+07
thirdquartile_TEPS: 1.21321554911741037e+07
max_TEPS: 1.27225120752553623e+07
harmonic_mean_TEPS: 6.92303690218541678e+06
harmonic_stddev_TEPS: 1.66679163406724599e+06
