[BASH] Running the GPU only graph500 for scale 18 with sorted edges
file:/dev/null	benchmark:GRAPH500	vertices:262143	edges:8388606	partitioning:RANDOM	platform:GPU	alpha:50	repeat:1	gpu_count:1	thread_count:4	thread_sched:GUIDED	thread_bind:false	gpu_graph_mem:DEVICE	gpu_par_randomized:false	sorted:false	edge_sort_key:degree	edge_order:asc	separate_singletons:false	lambda:0	time_init:1505.50	time_par:99.79	rmt_vertex:0	rmt_edge:0	beta:0	pid0:100,100,0,0	
total	exec	init	comp	comm	finalize	cpu_comp	gpu_comp	gpu_total_comp	scatter	gather	aggr	trv_edges	exec_rate
520.09	490.34	0.79	475.44	14.88	0.00	0.00	475.44	475.44	0.00	0.00	0.30	8388606	0.0171
382.42	348.70	0.80	337.61	11.07	0.00	0.00	337.61	337.61	0.00	0.00	0.32	8388606	0.0241
332.40	322.96	0.84	296.41	26.53	0.00	0.00	296.41	296.41	0.00	0.00	0.30	8388606	0.0260
360.65	339.87	1.22	337.66	2.20	0.00	0.00	337.66	337.66	0.00	0.00	0.37	8388606	0.0247
347.54	303.75	3.48	294.34	9.40	0.00	0.00	294.34	294.34	0.00	0.00	0.40	8388606	0.0276
349.07	317.18	3.25	293.66	23.50	0.00	0.00	293.66	293.66	0.00	0.00	0.32	8388606	0.0264
358.12	328.65	0.88	308.26	20.37	0.00	0.00	308.26	308.26	0.00	0.00	10.36	8388606	0.0255
390.37	359.80	0.81	346.28	13.50	0.00	0.00	346.28	346.28	0.00	0.00	0.38	8388606	0.0233
340.40	312.69	10.61	310.29	2.39	0.00	0.00	310.29	310.29	0.00	0.00	0.30	8388606	0.0268
355.55	331.66	1.09	315.99	15.66	0.00	0.00	315.99	315.99	0.00	0.00	0.30	8388606	0.0253
335.07	315.34	0.84	307.47	7.85	0.00	0.00	307.47	307.47	0.00	0.00	0.30	8388606	0.0266
335.15	314.56	1.74	291.89	22.66	0.00	0.00	291.89	291.89	0.00	0.00	0.31	8388606	0.0267
333.69	305.78	1.09	304.25	1.52	0.00	0.00	304.25	304.25	0.00	0.00	9.52	8388606	0.0274
321.93	296.61	0.90	289.29	7.30	0.00	0.00	289.29	289.29	0.00	0.00	0.31	8388606	0.0283
336.19	313.31	1.17	289.24	24.06	0.00	0.00	289.24	289.24	0.00	0.00	0.32	8388606	0.0268
320.67	299.88	0.88	291.37	8.49	0.00	0.00	291.37	291.37	0.00	0.00	8.84	8388606	0.0280
340.38	330.19	1.49	322.23	7.95	0.00	0.00	322.23	322.23	0.00	0.00	0.29	8388606	0.0254
347.68	317.64	0.87	308.58	9.04	0.00	0.00	308.58	308.58	0.00	0.00	0.31	8388606	0.0264
354.03	334.25	1.25	314.62	19.62	0.00	0.00	314.62	314.62	0.00	0.00	0.30	8388606	0.0251
340.63	302.25	10.42	298.39	3.84	0.00	0.00	298.39	298.39	0.00	0.00	0.30	8388606	0.0278
323.49	297.20	1.11	291.67	5.51	0.00	0.00	291.67	291.67	0.00	0.00	0.36	8388606	0.0282
362.73	338.97	1.15	310.27	28.69	0.00	0.00	310.27	310.27	0.00	0.00	0.31	8388606	0.0247
550.34	529.55	12.29	502.80	26.73	0.00	0.00	502.80	502.80	0.00	0.00	0.30	8388606	0.0158
340.84	311.82	0.84	307.00	4.80	0.00	0.00	307.00	307.00	0.00	0.00	0.28	8388606	0.0269
347.97	307.73	10.68	290.73	16.99	0.00	0.00	290.73	290.73	0.00	0.00	0.36	8388606	0.0273
352.40	320.41	2.27	315.20	5.20	0.00	0.00	315.20	315.20	0.00	0.00	0.36	8388606	0.0262
338.49	318.21	1.11	307.58	10.61	0.00	0.00	307.58	307.58	0.00	0.00	0.36	8388606	0.0264
312.69	299.55	1.52	294.75	4.79	0.00	0.00	294.75	294.75	0.00	0.00	0.32	8388606	0.0280
343.65	334.03	1.18	308.89	25.13	0.00	0.00	308.89	308.89	0.00	0.00	0.30	8388606	0.0251
382.57	353.77	0.86	314.26	39.50	0.00	0.00	314.26	314.26	0.00	0.00	0.30	8388606	0.0237
413.54	395.94	0.78	384.93	11.00	0.00	0.00	384.93	384.93	0.00	0.00	0.26	8388606	0.0212
333.95	303.34	1.10	299.82	3.51	0.00	0.00	299.82	299.82	0.00	0.00	0.30	8388606	0.0277
349.82	326.68	1.19	316.21	10.46	0.00	0.00	316.21	316.21	0.00	0.00	0.37	8388606	0.0257
357.74	335.98	2.66	318.62	17.34	0.00	0.00	318.62	318.62	0.00	0.00	0.30	8388606	0.0250
313.60	301.24	1.22	289.19	12.03	0.00	0.00	289.19	289.19	0.00	0.00	0.23	8388606	0.0278
335.61	315.37	0.67	308.91	6.44	0.00	0.00	308.91	308.91	0.00	0.00	0.32	8388606	0.0266
342.59	310.01	3.09	299.07	10.93	0.00	0.00	299.07	299.07	0.00	0.00	0.31	8388606	0.0271
320.89	300.76	1.13	299.06	1.68	0.00	0.00	299.06	299.06	0.00	0.00	0.30	8388606	0.0279
326.10	306.50	1.57	305.27	1.22	0.00	0.00	305.27	305.27	0.00	0.00	0.27	8388606	0.0274
308.47	288.85	0.77	287.33	1.51	0.00	0.00	287.33	287.33	0.00	0.00	0.30	8388606	0.0290
346.25	316.78	10.12	314.55	2.22	0.00	0.00	314.55	314.55	0.00	0.00	0.36	8388606	0.0265
358.61	325.89	2.92	323.49	2.38	0.00	0.00	323.49	323.49	0.00	0.00	0.37	8388606	0.0257
336.89	322.38	1.14	320.10	2.26	0.00	0.00	320.10	320.10	0.00	0.00	0.28	8388606	0.0260
319.65	299.98	0.63	291.91	8.05	0.00	0.00	291.91	291.91	0.00	0.00	0.30	8388606	0.0280
344.41	307.41	7.62	299.77	7.62	0.00	0.00	299.77	299.77	0.00	0.00	0.30	8388606	0.0273
343.62	311.21	11.08	294.90	16.30	0.00	0.00	294.90	294.90	0.00	0.00	0.30	8388606	0.0270
386.35	363.54	0.82	333.17	30.34	0.00	0.00	333.17	333.17	0.00	0.00	0.30	8388606	0.0231
399.88	370.22	0.79	343.08	27.12	0.00	0.00	343.08	343.08	0.00	0.00	0.30	8388606	0.0227
370.95	349.15	0.87	324.81	24.33	0.00	0.00	324.81	324.81	0.00	0.00	0.37	8388606	0.0240
399.60	365.50	9.39	360.68	4.81	0.00	0.00	360.68	360.68	0.00	0.00	0.26	8388606	0.0230
371.96	333.65	8.70	310.52	23.11	0.00	0.00	310.52	310.52	0.00	0.00	0.30	8388606	0.0251
329.68	308.59	2.47	288.56	20.02	0.00	0.00	288.56	288.56	0.00	0.00	0.30	8388606	0.0272
334.09	314.58	0.85	299.98	14.58	0.00	0.00	299.98	299.98	0.00	0.00	0.31	8388606	0.0267
350.24	329.70	1.17	319.40	10.28	0.00	0.00	319.40	319.40	0.00	0.00	0.37	8388606	0.0254
324.31	298.40	1.45	295.57	2.81	0.00	0.00	295.57	295.57	0.00	0.00	0.36	8388606	0.0281
334.47	301.40	2.95	288.51	12.87	0.00	0.00	288.51	288.51	0.00	0.00	0.42	8388606	0.0278
331.56	311.28	1.43	297.55	13.71	0.00	0.00	297.55	297.55	0.00	0.00	0.32	8388606	0.0269
323.66	303.92	1.18	289.04	14.87	0.00	0.00	289.04	289.04	0.00	0.00	0.31	8388606	0.0276
523.89	504.14	0.84	491.82	12.30	0.00	0.00	491.82	491.82	0.00	0.00	0.31	8388606	0.0166
327.87	307.88	0.87	293.38	14.47	0.00	0.00	293.38	293.38	0.00	0.00	0.32	8388606	0.0272
334.63	300.82	25.36	298.34	2.47	0.00	0.00	298.34	298.34	0.00	0.00	0.31	8388606	0.0279
320.19	308.79	2.91	291.37	17.40	0.00	0.00	291.37	291.37	0.00	0.00	0.30	8388606	0.0272
342.83	326.24	8.11	296.53	29.70	0.00	0.00	296.53	296.53	0.00	0.00	0.31	8388606	0.0257
386.08	356.17	10.94	335.03	21.13	0.00	0.00	335.03	335.03	0.00	0.00	0.30	8388606	0.0236
318.92	299.10	0.88	293.61	5.47	0.00	0.00	293.61	293.61	0.00	0.00	0.29	8388606	0.0280
348.23	328.24	1.14	317.63	10.60	0.00	0.00	317.63	317.63	0.00	0.00	0.31	8388606	0.0256
330.60	301.28	0.86	291.02	10.24	0.00	0.00	291.02	291.02	0.00	0.00	0.30	8388606	0.0278
491.31	481.96	0.86	466.53	15.42	0.00	0.00	466.53	466.53	0.00	0.00	0.25	8388606	0.0174
336.83	307.03	0.51	304.38	2.63	0.00	0.00	304.38	304.38	0.00	0.00	0.32	8388606	0.0273
334.94	312.79	2.93	299.84	12.93	0.00	0.00	299.84	299.84	0.00	0.00	0.37	8388606	0.0268
358.77	333.13	6.22	319.16	13.95	0.00	0.00	319.16	319.16	0.00	0.00	0.30	8388606	0.0252
324.76	296.63	1.22	287.82	8.80	0.00	0.00	287.82	287.82	0.00	0.00	0.26	8388606	0.0283
347.08	326.04	2.41	302.04	23.99	0.00	0.00	302.04	302.04	0.00	0.00	0.30	8388606	0.0257
442.01	407.20	0.84	392.45	14.74	0.00	0.00	392.45	392.45	0.00	0.00	0.30	8388606	0.0206
322.48	303.46	0.84	295.14	8.30	0.00	0.00	295.14	295.14	0.00	0.00	0.30	8388606	0.0276
384.58	364.27	0.97	349.45	14.80	0.00	0.00	349.45	349.45	0.00	0.00	0.38	8388606	0.0230
349.25	329.16	1.14	327.35	1.80	0.00	0.00	327.35	327.35	0.00	0.00	0.30	8388606	0.0255
339.99	299.33	11.15	291.11	8.20	0.00	0.00	291.11	291.11	0.00	0.00	0.36	8388606	0.0280
307.85	293.28	1.12	291.62	1.66	0.00	0.00	291.62	291.62	0.00	0.00	0.29	8388606	0.0286
345.33	314.77	1.25	313.09	1.66	0.00	0.00	313.09	313.09	0.00	0.00	0.32	8388606	0.0267
324.75	303.69	1.24	292.17	11.49	0.00	0.00	292.17	292.17	0.00	0.00	0.37	8388606	0.0276
358.44	332.50	7.27	304.94	27.55	0.00	0.00	304.94	304.94	0.00	0.00	0.31	8388606	0.0252
453.97	419.19	0.83	399.21	19.95	0.00	0.00	399.21	399.21	0.00	0.00	0.30	8388606	0.0200
332.77	306.73	0.87	294.65	12.07	0.00	0.00	294.65	294.65	0.00	0.00	0.38	8388606	0.0273
340.75	310.04	0.86	290.89	19.14	0.00	0.00	290.89	290.89	0.00	0.00	0.30	8388606	0.0271
329.28	299.15	1.16	297.35	1.78	0.00	0.00	297.35	297.35	0.00	0.00	0.30	8388606	0.0280
357.04	337.16	1.06	318.00	19.14	0.00	0.00	318.00	318.00	0.00	0.00	0.31	8388606	0.0249
311.66	291.91	0.84	290.26	1.63	0.00	0.00	290.26	290.26	0.00	0.00	0.30	8388606	0.0287
346.39	324.86	2.63	304.48	20.37	0.00	0.00	304.48	304.48	0.00	0.00	0.30	8388606	0.0258
334.53	324.29	1.29	313.55	10.73	0.00	0.00	313.55	313.55	0.00	0.00	0.26	8388606	0.0259
372.92	332.71	0.99	325.67	7.02	0.00	0.00	325.67	325.67	0.00	0.00	0.31	8388606	0.0252
417.58	387.19	0.83	374.46	12.71	0.00	0.00	374.46	374.46	0.00	0.00	0.32	8388606	0.0217
328.58	307.15	2.76	292.36	14.77	0.00	0.00	292.36	292.36	0.00	0.00	0.30	8388606	0.0273
309.47	289.74	1.25	288.08	1.64	0.00	0.00	288.08	288.08	0.00	0.00	0.31	8388606	0.0290
319.30	299.35	1.16	289.57	9.74	0.00	0.00	289.57	289.57	0.00	0.00	0.30	8388606	0.0280
352.80	323.36	1.13	309.69	13.66	0.00	0.00	309.69	309.69	0.00	0.00	9.93	8388606	0.0259
328.01	308.36	1.13	300.89	7.45	0.00	0.00	300.89	300.89	0.00	0.00	0.30	8388606	0.0272
307.71	287.99	1.18	286.53	1.44	0.00	0.00	286.53	286.53	0.00	0.00	0.25	8388606	0.0291
337.21	303.34	10.85	292.71	10.62	0.00	0.00	292.71	292.71	0.00	0.00	1.88	8388606	0.0277
359.30	319.06	14.78	313.91	5.13	0.00	0.00	313.91	313.91	0.00	0.00	7.15	8388606	0.0263
SCALE: 18
nvtx: 262144
edgefactor: 16
terasize: 6.71088639999999987e-05
A: 5.69999999999999951e-01
B: 1.90000000000000002e-01
C: 1.90000000000000002e-01
D: 5.00000000000000444e-02
generation_time: 0.00000000000000000e+00
construction_time: 3.18800858300000023e+00
nbfs: 100
min_time: 2.89166000008583057e-01
firstquartile_time: 3.07548750072717647e-01
median_time: 3.19872000038623816e-01
thirdquartile_time: 3.37540750071406381e-01
max_time: 5.41839999973773967e-01
mean_time: 3.31190790004730284e-01
stddev_time: 4.36573900461619258e-02
min_nedge: 4.19425900000000000e+06
firstquartile_nedge: 4.19425900000000000e+06
median_nedge: 4.19425900000000000e+06
thirdquartile_nedge: 4.19425900000000000e+06
max_nedge: 4.19425900000000000e+06
mean_nedge: 4.19425900000000000e+06
stddev_nedge: 0.00000000000000000e+00
min_TEPS: 7.74077033848185744e+06
firstquartile_TEPS: 1.25203877175839804e+07
median_TEPS: 1.31703596683030091e+07
thirdquartile_TEPS: 1.36638877178375572e+07
max_TEPS: 1.45046755146715231e+07
harmonic_mean_TEPS: 1.26641776479958743e+07
harmonic_stddev_TEPS: 1.67779507210302749e+05
