[BASH] Running the GPU only graph500 for scale 19 with sorted edges
file:/dev/null	benchmark:GRAPH500	vertices:524288	edges:16777214	partitioning:RANDOM	platform:GPU	alpha:50	repeat:1	gpu_count:1	thread_count:4	thread_sched:GUIDED	thread_bind:false	gpu_graph_mem:DEVICE	gpu_par_randomized:false	sorted:false	edge_sort_key:degree	edge_order:asc	separate_singletons:false	lambda:0	time_init:3082.30	time_par:277.82	rmt_vertex:0	rmt_edge:0	beta:0	pid0:100,100,0,0	
total	exec	init	comp	comm	finalize	cpu_comp	gpu_comp	gpu_total_comp	scatter	gather	aggr	trv_edges	exec_rate
818.45	765.54	0.84	751.63	13.90	0.00	0.00	751.63	751.63	0.00	0.00	0.48	16777214	0.0219
1146.34	1108.31	1.15	1105.32	2.97	0.00	0.00	1105.32	1105.32	0.00	0.00	0.48	16777214	0.0151
614.56	573.80	1.24	572.45	1.33	0.00	0.00	572.45	572.45	0.00	0.00	0.38	16777214	0.0292
625.50	577.04	0.43	575.42	1.62	0.00	0.00	575.42	575.42	0.00	0.00	0.41	16777214	0.0291
652.42	599.28	0.91	596.59	2.69	0.00	0.00	596.59	596.59	0.00	0.00	0.41	16777214	0.0280
663.65	620.89	0.40	619.69	1.20	0.00	0.00	619.69	619.69	0.00	0.00	0.39	16777214	0.0270
671.92	621.87	0.44	620.55	1.32	0.00	0.00	620.55	620.55	0.00	0.00	0.42	16777214	0.0270
662.53	607.26	0.42	601.91	5.34	0.00	0.00	601.91	601.91	0.00	0.00	0.40	16777214	0.0276
944.75	902.27	0.60	898.75	3.51	0.00	0.00	898.75	898.75	0.00	0.00	0.39	16777214	0.0186
651.53	612.87	0.43	611.63	1.23	0.00	0.00	611.63	611.63	0.00	0.00	0.40	16777214	0.0274
646.61	607.06	0.45	605.84	1.21	0.00	0.00	605.84	605.84	0.00	0.00	0.40	16777214	0.0276
616.94	575.92	0.73	574.70	1.22	0.00	0.00	574.70	574.70	0.00	0.00	0.38	16777214	0.0291
615.31	576.94	0.42	575.71	1.22	0.00	0.00	575.71	575.71	0.00	0.00	0.39	16777214	0.0291
631.47	584.72	0.69	582.79	1.92	0.00	0.00	582.79	582.79	0.00	0.00	0.43	16777214	0.0287
679.12	626.65	0.52	623.01	3.63	0.00	0.00	623.01	623.01	0.00	0.00	0.56	16777214	0.0268
899.66	842.87	1.16	838.31	4.53	0.00	0.00	838.31	838.31	0.00	0.00	0.64	16777214	0.0199
858.13	807.53	1.55	803.99	3.53	0.00	0.00	803.99	803.99	0.00	0.00	0.40	16777214	0.0208
645.45	595.45	0.44	593.67	1.77	0.00	0.00	593.67	593.67	0.00	0.00	0.49	16777214	0.0282
612.56	584.04	0.81	582.47	1.56	0.00	0.00	582.47	582.47	0.00	0.00	0.45	16777214	0.0287
629.22	592.82	0.86	591.33	1.48	0.00	0.00	591.33	591.33	0.00	0.00	0.43	16777214	0.0283
640.16	598.31	0.89	596.88	1.41	0.00	0.00	596.88	596.88	0.00	0.00	0.43	16777214	0.0280
674.10	626.85	0.91	624.94	1.89	0.00	0.00	624.94	624.94	0.00	0.00	0.55	16777214	0.0268
643.43	605.97	0.89	603.67	2.29	0.00	0.00	603.67	603.67	0.00	0.00	0.50	16777214	0.0277
630.55	593.39	0.74	591.34	2.04	0.00	0.00	591.34	591.34	0.00	0.00	0.51	16777214	0.0283
619.86	581.70	0.89	579.80	1.89	0.00	0.00	579.80	579.80	0.00	0.00	0.51	16777214	0.0288
647.61	604.45	1.36	602.15	2.29	0.00	0.00	602.15	602.15	0.00	0.00	0.50	16777214	0.0278
611.46	581.44	1.27	578.61	2.82	0.00	0.00	578.61	578.61	0.00	0.00	0.50	16777214	0.0289
627.51	598.38	1.07	596.24	2.13	0.00	0.00	596.24	596.24	0.00	0.00	0.50	16777214	0.0280
627.42	588.77	0.91	587.10	1.65	0.00	0.00	587.10	587.10	0.00	0.00	0.45	16777214	0.0285
671.34	630.14	0.94	628.61	1.52	0.00	0.00	628.61	628.61	0.00	0.00	0.45	16777214	0.0266
664.81	626.02	0.92	624.49	1.52	0.00	0.00	624.49	624.49	0.00	0.00	0.45	16777214	0.0268
623.85	583.16	0.95	581.61	1.53	0.00	0.00	581.61	581.61	0.00	0.00	0.45	16777214	0.0288
624.01	585.41	0.93	583.79	1.61	0.00	0.00	583.79	583.79	0.00	0.00	0.45	16777214	0.0287
4607.16	4568.12	0.91	4566.98	1.13	0.00	0.00	4566.98	4566.98	0.00	0.00	0.45	16777214	0.0037
647.57	608.57	0.92	607.09	1.47	0.00	0.00	607.09	607.09	0.00	0.00	0.45	16777214	0.0276
629.14	590.17	0.91	588.67	1.48	0.00	0.00	588.67	588.67	0.00	0.00	0.46	16777214	0.0284
668.90	629.76	1.01	628.13	1.61	0.00	0.00	628.13	628.13	0.00	0.00	0.47	16777214	0.0266
669.21	633.04	0.92	631.35	1.67	0.01	0.00	631.35	631.35	0.00	0.00	0.47	16777214	0.0265
632.89	598.78	0.77	597.33	1.44	0.00	0.00	597.33	597.33	0.00	0.00	0.41	16777214	0.0280
600.99	573.27	0.71	571.85	1.41	0.00	0.00	571.85	571.85	0.00	0.00	0.42	16777214	0.0293
603.44	574.49	0.68	573.11	1.37	0.00	0.00	573.11	573.11	0.00	0.00	0.43	16777214	0.0292
619.20	592.12	0.69	590.72	1.39	0.00	0.00	590.72	590.72	0.00	0.00	0.43	16777214	0.0283
657.38	629.73	0.73	627.76	1.96	0.00	0.00	627.76	627.76	0.00	0.00	0.47	16777214	0.0266
632.64	579.47	0.67	577.90	1.57	0.00	0.00	577.90	577.90	0.00	0.00	0.42	16777214	0.0290
650.43	612.53	0.43	610.68	1.84	0.00	0.00	610.68	610.68	0.00	0.00	0.42	16777214	0.0274
634.72	593.76	0.75	591.90	1.85	0.00	0.00	591.90	591.90	0.00	0.00	0.51	16777214	0.0283
636.85	607.70	0.92	605.98	1.69	0.00	0.00	605.98	605.98	0.00	0.00	0.44	16777214	0.0276
647.19	609.17	1.14	606.99	2.17	0.00	0.00	606.99	606.99	0.00	0.00	0.47	16777214	0.0275
609.00	580.40	0.95	578.86	1.53	0.00	0.00	578.86	578.86	0.00	0.00	0.46	16777214	0.0289
666.08	633.10	1.18	631.70	1.39	0.00	0.00	631.70	631.70	0.00	0.00	0.41	16777214	0.0265
654.08	626.44	0.68	625.02	1.41	0.00	0.00	625.02	625.02	0.00	0.00	0.41	16777214	0.0268
634.19	607.02	0.73	605.80	1.21	0.00	0.00	605.80	605.80	0.00	0.00	0.42	16777214	0.0276
644.94	602.51	0.70	600.46	2.03	0.00	0.00	600.46	600.46	0.00	0.00	0.49	16777214	0.0278
698.99	647.69	0.71	611.62	36.06	0.00	0.00	611.62	611.62	0.00	0.00	0.41	16777214	0.0259
3097.77	3047.67	0.41	658.16	2389.50	0.00	0.00	658.16	658.16	0.00	0.00	0.41	16777214	0.0055
1898.88	1840.43	0.69	628.38	1212.04	0.00	0.00	628.38	628.38	0.00	0.00	5.84	16777214	0.0091
1815.44	1764.86	0.41	659.25	1105.60	0.00	0.00	659.25	659.25	0.00	0.00	0.42	16777214	0.0095
2926.20	2867.53	0.69	2262.00	605.52	0.00	0.00	2262.00	2262.00	0.00	0.00	5.84	16777214	0.0059
3371.31	3307.67	0.41	3107.41	200.25	0.00	0.00	3107.41	3107.41	0.00	0.00	5.85	16777214	0.0051
2800.24	2738.80	0.72	2711.09	27.69	0.00	0.00	2711.09	2711.09	0.00	0.00	5.85	16777214	0.0061
2315.69	2254.38	0.43	638.46	1615.91	0.00	0.00	638.46	638.46	0.00	0.00	5.86	16777214	0.0074
1849.72	1816.03	0.41	660.95	1155.07	0.00	0.00	660.95	660.95	0.00	0.00	0.44	16777214	0.0092
2807.81	2758.57	0.90	812.60	1945.96	0.00	0.00	812.60	812.60	0.00	0.00	5.85	16777214	0.0061
1140.45	1095.58	0.42	655.31	440.26	0.00	0.00	655.31	655.31	0.00	0.00	0.42	16777214	0.0153
1065.07	1025.06	0.63	599.14	425.92	0.00	0.00	599.14	599.14	0.00	0.00	0.40	16777214	0.0164
2865.26	2815.98	0.44	666.23	2149.75	0.00	0.00	666.23	666.23	0.00	0.00	6.75	16777214	0.0060
2620.36	2556.44	0.85	2428.54	127.88	0.00	0.00	2428.54	2428.54	0.00	0.00	5.85	16777214	0.0066
3466.65	3422.32	0.41	650.58	2771.73	0.00	0.00	650.58	650.58	0.00	0.00	5.87	16777214	0.0049
3297.15	3238.39	0.45	646.00	2592.37	0.00	0.00	646.00	646.00	0.00	0.00	5.83	16777214	0.0052
789.32	754.59	0.41	634.22	120.36	0.00	0.00	634.22	634.22	0.00	0.00	0.40	16777214	0.0222
803.48	744.50	0.79	732.80	11.69	0.00	0.00	732.80	732.80	0.00	0.00	5.84	16777214	0.0225
3117.61	3068.32	0.43	1266.52	1801.79	0.00	0.00	1266.52	1266.52	0.00	0.00	0.41	16777214	0.0055
1744.12	1697.91	0.87	1686.08	11.82	0.00	0.00	1686.08	1686.08	0.00	0.00	5.84	16777214	0.0099
2016.64	1959.91	0.41	650.24	1309.67	0.00	0.00	650.24	650.24	0.00	0.00	0.42	16777214	0.0086
772.70	727.67	0.67	715.56	12.10	0.00	0.00	715.56	715.56	0.00	0.00	5.83	16777214	0.0231
3135.52	3079.57	0.40	1285.32	1794.24	0.00	0.00	1285.32	1285.32	0.00	0.00	0.40	16777214	0.0054
883.13	837.12	0.65	621.80	215.31	0.00	0.00	621.80	621.80	0.00	0.00	5.86	16777214	0.0200
3023.53	2976.94	0.42	1101.93	1875.00	0.00	0.00	1101.93	1101.93	0.00	0.00	0.40	16777214	0.0056
880.25	828.72	0.66	628.28	200.43	0.00	0.00	628.28	628.28	0.00	0.00	5.83	16777214	0.0202
3072.94	3020.88	0.42	1141.51	1879.36	0.00	0.00	1141.51	1141.51	0.00	0.00	0.39	16777214	0.0056
2881.60	2814.46	0.85	2432.93	381.52	0.00	0.00	2432.93	2432.93	0.00	0.00	5.84	16777214	0.0060
2600.63	2540.16	0.41	648.04	1892.12	0.00	0.00	648.04	648.04	0.00	0.00	5.89	16777214	0.0066
3839.76	3793.58	0.43	1973.70	1819.88	0.00	0.00	1973.70	1973.70	0.00	0.00	5.85	16777214	0.0044
763.63	703.97	0.41	638.29	65.66	0.00	0.00	638.29	638.29	0.00	0.00	5.86	16777214	0.0238
3243.21	3180.33	0.41	1332.95	1847.37	0.00	0.00	1332.95	1332.95	0.00	0.00	0.40	16777214	0.0053
733.08	685.80	0.60	632.70	53.09	0.00	0.00	632.70	632.70	0.00	0.00	5.87	16777214	0.0245
3097.88	3051.56	0.40	679.04	2372.51	0.00	0.00	679.04	679.04	0.00	0.00	0.43	16777214	0.0055
744.24	699.57	0.61	687.87	11.69	0.00	0.00	687.87	687.87	0.00	0.00	5.84	16777214	0.0240
3139.42	3088.08	0.40	674.96	2413.11	0.00	0.00	674.96	674.96	0.00	0.00	0.42	16777214	0.0054
759.87	709.28	0.62	618.31	90.96	0.00	0.00	618.31	618.31	0.00	0.00	5.86	16777214	0.0237
3120.99	3074.61	0.40	1303.57	1771.03	0.00	0.00	1303.57	1303.57	0.00	0.00	0.41	16777214	0.0055
920.66	882.57	0.66	588.69	293.87	0.00	0.00	588.69	588.69	0.00	0.00	0.49	16777214	0.0190
3023.24	2983.41	0.41	630.57	2352.84	0.00	0.00	630.57	630.57	0.00	0.00	0.42	16777214	0.0056
1273.83	1234.43	0.89	593.41	641.00	0.00	0.00	593.41	593.41	0.00	0.00	0.47	16777214	0.0136
2564.88	2514.96	0.41	662.91	1852.04	0.00	0.00	662.91	662.91	0.00	0.00	0.41	16777214	0.0067
1031.91	980.55	0.65	591.81	388.74	0.00	0.00	591.81	591.81	0.00	0.00	0.42	16777214	0.0171
2773.38	2724.40	0.41	927.90	1796.49	0.00	0.00	927.90	927.90	0.00	0.00	0.41	16777214	0.0062
1227.59	1182.39	0.61	1170.65	11.72	0.00	0.00	1170.65	1170.65	0.00	0.00	5.85	16777214	0.0142
2507.33	2463.18	0.41	633.42	1829.75	0.00	0.00	633.42	633.42	0.00	0.00	0.41	16777214	0.0068
638.57	583.49	0.85	581.94	1.54	0.00	0.00	581.94	581.94	0.00	0.00	0.42	16777214	0.0288
SCALE: 19
nvtx: 524288
edgefactor: 16
terasize: 1.34217727999999997e-04
A: 5.69999999999999951e-01
B: 1.90000000000000002e-01
C: 1.90000000000000002e-01
D: 5.00000000000000444e-02
generation_time: 0.00000000000000000e+00
construction_time: 7.38945291499999968e+00
nbfs: 100
min_time: 5.73976000010967269e-01
firstquartile_time: 6.00945750012993773e-01
median_time: 7.02282000005245211e-01
thirdquartile_time: 2.50242325004935262e+00
max_time: 4.56902799999713860e+00
mean_time: 1.34091122999966150e+00
stddev_time: 1.05165647186347955e+00
min_nedge: 1.00000000000000000e+00
firstquartile_nedge: 8.38851300000000000e+06
median_nedge: 8.38851300000000000e+06
thirdquartile_nedge: 8.38851300000000000e+06
max_nedge: 8.38851300000000000e+06
mean_nedge: 8.30462787999999989e+06
stddev_nedge: 8.38851200000000070e+05
min_TEPS: 2.18864931447263239e-01
firstquartile_TEPS: 3.86000355475684814e+06
median_TEPS: 1.25791008682912271e+07
thirdquartile_TEPS: 1.39929181351127904e+07
max_TEPS: 1.46147452155485880e+07
harmonic_mean_TEPS: 2.18864191825346381e+01
harmonic_stddev_TEPS: 2.19966038336603162e+01
