[BASH] Running the GPU only graph500 for scale 21 with sorted edges
file:/dev/null	benchmark:GRAPH500	vertices:2097152	edges:67108862	partitioning:RANDOM	platform:GPU	alpha:50	repeat:1	gpu_count:1	thread_count:4	thread_sched:GUIDED	thread_bind:false	gpu_graph_mem:DEVICE	gpu_par_randomized:false	sorted:false	edge_sort_key:degree	edge_order:asc	separate_singletons:false	lambda:0	time_init:13821.22	time_par:486.03	rmt_vertex:0	rmt_edge:0	beta:0	pid0:100,100,0,0	
total	exec	init	comp	comm	finalize	cpu_comp	gpu_comp	gpu_total_comp	scatter	gather	aggr	trv_edges	exec_rate
3113.99	2965.34	0.89	2936.95	28.38	0.00	0.00	2936.95	2936.95	0.00	0.00	1.64	67108862	0.0226
2817.21	2645.86	0.85	2636.27	9.56	0.00	0.00	2636.27	2636.27	0.00	0.00	1.55	67108862	0.0254
3504.30	3350.24	1.02	3337.78	12.45	0.00	0.00	3337.78	3337.78	0.00	0.00	1.47	67108862	0.0200
2995.49	2858.69	1.02	2846.39	12.28	0.00	0.00	2846.39	2846.39	0.00	0.00	1.57	67108862	0.0235
3307.26	3180.94	0.82	3177.64	3.29	0.00	0.00	3177.64	3177.64	0.00	0.00	1.46	67108862	0.0211
2694.08	2566.44	0.42	2555.59	10.84	0.00	0.00	2555.59	2555.59	0.00	0.00	1.45	67108862	0.0261
3044.35	2936.12	1.28	2932.82	3.29	0.00	0.00	2932.82	2932.82	0.00	0.00	1.44	67108862	0.0229
2793.10	2668.93	0.57	2666.57	2.35	0.00	0.00	2666.57	2666.57	0.00	0.00	1.42	67108862	0.0251
3707.29	3592.55	0.42	3588.50	4.04	0.00	0.00	3588.50	3588.50	0.00	0.00	1.48	67108862	0.0187
3062.19	2930.74	1.50	2927.41	3.31	0.00	0.00	2927.41	2927.41	0.00	0.00	1.47	67108862	0.0229
3417.14	3304.54	0.50	3301.15	3.38	0.00	0.00	3301.15	3301.15	0.00	0.00	1.41	67108862	0.0203
3164.51	3041.63	0.43	3037.82	3.80	0.00	0.00	3037.82	3037.82	0.00	0.00	1.57	67108862	0.0221
2681.06	2562.54	0.71	2558.86	3.67	0.00	0.00	2558.86	2558.86	0.00	0.00	1.53	67108862	0.0262
2951.58	2839.23	0.90	2835.15	4.06	0.00	0.00	2835.15	2835.15	0.00	0.00	1.59	67108862	0.0236
3291.62	3165.57	0.42	3161.49	4.06	0.00	0.00	3161.49	3161.49	0.00	0.00	1.58	67108862	0.0212
3052.17	2941.94	0.71	2938.79	3.14	0.00	0.00	2938.79	2938.79	0.00	0.00	1.53	67108862	0.0228
2832.94	2726.98	0.90	2723.03	3.94	0.00	0.00	2723.03	2723.03	0.00	0.00	1.58	67108862	0.0246
2978.18	2845.85	0.86	2842.22	3.61	0.00	0.00	2842.22	2842.22	0.00	0.00	1.54	67108862	0.0236
2830.72	2696.35	8.40	2684.92	11.41	0.00	0.00	2684.92	2684.92	0.00	0.00	1.49	67108862	0.0249
3141.93	3041.90	0.71	3038.24	3.65	0.00	0.00	3038.24	3038.24	0.00	0.00	1.50	67108862	0.0221
2848.15	2724.52	0.73	2721.15	3.35	0.00	0.00	2721.15	2721.15	0.00	0.00	1.50	67108862	0.0246
2955.29	2842.18	0.74	2838.89	3.27	0.00	0.00	2838.89	2838.89	0.00	0.00	1.41	67108862	0.0236
3141.62	3009.70	0.77	3005.81	3.87	0.00	0.00	3005.81	3005.81	0.00	0.00	1.53	67108862	0.0223
3652.18	3533.96	0.79	3530.27	3.67	0.00	0.00	3530.27	3530.27	0.00	0.00	1.53	67108862	0.0190
2688.59	2547.94	0.77	2544.38	3.55	0.00	0.00	2544.38	2544.38	0.00	0.00	1.53	67108862	0.0263
3748.61	3597.64	0.79	3593.88	3.74	0.00	0.00	3593.88	3593.88	0.00	0.00	1.53	67108862	0.0187
3455.96	3325.72	1.18	3321.54	4.17	0.00	0.00	3321.54	3321.54	0.00	0.02	1.57	67108862	0.0202
2813.07	2690.78	0.85	2687.48	3.28	0.00	0.00	2687.48	2687.48	0.00	0.00	1.52	67108862	0.0249
3675.78	3570.68	0.74	3566.70	3.97	0.00	0.00	3566.70	3566.70	0.00	0.00	1.58	67108862	0.0188
3087.96	2973.31	1.15	2969.66	3.63	0.00	0.00	2969.66	2969.66	0.00	0.00	1.53	67108862	0.0226
2694.06	2558.68	0.75	2555.41	3.26	0.00	0.00	2555.41	2555.41	0.00	0.00	1.52	67108862	0.0262
3102.49	2993.49	0.60	2990.20	3.28	0.00	0.00	2990.20	2990.20	0.00	0.00	1.53	67108862	0.0224
2781.09	2648.26	0.75	2644.92	3.32	0.00	0.00	2644.92	2644.92	0.00	0.00	1.53	67108862	0.0253
2702.89	2561.79	0.75	2558.44	3.33	0.00	0.00	2558.44	2558.44	0.00	0.00	1.52	67108862	0.0262
2878.00	2729.65	1.04	2725.99	3.64	0.00	0.00	2725.99	2725.99	0.00	0.00	1.53	67108862	0.0246
3192.09	3047.30	7.80	3038.92	8.36	0.00	0.00	3038.92	3038.92	0.00	0.00	1.52	67108862	0.0220
2789.74	2670.67	0.77	2666.73	3.92	0.00	0.00	2666.73	2666.73	0.00	0.00	1.50	67108862	0.0251
2683.19	2570.78	0.87	2567.50	3.27	0.00	0.00	2567.50	2567.50	0.00	0.00	1.46	67108862	0.0261
3451.21	3344.61	0.79	3340.87	3.71	0.00	0.00	3340.87	3340.87	0.00	0.00	1.40	67108862	0.0201
3397.02	3296.44	0.78	3292.22	4.21	0.00	0.00	3292.22	3292.22	0.00	0.00	1.58	67108862	0.0204
2789.99	2637.18	0.80	2633.69	3.47	0.00	0.00	2633.69	2633.69	0.00	0.00	1.42	67108862	0.0254
2736.20	2581.76	0.70	2576.91	4.84	0.00	0.00	2576.91	2576.91	0.00	0.00	1.42	67108862	0.0260
2890.34	2766.69	0.38	2762.82	3.87	0.00	0.00	2762.82	2762.82	0.00	0.00	1.45	67108862	0.0243
2763.82	2617.47	1.11	2613.99	3.47	0.00	0.00	2613.99	2613.99	0.00	0.00	1.48	67108862	0.0256
3039.86	2909.26	0.60	2905.87	3.38	0.00	0.00	2905.87	2905.87	0.00	0.00	1.49	67108862	0.0231
2996.16	2853.93	0.64	2849.78	4.14	0.00	0.00	2849.78	2849.78	0.00	0.00	1.50	67108862	0.0235
2654.97	2517.58	0.63	2514.00	3.57	0.00	0.00	2514.00	2514.00	0.00	0.00	1.51	67108862	0.0267
3295.19	3183.72	0.61	3180.52	3.18	0.00	0.00	3180.52	3180.52	0.00	0.00	1.40	67108862	0.0211
2527.98	2408.00	0.47	2404.72	3.28	0.00	0.00	2404.72	2404.72	0.00	0.00	1.53	67108862	0.0279
2898.81	2787.53	0.81	2775.31	12.21	0.00	0.00	2775.31	2775.31	0.00	0.00	1.44	67108862	0.0241
3271.90	3133.22	0.52	3129.73	3.49	0.00	0.00	3129.73	3129.73	0.00	0.00	1.48	67108862	0.0214
2662.97	2512.31	0.67	2508.95	3.35	0.00	0.00	2508.95	2508.95	0.00	0.00	1.78	67108862	0.0267
2658.37	2518.99	0.59	2515.43	3.54	0.00	0.00	2515.43	2515.43	0.00	0.00	1.47	67108862	0.0266
2950.10	2816.83	0.61	2813.80	3.01	0.00	0.00	2813.80	2813.80	0.00	0.00	1.43	67108862	0.0238
3134.61	3013.38	0.61	3010.39	2.97	0.00	0.00	3010.39	3010.39	0.00	0.00	1.44	67108862	0.0223
2630.07	2520.31	0.55	2516.81	3.49	0.00	0.00	2516.81	2516.81	0.00	0.00	1.48	67108862	0.0266
3066.02	2949.06	0.77	2945.28	3.77	0.00	0.00	2945.28	2945.28	0.00	0.00	1.47	67108862	0.0228
2834.03	2723.47	0.58	2720.15	3.32	0.00	0.00	2720.15	2720.15	0.00	0.00	1.47	67108862	0.0246
3049.39	2927.96	0.60	2924.71	3.24	0.00	0.00	2924.71	2924.71	0.00	0.00	1.44	67108862	0.0229
2945.63	2799.48	0.59	2794.41	4.85	0.00	0.00	2794.41	2794.41	0.00	0.00	1.42	67108862	0.0240
2714.33	2563.83	0.43	2556.55	7.28	0.00	0.00	2556.55	2556.55	0.00	0.00	1.39	67108862	0.0262
2701.78	2585.53	0.56	2582.45	3.07	0.00	0.00	2582.45	2582.45	0.00	0.00	1.46	67108862	0.0260
3062.89	2925.00	0.76	2921.34	3.64	0.00	0.00	2921.34	2921.34	0.00	0.00	1.51	67108862	0.0229
2738.48	2602.66	0.68	2598.62	4.02	0.00	0.00	2598.62	2598.62	0.00	0.00	1.53	67108862	0.0258
2788.07	2654.04	0.67	2650.48	3.54	0.00	0.00	2650.48	2650.48	0.00	0.00	1.48	67108862	0.0253
3075.56	2942.20	0.66	2938.95	3.24	0.00	0.00	2938.95	2938.95	0.00	0.00	1.46	67108862	0.0228
2857.63	2741.15	0.77	2738.11	3.03	0.00	0.00	2738.11	2738.11	0.00	0.00	1.47	67108862	0.0245
2940.74	2825.36	0.70	2821.77	3.58	0.00	0.00	2821.77	2821.77	0.00	0.00	1.50	67108862	0.0238
2979.32	2862.24	0.65	2859.20	3.03	0.00	0.00	2859.20	2859.20	0.00	0.00	1.47	67108862	0.0234
3058.26	2939.04	0.68	2935.92	3.10	0.00	0.00	2935.92	2935.92	0.00	0.00	1.47	67108862	0.0228
2767.10	2653.09	0.74	2649.97	3.10	0.00	0.00	2649.97	2649.97	0.00	0.00	1.45	67108862	0.0253
2698.30	2576.25	0.66	2573.28	2.96	0.00	0.00	2573.28	2573.28	0.00	0.00	1.46	67108862	0.0260
3067.42	2941.66	0.68	2938.28	3.37	0.00	0.00	2938.28	2938.28	0.00	0.00	1.46	67108862	0.0228
3266.03	3154.27	0.68	3150.77	3.49	0.00	0.00	3150.77	3150.77	0.00	0.00	1.51	67108862	0.0213
2676.44	2537.35	0.67	2534.13	3.21	0.00	0.00	2534.13	2534.13	0.00	0.00	1.51	67108862	0.0264
2674.93	2543.86	1.01	2540.59	3.26	0.00	0.00	2540.59	2540.59	0.00	0.00	1.51	67108862	0.0264
2775.38	2632.03	0.70	2628.08	3.93	0.00	0.00	2628.08	2628.08	0.00	0.00	1.52	67108862	0.0255
3255.71	3121.90	0.67	3118.17	3.72	0.00	0.00	3118.17	3118.17	0.00	0.00	1.52	67108862	0.0215
2667.53	2533.78	0.67	2530.17	3.60	0.00	0.00	2530.17	2530.17	0.00	0.00	1.52	67108862	0.0265
2834.36	2693.20	0.66	2689.44	3.76	0.00	0.00	2689.44	2689.44	0.00	0.00	1.52	67108862	0.0249
3324.30	3185.42	0.62	3181.61	3.80	0.00	0.00	3181.61	3181.61	0.00	0.00	1.48	67108862	0.0211
2648.94	2524.09	0.78	2521.01	3.07	0.00	0.00	2521.01	2521.01	0.00	0.00	1.44	67108862	0.0266
2742.33	2603.23	0.66	2599.38	3.84	0.00	0.00	2599.38	2599.38	0.00	0.00	1.50	67108862	0.0258
2786.42	2670.71	1.07	2666.98	3.71	0.00	0.00	2666.98	2666.98	0.00	0.00	1.50	67108862	0.0251
2666.17	2528.00	0.70	2524.38	3.60	0.00	0.00	2524.38	2524.38	0.00	0.00	1.52	67108862	0.0265
3185.72	3038.96	0.69	3035.59	3.36	0.00	0.00	3035.59	3035.59	0.00	0.00	1.51	67108862	0.0221
2660.13	2538.97	0.69	2535.50	3.45	0.00	0.00	2535.50	2535.50	0.00	0.00	1.47	67108862	0.0264
2700.30	2578.82	0.67	2575.53	3.28	0.00	0.00	2575.53	2575.53	0.00	0.00	1.49	67108862	0.0260
2762.26	2633.35	0.67	2630.09	3.25	0.00	0.00	2630.09	2630.09	0.00	0.00	1.53	67108862	0.0255
3106.13	2982.92	0.68	2979.69	3.21	0.00	0.00	2979.69	2979.69	0.00	0.00	1.46	67108862	0.0225
3566.16	3441.28	7.84	3430.01	11.26	0.00	0.00	3430.01	3430.01	0.00	0.00	1.44	67108862	0.0195
3049.33	2927.79	1.25	2924.74	3.04	0.00	0.00	2924.74	2924.74	0.00	0.00	1.46	67108862	0.0229
2738.94	2601.90	0.67	2598.21	3.68	0.00	0.00	2598.21	2598.21	0.00	0.00	1.51	67108862	0.0258
3209.18	3072.49	0.64	3068.82	3.66	0.00	0.00	3068.82	3068.82	0.00	0.00	1.50	67108862	0.0218
2785.82	2640.57	0.65	2636.98	3.58	0.00	0.00	2636.98	2636.98	0.00	0.00	1.51	67108862	0.0254
2774.81	2661.76	0.64	2658.58	3.17	0.00	0.00	2658.58	2658.58	0.00	0.00	1.46	67108862	0.0252
2693.56	2571.59	0.69	2568.12	3.45	0.00	0.00	2568.12	2568.12	0.00	0.00	1.52	67108862	0.0261
2712.02	2573.78	0.65	2570.38	3.39	0.00	0.00	2570.38	2570.38	0.00	0.00	1.51	67108862	0.0261
2649.23	2519.13	0.68	2515.45	3.66	0.00	0.00	2515.45	2515.45	0.00	0.00	1.50	67108862	0.0266
3389.50	3266.92	0.87	3257.79	9.12	0.00	0.00	3257.79	3257.79	0.00	0.00	1.51	67108862	0.0205
SCALE: 21
nvtx: 2097152
edgefactor: 16
terasize: 5.36870911999999989e-04
A: 5.69999999999999951e-01
B: 1.90000000000000002e-01
C: 1.90000000000000002e-01
D: 5.00000000000000444e-02
generation_time: 0.00000000000000000e+00
construction_time: 3.24331595749999977e+01
nbfs: 100
min_time: 2.40847299998998654e+00
firstquartile_time: 2.60276275005936641e+00
median_time: 2.79420249995589298e+00
thirdquartile_time: 3.01310849992930896e+00
max_time: 3.59843300002813349e+00
mean_time: 2.83963817000269891e+00
stddev_time: 2.85473886823203682e-01
min_nedge: 3.35540490000000000e+07
firstquartile_nedge: 3.35540490000000000e+07
median_nedge: 3.35540490000000000e+07
thirdquartile_nedge: 3.35540490000000000e+07
max_nedge: 3.35540490000000000e+07
mean_nedge: 3.35540490000000000e+07
stddev_nedge: 0.00000000000000000e+00
min_TEPS: 9.32462796993515454e+06
firstquartile_TEPS: 1.12166042061650530e+07
median_TEPS: 1.21817994785134662e+07
thirdquartile_TEPS: 1.29885172723736893e+07
max_TEPS: 1.39316691530855875e+07
harmonic_mean_TEPS: 1.18163114422314242e+07
harmonic_stddev_TEPS: 1.19389934716987438e+05
