[BASH] Running the GPU only graph500 for scale 16 with sorted edges
file:/dev/null	benchmark:GRAPH500	vertices:65536	edges:2097150	partitioning:RANDOM	platform:GPU	alpha:50	repeat:1	gpu_count:1	thread_count:4	thread_sched:GUIDED	thread_bind:false	gpu_graph_mem:DEVICE	gpu_par_randomized:false	sorted:false	edge_sort_key:degree	edge_order:asc	separate_singletons:false	lambda:0	time_init:269.41	time_par:21.86	rmt_vertex:0	rmt_edge:0	beta:0	pid0:100,100,0,0	
total	exec	init	comp	comm	finalize	cpu_comp	gpu_comp	gpu_total_comp	scatter	gather	aggr	trv_edges	exec_rate
193.97	187.05	0.93	183.64	3.40	0.00	0.00	183.64	183.64	0.00	0.00	0.24	2097150	0.0112
125.63	117.27	2.64	101.58	15.67	0.00	0.00	101.58	101.58	0.00	0.00	0.21	2097150	0.0179
105.20	98.72	0.79	87.61	11.09	0.00	0.00	87.61	87.61	0.00	0.00	0.17	2097150	0.0212
124.67	118.22	0.79	89.39	28.81	0.00	0.00	89.39	89.39	0.00	0.00	0.18	2097150	0.0177
135.92	126.25	3.98	110.69	15.54	0.00	0.00	110.69	110.69	0.00	0.00	0.17	2097150	0.0166
145.68	122.17	0.79	95.24	26.92	0.00	0.00	95.24	95.24	0.00	0.00	7.72	2097150	0.0172
145.37	138.88	0.85	127.23	11.63	0.00	0.00	127.23	127.23	0.00	0.00	0.17	2097150	0.0151
100.50	94.08	0.73	76.19	17.88	0.00	0.00	76.19	76.19	0.00	0.00	0.17	2097150	0.0223
99.24	94.07	0.77	83.10	10.95	0.00	0.00	83.10	83.10	0.00	0.00	0.15	2097150	0.0223
85.79	82.71	0.82	80.64	2.06	0.00	0.00	80.64	80.64	0.00	0.00	0.17	2097150	0.0254
82.18	75.88	0.76	75.00	0.87	0.00	0.00	75.00	75.00	0.00	0.00	0.11	2097150	0.0276
95.50	88.78	0.51	86.65	2.12	0.00	0.00	86.65	86.65	0.00	0.00	0.23	2097150	0.0236
123.38	116.90	1.20	108.46	8.43	0.01	0.00	108.46	108.46	0.00	0.00	0.17	2097150	0.0179
114.78	101.19	7.92	89.79	11.38	0.00	0.00	89.79	89.79	0.00	0.00	0.17	2097150	0.0207
148.43	137.16	0.80	118.02	19.13	0.00	0.00	118.02	118.02	0.00	0.00	4.63	2097150	0.0153
106.88	96.89	7.67	86.62	10.25	0.00	0.00	86.62	86.62	0.00	0.00	0.17	2097150	0.0216
116.52	110.08	0.80	83.77	26.30	0.00	0.00	83.77	83.77	0.00	0.00	0.18	2097150	0.0191
112.90	94.10	11.06	91.71	2.37	0.00	0.00	91.71	91.71	0.00	0.00	2.31	2097150	0.0223
100.80	90.58	1.19	80.10	10.46	0.00	0.00	80.10	80.10	0.00	0.00	0.19	2097150	0.0232
480.75	474.15	0.78	473.04	1.11	0.00	0.00	473.04	473.04	0.00	0.02	0.14	2097150	0.0044
116.71	110.24	0.78	94.80	15.43	0.00	0.00	94.80	94.80	0.00	0.00	0.17	2097150	0.0190
154.49	147.57	0.80	134.12	13.42	0.00	0.00	134.12	134.12	0.00	0.00	0.19	2097150	0.0142
109.58	96.37	0.82	79.76	16.60	0.00	0.00	79.76	79.76	0.00	0.00	0.17	2097150	0.0218
126.04	112.90	0.78	90.30	22.59	0.00	0.00	90.30	90.30	0.00	0.00	0.17	2097150	0.0186
118.72	111.85	0.78	94.46	17.38	0.00	0.00	94.46	94.46	0.00	0.00	0.17	2097150	0.0187
114.08	104.28	0.82	82.70	21.57	0.00	0.00	82.70	82.70	0.00	0.00	0.17	2097150	0.0201
123.92	107.35	0.81	87.48	19.86	0.00	0.00	87.48	87.48	0.00	0.00	6.90	2097150	0.0195
112.41	105.77	0.79	88.71	17.04	0.00	0.00	88.71	88.71	0.00	0.00	0.23	2097150	0.0198
108.44	97.55	5.14	82.35	15.19	0.00	0.00	82.35	82.35	0.00	0.00	0.23	2097150	0.0215
103.26	96.73	1.23	94.18	2.53	0.00	0.00	94.18	94.18	0.00	0.00	0.17	2097150	0.0217
87.48	81.32	0.98	80.12	1.20	0.00	0.00	80.12	80.12	0.00	0.00	0.10	2097150	0.0258
83.68	77.60	0.37	76.64	0.95	0.00	0.00	76.64	76.64	0.00	0.00	0.14	2097150	0.0270
105.17	98.59	0.80	92.43	6.14	0.00	0.00	92.43	92.43	0.00	0.00	0.17	2097150	0.0213
127.99	121.45	0.79	101.46	19.97	0.00	0.00	101.46	101.46	0.00	0.00	0.19	2097150	0.0173
108.43	105.37	0.80	90.86	14.49	0.00	0.00	90.86	90.86	0.00	0.00	0.17	2097150	0.0199
100.29	90.42	0.81	78.24	12.17	0.00	0.00	78.24	78.24	0.00	0.00	0.18	2097150	0.0232
119.36	109.53	0.77	88.34	21.17	0.00	0.00	88.34	88.34	0.00	0.00	0.18	2097150	0.0191
133.29	106.95	0.77	104.46	2.47	0.00	0.00	104.46	104.46	0.00	0.00	7.57	2097150	0.0196
130.16	121.59	0.87	111.24	10.33	0.00	0.00	111.24	111.24	0.00	0.00	2.61	2097150	0.0172
130.23	113.09	1.06	104.54	8.53	0.00	0.00	104.54	104.54	0.00	0.00	7.24	2097150	0.0185
126.56	119.65	0.81	109.19	10.45	0.00	0.00	109.19	109.19	0.00	0.00	0.17	2097150	0.0175
95.47	92.13	0.81	86.77	5.34	0.00	0.00	86.77	86.77	0.00	0.00	0.10	2097150	0.0228
100.85	94.82	0.36	80.81	13.99	0.00	0.00	80.81	80.81	0.00	0.00	0.18	2097150	0.0221
142.74	136.26	0.82	115.29	20.96	0.00	0.00	115.29	115.29	0.00	0.00	0.19	2097150	0.0154
96.53	90.07	0.81	78.36	11.71	0.00	0.00	78.36	78.36	0.00	0.00	0.17	2097150	0.0233
121.75	105.55	0.80	88.99	16.55	0.00	0.00	88.99	88.99	0.00	0.00	9.94	2097150	0.0199
101.21	97.82	1.11	80.07	17.74	0.00	0.00	80.07	80.07	0.00	0.00	0.17	2097150	0.0214
152.57	146.19	0.76	118.71	27.46	0.00	0.00	118.71	118.71	0.00	0.00	0.17	2097150	0.0143
128.29	114.94	0.77	100.81	14.11	0.00	0.00	100.81	100.81	0.00	0.00	7.06	2097150	0.0182
119.53	113.02	0.81	90.06	22.95	0.00	0.00	90.06	90.06	0.00	0.00	0.17	2097150	0.0186
138.40	131.91	0.79	110.35	21.54	0.00	0.00	110.35	110.35	0.00	0.00	0.18	2097150	0.0159
106.00	99.90	0.79	79.67	20.22	0.00	0.00	79.67	79.67	0.00	0.00	0.13	2097150	0.0210
89.67	83.78	0.54	82.35	1.42	0.00	0.00	82.35	82.35	0.00	0.00	0.14	2097150	0.0250
90.12	84.96	0.53	81.82	3.13	0.00	0.00	81.82	81.82	0.00	0.00	0.11	2097150	0.0247
91.65	85.28	1.26	80.38	4.89	0.00	0.00	80.38	80.38	0.00	0.00	0.12	2097150	0.0246
138.26	132.06	0.57	105.97	26.08	0.00	0.00	105.97	105.97	0.00	0.00	0.17	2097150	0.0159
94.58	88.11	0.82	77.80	10.30	0.00	0.00	77.80	77.80	0.00	0.00	0.17	2097150	0.0238
109.79	98.67	2.09	80.65	18.01	0.00	0.00	80.65	80.65	0.00	0.00	0.17	2097150	0.0213
112.68	106.56	0.87	89.13	17.41	0.00	0.00	89.13	89.13	0.00	0.00	0.17	2097150	0.0197
115.48	109.43	0.81	90.77	18.64	0.00	0.00	90.77	90.77	0.00	0.00	0.17	2097150	0.0192
103.01	96.54	0.80	90.45	6.08	0.00	0.00	90.45	90.45	0.00	0.00	0.17	2097150	0.0217
99.57	92.78	1.12	78.78	13.99	0.00	0.00	78.78	78.78	0.00	0.00	0.18	2097150	0.0226
108.63	95.67	0.84	84.59	11.07	0.00	0.00	84.59	84.59	0.00	0.00	6.63	2097150	0.0219
112.02	102.07	0.77	86.82	15.23	0.00	0.00	86.82	86.82	0.00	0.00	3.66	2097150	0.0205
128.19	124.98	0.84	113.44	11.53	0.00	0.00	113.44	113.44	0.00	0.00	0.24	2097150	0.0168
89.70	86.33	1.05	84.45	1.87	0.00	0.00	84.45	84.45	0.00	0.00	0.17	2097150	0.0243
106.43	102.02	0.73	83.76	18.25	0.00	0.00	83.76	83.76	0.00	0.00	0.13	2097150	0.0206
106.15	99.87	0.62	85.71	14.15	0.00	0.00	85.71	85.71	0.00	0.00	0.17	2097150	0.0210
106.53	92.12	8.75	90.44	1.66	0.00	0.00	90.44	90.44	0.00	0.00	0.19	2097150	0.0228
99.60	85.99	1.12	81.28	4.70	0.00	0.00	81.28	81.28	0.00	0.00	7.01	2097150	0.0244
122.36	109.61	0.84	96.69	12.90	0.00	0.00	96.69	96.69	0.00	0.00	6.41	2097150	0.0191
117.14	103.61	7.89	80.42	23.18	0.00	0.00	80.42	80.42	0.00	0.00	0.18	2097150	0.0202
109.53	85.76	10.69	79.91	5.84	0.00	0.00	79.91	79.91	0.00	0.00	7.58	2097150	0.0245
129.08	125.94	0.83	110.50	15.42	0.00	0.00	110.50	110.50	0.00	0.00	0.24	2097150	0.0167
95.26	85.16	1.06	78.76	6.38	0.00	0.00	78.76	78.76	0.00	0.00	0.17	2097150	0.0246
98.34	91.87	0.82	86.11	5.74	0.00	0.00	86.11	86.11	0.00	0.00	0.17	2097150	0.0228
104.74	98.09	0.81	81.44	16.63	0.00	0.00	81.44	81.44	0.00	0.00	0.24	2097150	0.0214
98.68	92.08	1.14	85.22	6.85	0.00	0.00	85.22	85.22	0.00	0.00	0.13	2097150	0.0228
97.35	94.22	0.90	81.98	12.23	0.00	0.00	81.98	81.98	0.00	0.00	0.13	2097150	0.0223
91.00	81.30	0.55	79.67	1.61	0.00	0.00	79.67	79.67	0.00	0.00	0.18	2097150	0.0258
87.27	77.46	0.80	75.94	1.51	0.00	0.00	75.94	75.94	0.00	0.00	0.18	2097150	0.0271
105.49	95.25	1.08	78.07	17.17	0.00	0.00	78.07	78.07	0.00	0.00	0.18	2097150	0.0220
107.43	101.36	0.82	87.41	13.93	0.00	0.00	87.41	87.41	0.00	0.00	0.17	2097150	0.0207
103.72	95.32	2.74	79.77	15.54	0.00	0.00	79.77	79.77	0.00	0.00	0.17	2097150	0.0220
82.30	75.87	0.76	74.47	1.39	0.00	0.00	74.47	74.47	0.00	0.00	0.19	2097150	0.0276
101.37	94.91	0.81	86.47	8.42	0.00	0.00	86.47	86.47	0.00	0.00	0.17	2097150	0.0221
125.61	115.73	0.81	90.77	24.94	0.01	0.00	90.77	90.77	0.00	0.00	0.18	2097150	0.0181
111.49	100.52	1.09	80.27	20.23	0.00	0.00	80.27	80.27	0.00	0.00	0.18	2097150	0.0209
169.16	162.66	1.24	147.06	15.59	0.00	0.00	147.06	147.06	0.00	0.00	0.19	2097150	0.0129
95.78	89.25	0.76	81.20	8.04	0.00	0.00	81.20	81.20	0.00	0.00	0.29	2097150	0.0235
88.58	84.40	1.06	78.35	6.04	0.00	0.00	78.35	78.35	0.00	0.00	0.12	2097150	0.0248
102.89	99.71	0.81	80.11	19.58	0.00	0.00	80.11	80.11	0.00	0.00	0.17	2097150	0.0210
104.69	94.28	0.83	82.02	12.24	0.00	0.00	82.02	82.02	0.00	0.00	7.51	2097150	0.0222
135.94	125.87	0.79	115.84	10.02	0.00	0.00	115.84	115.84	0.00	0.00	0.24	2097150	0.0167
98.45	88.00	1.40	85.43	2.55	0.00	0.00	85.43	85.43	0.00	0.00	0.23	2097150	0.0238
99.75	90.96	1.48	80.82	10.12	0.00	0.00	80.82	80.82	0.00	0.00	0.24	2097150	0.0231
154.41	144.56	0.83	132.76	11.78	0.00	0.00	132.76	132.76	0.00	0.00	0.18	2097150	0.0145
100.37	90.55	0.79	88.68	1.86	0.00	0.00	88.68	88.68	0.00	0.00	0.17	2097150	0.0232
118.54	108.78	0.74	84.58	24.18	0.00	0.00	84.58	84.58	0.00	0.00	0.17	2097150	0.0193
132.12	118.02	0.84	99.84	18.16	0.00	0.00	99.84	99.84	0.00	0.00	1.50	2097150	0.0178
SCALE: 16
nvtx: 65536
edgefactor: 16
terasize: 1.67772159999999997e-05
A: 5.69999999999999951e-01
B: 1.90000000000000002e-01
C: 1.90000000000000002e-01
D: 5.00000000000000444e-02
generation_time: 0.00000000000000000e+00
construction_time: 6.39256832999999913e-01
nbfs: 100
min_time: 7.66300001144409187e-02
firstquartile_time: 9.33902500420808884e-02
median_time: 1.02431500077247620e-01
thirdquartile_time: 1.16337000057101250e-01
max_time: 4.74937000036239620e-01
mean_time: 1.09584090002179155e-01
stddev_time: 4.15369020235332939e-02
min_nedge: 1.00000000000000000e+00
firstquartile_nedge: 1.04856600000000000e+06
median_nedge: 1.04856600000000000e+06
thirdquartile_nedge: 1.04856600000000000e+06
max_nedge: 1.04856600000000000e+06
mean_nedge: 1.03808034999999998e+06
stddev_nedge: 1.04856500000000000e+05
min_TEPS: 2.10554241914968943e+00
firstquartile_TEPS: 9.19213448740566708e+06
median_TEPS: 1.03571655766323917e+07
thirdquartile_TEPS: 1.13045473052693345e+07
max_TEPS: 1.36834920844845176e+07
harmonic_mean_TEPS: 2.10549809624474960e+02
harmonic_stddev_TEPS: 2.11606021147248555e+02
