[BASH] Running the GPU only graph500 for scale 14 with sorted edges
file:/dev/null	benchmark:GRAPH500	vertices:16384	edges:524286	partitioning:RANDOM	platform:GPU	alpha:50	repeat:1	gpu_count:1	thread_count:1	thread_sched:GUIDED	thread_bind:false	gpu_graph_mem:DEVICE	gpu_par_randomized:false	sorted:false	edge_sort_key:degree	edge_order:asc	separate_singletons:false	lambda:0	time_init:567.03	time_par:2.15	rmt_vertex:0	rmt_edge:0	beta:0	pid0:100,100,0,0	
total	exec	init	comp	comm	finalize	cpu_comp	gpu_comp	gpu_total_comp	scatter	gather	aggr	trv_edges	exec_rate
1441.44	1429.50	0.36	477.82	951.67	0.00	0.00	477.82	477.82	0.00	0.00	0.08	524286	0.0004
30.83	26.67	2.07	21.97	4.69	0.00	0.00	21.97	21.97	0.00	0.00	0.09	524286	0.0197
36.49	33.59	0.40	24.18	9.40	0.00	0.00	24.18	24.18	0.00	0.00	0.09	524286	0.0156
76.03	67.99	0.38	56.11	11.87	0.00	0.00	56.11	56.11	0.00	0.00	5.49	524286	0.0077
1237.34	1234.92	0.33	137.59	1097.32	0.00	0.00	137.59	137.59	0.00	0.00	0.12	524286	0.0004
34.48	29.06	3.20	26.94	2.11	0.00	0.00	26.94	26.94	0.00	0.00	0.10	524286	0.0180
28.79	26.04	0.61	24.79	1.24	0.00	0.00	24.79	24.79	0.00	0.00	0.10	524286	0.0201
1162.58	1154.34	0.58	24.68	1129.65	0.00	0.00	24.68	24.68	0.00	0.00	5.49	524286	0.0005
132.74	130.22	0.34	50.68	79.53	0.00	0.00	50.68	50.68	0.00	0.00	0.13	524286	0.0040
36.11	33.25	0.71	25.65	7.34	0.00	0.00	25.65	25.65	0.00	0.00	0.10	524286	0.0158
1192.19	1183.98	0.56	32.51	1151.45	0.00	0.00	32.51	32.51	0.00	0.00	5.49	524286	0.0004
111.51	109.03	0.38	62.69	46.34	0.00	0.00	62.69	62.69	0.00	0.00	0.12	524286	0.0048
31.15	28.49	0.59	23.65	4.83	0.00	0.00	23.65	23.65	0.00	0.00	0.08	524286	0.0184
30.46	27.60	0.45	24.13	3.46	0.00	0.00	24.13	24.13	0.00	0.00	0.10	524286	0.0190
1259.09	1256.64	0.32	1188.20	68.43	0.00	0.00	1188.20	1188.20	0.00	0.00	0.12	524286	0.0004
29.87	26.49	0.67	25.27	1.21	0.00	0.00	25.27	25.27	0.00	0.00	0.13	524286	0.0198
27.72	24.77	0.79	23.56	1.20	0.00	0.00	23.56	23.56	0.00	0.00	0.10	524286	0.0212
557.57	554.56	0.56	32.77	521.77	0.00	0.00	32.77	32.77	0.00	0.00	0.09	524286	0.0009
725.29	722.83	0.39	47.43	675.39	0.00	0.00	47.43	47.43	0.00	0.00	0.10	524286	0.0007
33.27	30.53	0.63	26.36	4.16	0.00	0.00	26.36	26.36	0.00	0.00	0.09	524286	0.0172
27.83	25.23	0.46	23.10	2.13	0.00	0.00	23.10	23.10	0.00	0.00	0.08	524286	0.0208
552.46	544.35	0.43	59.05	485.29	0.00	0.00	59.05	59.05	0.00	0.00	5.51	524286	0.0010
727.08	724.65	0.33	45.59	679.03	0.00	0.00	45.59	45.59	0.00	0.00	0.12	524286	0.0007
37.29	34.36	0.65	28.42	5.92	0.00	0.00	28.42	28.42	0.00	0.00	0.13	524286	0.0153
29.66	26.58	0.93	25.44	1.14	0.00	0.00	25.44	25.44	0.00	0.00	0.10	524286	0.0197
1182.81	1174.61	0.54	25.74	1148.86	0.00	0.00	25.74	25.74	0.00	0.00	5.49	524286	0.0004
294.37	291.93	0.35	60.90	231.02	0.00	0.00	60.90	60.90	0.00	0.00	0.12	524286	0.0018
34.34	31.26	0.95	23.32	7.93	0.00	0.00	23.32	23.32	0.00	0.00	0.12	524286	0.0168
889.26	881.08	0.52	873.98	7.08	0.00	0.00	873.98	873.98	0.00	0.00	5.49	524286	0.0006
542.19	539.72	0.33	45.80	493.91	0.00	0.00	45.80	45.80	0.00	0.00	0.12	524286	0.0010
39.12	35.77	1.05	26.46	9.30	0.00	0.00	26.46	26.46	0.00	0.00	0.17	524286	0.0147
28.67	25.48	0.71	24.16	1.31	0.00	0.00	24.16	24.16	0.00	0.00	0.14	524286	0.0206
1326.49	1320.61	0.56	23.47	1297.14	0.00	0.00	23.47	23.47	0.00	0.00	2.71	524286	0.0004
68.84	66.13	0.33	36.75	29.36	0.00	0.00	36.75	36.75	0.00	0.00	0.18	524286	0.0079
33.33	30.44	0.70	26.27	4.16	0.00	0.00	26.27	26.27	0.00	0.00	0.10	524286	0.0172
1149.04	1146.20	0.54	841.84	304.35	0.00	0.00	841.84	841.84	0.00	0.00	0.07	524286	0.0005
165.71	155.91	0.39	49.22	106.68	0.00	0.00	49.22	49.22	0.00	0.00	0.08	524286	0.0034
37.81	34.39	1.27	23.48	10.90	0.00	0.00	23.48	23.48	0.00	0.00	0.09	524286	0.0152
29.41	26.37	0.49	25.38	0.98	0.00	0.00	25.38	25.38	0.00	0.00	0.09	524286	0.0199
23.41	20.82	0.37	20.15	0.66	0.00	0.00	20.15	20.15	0.00	0.00	0.08	524286	0.0252
1253.40	1245.31	0.39	593.04	652.25	0.00	0.00	593.04	593.04	0.00	0.02	5.52	524286	0.0004
59.08	56.61	0.33	45.55	11.05	0.00	0.00	45.55	45.55	0.00	0.00	0.12	524286	0.0093
33.00	30.06	0.79	26.60	3.45	0.00	0.00	26.60	26.60	0.00	0.00	0.10	524286	0.0174
334.89	326.66	0.66	319.96	6.69	0.00	0.00	319.96	319.96	0.00	0.00	5.48	524286	0.0016
971.80	957.06	0.38	154.29	802.77	0.00	0.00	154.29	154.29	0.00	0.00	0.08	524286	0.0005
29.62	26.85	0.63	22.20	4.65	0.00	0.00	22.20	22.20	0.00	0.00	0.09	524286	0.0195
32.23	29.25	0.47	22.65	6.60	0.00	0.00	22.65	22.65	0.00	0.00	0.09	524286	0.0179
57.60	54.84	0.36	35.24	19.59	0.00	0.00	35.24	35.24	0.00	0.00	0.22	524286	0.0096
1239.80	1237.39	0.33	60.39	1176.99	0.00	0.00	60.39	60.39	0.00	0.00	0.12	524286	0.0004
36.39	32.92	1.30	25.21	7.71	0.00	0.00	25.21	25.21	0.00	0.00	0.13	524286	0.0159
34.27	31.31	0.75	27.01	4.29	0.00	0.00	27.01	27.01	0.00	0.00	0.12	524286	0.0167
1246.67	1243.51	0.61	131.84	1111.67	0.00	0.00	131.84	131.84	0.00	0.00	0.20	524286	0.0004
76.84	74.40	0.33	45.34	29.05	0.00	0.00	45.34	45.34	0.00	0.00	0.13	524286	0.0070
32.34	29.43	0.72	25.00	4.41	0.00	0.00	25.00	25.00	0.00	0.00	0.10	524286	0.0178
1318.25	1309.98	0.60	779.60	530.35	0.00	0.00	779.60	779.60	0.00	0.00	5.49	524286	0.0004
46.69	44.27	0.34	32.30	11.96	0.00	0.00	32.30	32.30	0.00	0.00	0.12	524286	0.0118
32.84	29.99	0.64	25.61	4.37	0.00	0.00	25.61	25.61	0.00	0.00	0.11	524286	0.0175
30.54	27.53	0.61	23.46	4.06	0.00	0.00	23.46	23.46	0.00	0.00	0.11	524286	0.0190
1350.49	1348.05	0.36	1238.66	109.38	0.00	0.00	1238.66	1238.66	0.00	0.00	0.12	524286	0.0004
36.68	33.89	0.64	25.30	8.59	0.00	0.00	25.30	25.30	0.00	0.00	0.13	524286	0.0155
29.79	26.81	0.70	25.60	1.20	0.00	0.00	25.60	25.60	0.00	0.00	0.14	524286	0.0196
1293.89	1290.62	0.63	200.35	1090.26	0.00	0.00	200.35	200.35	0.00	0.00	0.19	524286	0.0004
82.21	79.71	0.34	49.69	30.02	0.00	0.00	49.69	49.69	0.00	0.00	0.13	524286	0.0066
28.31	25.38	0.70	23.95	1.42	0.00	0.00	23.95	23.95	0.00	0.00	0.11	524286	0.0207
1291.56	1283.22	0.66	1274.12	9.09	0.00	0.00	1274.12	1274.12	0.00	0.03	5.50	524286	0.0004
67.51	65.08	0.38	46.12	18.95	0.00	0.00	46.12	46.12	0.00	0.00	0.08	524286	0.0081
28.75	26.26	0.39	25.52	0.73	0.00	0.00	25.52	25.52	0.00	0.00	0.08	524286	0.0200
28.56	25.84	0.49	24.74	1.09	0.00	0.00	24.74	24.74	0.00	0.00	0.10	524286	0.0203
572.79	564.61	0.53	552.56	12.04	0.00	0.00	552.56	552.56	0.00	0.00	5.49	524286	0.0009
710.56	708.14	0.34	50.40	657.72	0.00	0.00	50.40	50.40	0.00	0.00	0.12	524286	0.0007
32.24	27.51	2.53	24.48	3.02	0.00	0.00	24.48	24.48	0.00	0.00	0.13	524286	0.0191
108.49	100.32	0.54	31.19	69.12	0.00	0.00	31.19	31.19	0.00	0.00	5.48	524286	0.0052
1290.56	1288.13	0.35	420.33	867.79	0.00	0.00	420.33	420.33	0.00	0.00	0.12	524286	0.0004
28.14	24.29	1.65	23.48	0.79	0.00	0.00	23.48	23.48	0.00	0.00	0.11	524286	0.0216
25.68	22.93	0.54	21.88	1.04	0.00	0.00	21.88	21.88	0.00	0.00	0.09	524286	0.0229
309.69	301.52	0.55	289.67	11.83	0.00	0.00	289.67	289.67	0.00	0.00	5.49	524286	0.0017
1021.22	1018.81	0.33	180.07	838.72	0.00	0.00	180.07	180.07	0.00	0.00	0.12	524286	0.0005
35.03	30.37	2.53	26.21	4.15	0.00	0.00	26.21	26.21	0.00	0.00	0.13	524286	0.0173
40.97	37.00	1.40	34.47	2.52	0.00	0.00	34.47	34.47	0.00	0.00	0.10	524286	0.0142
1203.67	1200.97	0.60	674.85	526.11	0.00	0.00	674.85	674.85	0.00	0.00	0.12	524286	0.0004
32.61	29.86	0.58	23.25	6.60	0.00	0.00	23.25	23.25	0.00	0.00	0.13	524286	0.0176
27.20	24.11	0.71	22.66	1.45	0.00	0.00	22.66	22.66	0.00	0.00	0.31	524286	0.0217
158.18	149.60	0.47	23.96	125.62	0.00	0.00	23.96	23.96	0.00	0.00	5.96	524286	0.0035
1228.74	1226.01	0.36	53.53	1172.47	0.00	0.00	53.53	53.53	0.00	0.00	0.12	524286	0.0004
30.54	27.55	0.87	26.21	1.33	0.00	0.00	26.21	26.21	0.00	0.00	0.13	524286	0.0190
26.23	23.28	0.59	21.97	1.30	0.00	0.00	21.97	21.97	0.00	0.00	0.13	524286	0.0225
1241.99	1233.84	0.48	46.79	1187.05	0.00	0.00	46.79	46.79	0.00	0.00	5.50	524286	0.0004
96.65	94.15	0.33	63.72	30.43	0.00	0.00	63.72	63.72	0.00	0.00	0.12	524286	0.0056
34.11	30.87	0.95	25.97	4.90	0.00	0.00	25.97	25.97	0.00	0.00	0.10	524286	0.0170
494.07	491.11	0.54	490.11	0.99	0.00	0.00	490.11	490.11	0.00	0.00	0.08	524286	0.0011
790.67	780.99	0.40	46.60	734.38	0.00	0.00	46.60	46.60	0.00	0.00	0.08	524286	0.0007
33.11	30.25	0.70	23.81	6.43	0.00	0.00	23.81	23.81	0.00	0.00	0.10	524286	0.0173
31.45	27.34	1.85	23.31	4.01	0.00	0.00	23.31	23.31	0.00	0.00	0.11	524286	0.0192
680.05	671.77	0.61	33.63	638.14	0.00	0.00	33.63	33.63	0.00	0.00	5.48	524286	0.0008
627.06	624.63	0.33	80.62	544.00	0.00	0.00	80.62	80.62	0.00	0.00	0.12	524286	0.0008
32.17	29.41	0.58	24.82	4.58	0.00	0.00	24.82	24.82	0.00	0.00	0.13	524286	0.0178
29.02	26.15	0.57	24.96	1.18	0.00	0.00	24.96	24.96	0.00	0.00	0.10	524286	0.0200
1305.16	1302.54	0.46	665.89	636.64	0.00	0.00	665.89	665.89	0.00	0.00	0.12	524286	0.0004
36.31	33.14	0.65	23.88	9.26	0.00	0.00	23.88	23.88	0.00	0.00	0.40	524286	0.0158
27.75	25.03	0.48	23.99	1.03	0.00	0.00	23.99	23.99	0.00	0.00	0.10	524286	0.0209
SCALE: 14
nvtx: 16384
edgefactor: 16
terasize: 4.19430399999999992e-06
A: 5.69999999999999951e-01
B: 1.90000000000000002e-01
C: 1.90000000000000002e-01
D: 5.00000000000000444e-02
generation_time: 0.00000000000000000e+00
construction_time: 6.92841916000000002e-01
nbfs: 100
min_time: 2.11849999427795414e-02
firstquartile_time: 2.97924999743700014e-02
median_time: 5.60680000483989721e-02
thirdquartile_time: 7.67289499983191514e-01
max_time: 1.42986099994182592e+00
mean_time: 3.85309579994678575e-01
stddev_time: 4.96906437538098211e-01
min_nedge: 2.62140000000000000e+05
firstquartile_nedge: 2.62140000000000000e+05
median_nedge: 2.62140000000000000e+05
thirdquartile_nedge: 2.62140000000000000e+05
max_nedge: 2.62140000000000000e+05
mean_nedge: 2.62140000000000000e+05
stddev_nedge: 0.00000000000000000e+00
min_TEPS: 1.83332505754521029e+05
firstquartile_TEPS: 3.64345839020709856e+05
median_TEPS: 6.35222841691482998e+06
thirdquartile_TEPS: 9.00626155604750477e+06
max_TEPS: 1.23738494551823139e+07
harmonic_mean_TEPS: 6.80336056019215495e+05
harmonic_stddev_TEPS: 8.81801243336227635e+04
