[BASH] Running the hybrid graph500 for scale 19 with sorted edges
file:/dev/null	benchmark:GRAPH500	vertices:524288	edges:16777214	partitioning:RANDOM	platform:HYBRID	alpha:50	repeat:1	gpu_count:1	thread_count:4	thread_sched:GUIDED	thread_bind:false	gpu_graph_mem:DEVICE	gpu_par_randomized:false	sorted:false	edge_sort_key:degree	edge_order:asc	separate_singletons:true	lambda:0Initializing the shares for Hybrid platform.
	time_init:3640.02	time_par:381.20	rmt_vertex:54	rmt_edge:50	beta:2	pid0:50,50,27,25	pid1:0,0,0,0	pid2:50,50,27,25	
total	exec	init	comp	comm	finalize	cpu_comp	gpu_comp	gpu_total_comp	scatter	gather	aggr	trv_edges	exec_rate
195.16	169.32	2.73	138.20	31.11	0.00	72.82	127.56	127.56	13.88	6.50	0.32	16777214	0.0991
346.49	324.23	2.55	258.25	65.96	0.00	146.31	232.93	232.93	22.77	26.61	0.32	16777214	0.0517
363.94	322.95	3.66	276.14	46.79	0.00	126.19	248.58	248.58	9.60	17.70	5.04	16777214	0.0520
401.79	367.69	3.76	319.17	48.51	0.00	137.88	289.09	289.09	13.56	21.26	0.32	16777214	0.0456
256.14	232.55	3.33	174.11	58.42	0.00	118.35	138.55	138.55	20.06	12.22	0.33	16777214	0.0721
284.47	251.88	2.96	187.70	64.17	0.00	159.15	123.00	123.00	36.45	21.50	0.78	16777214	0.0666
256.59	226.95	2.41	179.04	47.89	0.00	86.70	157.68	157.68	17.77	11.86	0.50	16777214	0.0739
281.12	260.30	1.37	195.93	64.35	0.00	124.80	148.10	148.10	25.45	10.80	0.48	16777214	0.0645
204.40	167.37	11.89	132.18	35.17	0.00	71.60	131.96	131.96	9.47	4.01	0.43	16777214	0.1002
172.74	155.59	1.37	111.48	44.09	0.00	38.81	111.38	111.38	7.12	12.26	7.15	16777214	0.1078
885.42	864.89	1.34	821.70	43.17	0.00	181.47	786.54	786.54	5.89	7.29	0.51	16777214	0.0194
228.94	201.37	1.17	154.99	46.36	0.00	103.44	145.76	145.76	17.51	22.79	0.47	16777214	0.0833
324.60	294.85	10.09	250.71	44.12	0.00	181.07	209.80	209.80	23.91	16.53	0.61	16777214	0.0569
360.21	336.74	3.14	295.36	41.37	0.00	149.94	251.57	251.57	8.86	14.42	0.50	16777214	0.0498
222.05	197.80	4.06	158.74	39.06	0.00	100.78	134.54	134.54	13.58	7.09	0.52	16777214	0.0848
140.26	116.77	2.61	91.10	25.65	0.00	53.74	81.58	81.58	10.06	6.68	0.46	16777214	0.1437
218.54	178.22	2.85	122.80	55.41	0.00	122.58	101.78	101.78	18.36	17.93	0.52	16777214	0.0941
544.11	512.39	22.61	470.39	41.99	0.00	133.26	461.90	461.90	3.60	6.80	0.48	16777214	0.0327
167.54	156.89	1.38	123.27	33.60	0.00	65.67	123.12	123.12	16.44	9.89	0.44	16777214	0.1069
225.36	205.34	2.58	155.41	49.92	0.00	138.51	104.17	104.17	20.72	10.07	0.57	16777214	0.0817
482.63	451.53	3.92	403.92	47.17	0.00	155.24	372.72	372.72	6.27	20.98	0.60	16777214	0.0372
181.66	144.15	10.73	101.18	42.96	0.00	83.24	92.23	92.23	18.32	6.46	0.54	16777214	0.1164
1198.24	1170.38	3.31	1115.28	55.08	0.00	310.06	1063.29	1063.29	13.09	11.59	0.62	16777214	0.0143
199.12	168.18	1.29	123.63	44.53	0.00	83.50	110.81	110.81	15.67	14.04	0.51	16777214	0.0998
355.84	318.10	2.59	270.36	47.72	0.00	152.58	231.57	231.57	11.62	25.90	0.62	16777214	0.0527
246.38	203.54	3.17	157.08	46.44	0.00	89.17	141.06	141.06	14.76	7.12	0.52	16777214	0.0824
382.46	355.71	7.07	318.59	37.10	0.00	177.51	285.24	285.24	9.39	19.72	0.59	16777214	0.0472
188.22	156.19	2.30	111.10	45.08	0.00	77.10	101.49	101.49	10.72	11.33	0.56	16777214	0.1074
241.40	219.44	3.25	180.34	39.08	0.00	108.68	156.47	156.47	8.77	13.40	0.44	16777214	0.0765
203.14	183.13	1.55	143.26	39.86	0.00	91.58	130.40	130.40	16.24	9.35	0.62	16777214	0.0916
1130.14	1111.75	3.01	1076.67	35.06	0.00	219.74	1040.71	1040.71	3.75	15.38	6.46	16777214	0.0151
385.64	364.21	3.37	321.35	42.84	0.00	111.41	301.34	301.34	4.42	19.38	0.26	16777214	0.0461
241.61	209.67	12.38	160.45	49.21	0.00	89.15	140.10	140.10	11.89	4.93	0.52	16777214	0.0800
3885.39	3856.75	2.92	3831.35	25.39	0.00	182.68	3817.20	3817.20	3.89	2.57	3.09	16777214	0.0044
124.42	108.89	1.93	77.87	31.01	0.00	60.26	67.38	67.38	18.34	7.83	0.43	16777214	0.1541
122.77	104.43	2.67	82.28	22.14	0.00	50.70	76.17	76.17	10.06	5.17	0.29	16777214	0.1607
97.91	80.56	1.84	57.21	23.34	0.00	38.07	53.42	53.42	9.48	2.72	0.43	16777214	0.2082
85.74	73.77	1.93	52.52	21.23	0.00	37.36	51.86	51.86	9.68	2.80	0.44	16777214	0.2274
173.92	158.75	0.94	128.65	30.06	0.00	57.50	118.56	118.56	15.47	5.59	0.47	16777214	0.1057
342.05	316.84	2.31	289.53	27.30	0.00	73.89	272.06	272.06	7.12	6.63	0.46	16777214	0.0530
344.00	323.56	3.01	287.74	35.82	0.00	73.24	274.70	274.70	13.96	6.53	0.46	16777214	0.0519
387.57	364.57	2.66	338.42	26.14	0.00	104.32	322.80	322.80	8.17	8.04	0.43	16777214	0.0460
572.04	546.88	2.73	519.44	27.43	0.00	141.95	491.20	491.20	7.65	8.33	0.47	16777214	0.0307
355.42	327.38	2.92	299.19	28.18	0.00	83.83	284.73	284.73	7.90	7.68	0.45	16777214	0.0512
581.66	559.68	1.70	528.80	30.87	0.00	139.49	503.57	503.57	10.12	9.59	0.47	16777214	0.0300
449.34	420.93	4.08	392.80	28.11	0.00	97.23	368.10	368.10	8.62	8.28	0.53	16777214	0.0399
179.43	156.03	4.38	121.35	34.67	0.00	56.62	107.12	107.12	15.38	6.82	0.51	16777214	0.1075
568.84	544.57	2.30	516.93	27.63	0.00	114.98	495.05	495.05	6.97	7.26	0.44	16777214	0.0308
227.84	202.18	1.58	176.16	26.01	0.00	87.77	153.42	153.42	5.87	7.23	0.42	16777214	0.0830
120.61	104.00	1.98	78.70	25.29	0.00	48.08	68.55	68.55	13.07	5.18	0.55	16777214	0.1613
115.06	100.13	1.93	70.91	29.20	0.00	40.86	63.13	63.13	10.80	2.93	0.46	16777214	0.1676
208.00	172.31	4.30	122.71	49.57	0.01	101.21	92.58	92.58	27.76	9.07	0.72	16777214	0.0974
207.61	174.11	3.44	123.50	50.58	0.00	119.22	77.42	77.42	24.41	11.33	0.71	16777214	0.0964
220.33	199.63	2.65	157.72	41.89	0.00	115.14	130.02	130.02	19.38	8.21	0.48	16777214	0.0840
174.96	155.66	2.68	130.94	24.70	0.00	58.71	119.18	119.18	8.14	6.23	0.51	16777214	0.1078
135.90	116.43	1.89	92.84	23.58	0.00	57.52	83.43	83.43	10.56	6.66	0.43	16777214	0.1441
120.07	99.83	2.67	76.09	23.73	0.00	48.93	65.26	65.26	11.86	6.14	0.55	16777214	0.1681
194.39	170.75	2.75	136.34	34.40	0.00	59.52	122.34	122.34	10.24	7.49	0.71	16777214	0.0983
747.79	724.82	3.57	692.33	32.48	0.00	174.90	660.15	660.15	6.61	7.90	0.62	16777214	0.0231
204.55	181.30	3.71	143.04	38.24	0.00	84.18	132.14	132.14	17.56	8.28	0.63	16777214	0.0925
241.43	213.18	8.64	184.75	28.42	0.00	112.95	170.70	170.70	5.36	8.12	0.64	16777214	0.0787
163.89	141.65	2.18	105.54	36.10	0.00	79.18	80.71	80.71	18.77	8.71	0.62	16777214	0.1184
166.62	144.08	2.84	106.29	37.78	0.00	77.92	81.11	81.11	19.49	9.10	0.49	16777214	0.1164
856.24	833.72	2.68	805.13	28.57	0.00	192.72	771.44	771.44	6.64	9.35	0.57	16777214	0.0201
352.17	327.25	2.74	297.37	29.87	0.00	116.67	283.22	283.22	10.72	10.09	0.58	16777214	0.0513
189.39	167.21	2.32	128.22	38.97	0.00	75.48	107.92	107.92	22.29	8.87	0.59	16777214	0.1003
210.74	187.97	3.06	163.25	24.70	0.00	99.08	142.19	142.19	5.56	8.09	0.59	16777214	0.0893
202.61	179.33	3.04	143.29	36.03	0.00	86.75	129.18	129.18	15.90	8.94	0.50	16777214	0.0936
181.38	158.71	2.31	124.42	34.28	0.00	91.46	114.99	114.99	18.17	8.84	0.48	16777214	0.1057
165.52	143.39	1.85	107.78	35.59	0.00	89.68	91.24	91.24	14.24	8.28	0.58	16777214	0.1170
173.42	151.04	2.35	113.88	37.15	0.00	85.39	101.59	101.59	20.60	8.54	0.77	16777214	0.1111
355.21	332.24	1.87	303.55	28.67	0.00	109.95	290.20	290.20	7.20	9.32	0.58	16777214	0.0505
866.21	842.74	3.09	813.15	29.57	0.00	204.44	789.61	789.61	8.10	8.58	0.48	16777214	0.0199
403.04	378.90	1.94	353.23	25.65	0.00	141.88	334.09	334.09	4.09	8.42	1.11	16777214	0.0443
210.97	189.07	1.90	152.60	36.01	0.00	78.29	132.94	132.94	19.46	7.84	0.57	16777214	0.0887
170.03	147.41	2.51	102.31	45.09	0.00	88.54	72.10	72.10	23.39	8.34	0.61	16777214	0.1138
527.58	504.48	3.08	474.57	29.88	0.00	149.24	446.13	446.13	6.73	8.72	0.57	16777214	0.0333
347.11	323.76	3.07	297.56	26.19	0.00	119.08	273.90	273.90	5.17	7.94	0.48	16777214	0.0518
174.33	152.02	1.86	106.68	45.33	0.00	91.76	78.25	78.25	20.91	8.26	0.59	16777214	0.1104
177.65	154.80	2.34	115.88	38.90	0.00	98.96	95.09	95.09	24.30	8.15	0.49	16777214	0.1084
167.82	147.58	2.66	116.28	31.29	0.00	84.69	98.41	98.41	12.39	6.00	0.60	16777214	0.1137
139.79	119.84	1.88	89.50	30.34	0.00	60.25	79.52	79.52	16.74	8.09	0.56	16777214	0.1400
128.41	108.53	1.85	76.11	32.41	0.00	62.87	57.59	57.59	18.84	7.77	0.43	16777214	0.1546
158.07	137.96	2.76	106.61	31.34	0.00	74.65	95.38	95.38	23.78	7.22	0.58	16777214	0.1216
150.01	130.19	2.18	98.72	31.46	0.00	60.20	88.90	88.90	16.50	7.92	0.56	16777214	0.1289
349.38	328.64	2.81	302.19	26.44	0.00	108.62	285.52	285.52	8.05	7.42	0.72	16777214	0.0511
182.16	161.73	2.83	125.83	35.89	0.00	59.59	115.87	115.87	16.76	7.69	0.55	16777214	0.1037
147.10	127.77	1.67	99.79	27.97	0.00	65.42	89.80	89.80	15.42	7.20	0.43	16777214	0.1313
826.40	802.30	2.74	769.08	33.13	0.00	168.17	723.40	723.40	9.34	12.53	1.38	16777214	0.0209
170.90	150.90	2.00	119.74	31.15	0.00	60.01	108.97	108.97	14.84	6.16	0.43	16777214	0.1112
190.49	163.42	1.96	133.39	30.02	0.00	70.26	125.50	125.50	22.18	8.68	0.44	16777214	0.1027
162.65	140.04	3.07	109.37	30.66	0.00	82.26	96.47	96.47	25.48	8.05	0.60	16777214	0.1198
183.79	160.87	3.33	131.74	29.11	0.00	100.07	118.52	118.52	12.62	9.79	0.63	16777214	0.1043
166.65	143.96	3.31	121.67	22.26	0.00	98.58	101.29	101.29	5.40	9.88	0.31	16777214	0.1165
728.00	708.12	2.25	681.65	26.46	0.00	167.09	657.82	657.82	5.88	8.84	0.52	16777214	0.0237
147.05	128.18	1.55	100.87	27.30	0.00	68.62	95.32	95.32	22.27	6.96	0.55	16777214	0.1309
212.52	192.68	1.74	166.70	25.98	0.00	88.06	155.89	155.89	10.75	7.06	0.44	16777214	0.0871
162.46	143.27	1.55	120.39	22.87	0.00	65.96	105.68	105.68	7.99	7.58	0.52	16777214	0.1171
139.89	120.29	1.88	93.45	26.83	0.00	65.89	80.31	80.31	11.83	6.75	0.53	16777214	0.1395
239.23	220.11	1.93	188.42	31.68	0.00	72.02	178.08	178.08	14.16	7.41	0.44	16777214	0.0762
SCALE: 19
nvtx: 524288
edgefactor: 16
terasize: 1.34217727999999997e-04
A: 5.69999999999999951e-01
B: 1.90000000000000002e-01
C: 1.90000000000000002e-01
D: 5.00000000000000444e-02
generation_time: 0.00000000000000000e+00
construction_time: 7.98294083099999963e+00
nbfs: 100
min_time: 7.56949999332428014e-02
firstquartile_time: 1.53513999968767162e-01
median_time: 1.90999499946832657e-01
thirdquartile_time: 3.31167250022292137e-01
max_time: 3.85967400002479533e+00
mean_time: 3.12730620002150461e-01
stddev_time: 4.18069985622233908e-01
min_nedge: 1.00000000000000000e+00
firstquartile_nedge: 8.38851300000000000e+06
median_nedge: 8.38851300000000000e+06
thirdquartile_nedge: 8.38851300000000000e+06
max_nedge: 8.38851300000000000e+06
mean_nedge: 8.30462787999999989e+06
stddev_nedge: 8.38851200000000070e+05
min_TEPS: 2.59089239141330530e-01
firstquartile_TEPS: 2.54819116952996999e+07
median_TEPS: 4.53812476102097631e+07
thirdquartile_TEPS: 5.55909801056044325e+07
max_TEPS: 1.10819908942440405e+08
harmonic_mean_TEPS: 2.59089019771896609e+01
harmonic_stddev_TEPS: 2.60394039687794425e+01
