[BASH] Running the hybrid graph500 for scale 21 with sorted edges
file:/dev/null	benchmark:GRAPH500	vertices:2097152	edges:67108862	partitioning:RANDOM	platform:HYBRID	alpha:50	repeat:1	gpu_count:1	thread_count:4	thread_sched:GUIDED	thread_bind:false	gpu_graph_mem:DEVICE	gpu_par_randomized:false	sorted:false	edge_sort_key:degree	edge_order:asc	separate_singletons:true	lambda:0Initializing the shares for Hybrid platform.
	time_init:9665.90	time_par:626.46	rmt_vertex:50	rmt_edge:50	beta:2	pid0:50,50,25,25	pid1:0,0,0,0	pid2:50,50,25,25	
total	exec	init	comp	comm	finalize	cpu_comp	gpu_comp	gpu_total_comp	scatter	gather	aggr	trv_edges	exec_rate
490.22	419.76	5.02	323.74	96.01	0.00	222.16	293.64	293.64	40.58	15.91	2.90	67108862	0.1599
560.70	508.94	4.88	425.63	83.29	0.00	205.06	406.02	406.02	41.31	18.43	0.78	67108862	0.1319
827.31	745.82	3.22	660.42	85.39	0.00	197.98	648.93	648.93	52.76	14.87	1.02	67108862	0.0900
464.66	406.03	6.85	251.66	154.36	0.00	169.36	234.64	234.64	36.93	9.67	1.01	67108862	0.1653
2532.37	2464.45	3.57	2360.20	104.24	0.00	491.67	2311.00	2311.00	11.36	14.80	0.79	67108862	0.0272
611.40	556.73	3.83	354.37	202.36	0.00	201.62	333.50	333.50	34.33	13.73	1.10	67108862	0.1205
534.37	465.32	1.54	314.72	150.54	0.00	160.65	306.36	306.36	39.48	13.00	0.82	67108862	0.1442
1687.71	1620.42	3.37	1427.50	192.90	0.00	339.62	1397.30	1397.30	20.93	16.04	5.03	67108862	0.0414
3472.37	3422.41	1.96	3284.91	137.49	0.00	500.01	3263.27	3263.27	8.76	9.97	0.78	67108862	0.0196
973.65	907.38	3.44	345.74	561.63	0.00	230.00	300.15	300.15	58.45	14.70	0.83	67108862	0.0740
1052.54	985.43	3.75	859.51	125.91	0.00	290.92	843.69	843.69	37.08	15.62	0.89	67108862	0.0681
3546.24	3484.81	4.29	3374.75	110.06	0.00	514.44	3344.96	3344.96	11.53	11.57	5.70	67108862	0.0193
770.09	700.59	4.15	549.62	150.95	0.00	225.39	523.96	523.96	38.33	17.83	1.08	67108862	0.0958
593.59	522.46	4.53	351.18	171.26	0.00	183.65	316.96	316.96	52.43	14.42	0.90	67108862	0.1284
2484.99	2427.58	2.06	2320.71	106.86	0.00	430.15	2281.45	2281.45	10.79	12.84	0.80	67108862	0.0276
2551.95	2490.24	2.96	2335.51	154.72	0.00	479.27	2283.48	2283.48	10.64	13.55	1.07	67108862	0.0269
1674.90	1617.76	1.60	1471.11	146.64	0.00	364.31	1439.23	1439.23	10.77	12.73	1.16	67108862	0.0415
457.09	384.24	1.64	261.33	122.90	0.00	168.78	249.57	249.57	38.48	16.57	5.45	67108862	0.1747
664.06	608.17	3.22	482.99	125.18	0.00	183.87	464.72	464.72	28.43	14.53	0.79	67108862	0.1103
3921.54	3834.70	24.33	3563.28	271.39	0.00	607.19	3497.68	3497.68	15.49	15.50	0.88	67108862	0.0175
451.88	378.05	4.13	250.20	127.83	0.00	175.48	233.06	233.06	42.71	14.98	5.36	67108862	0.1775
3749.95	3689.24	4.22	3600.78	88.46	0.00	589.07	3548.70	3548.70	10.41	15.09	0.78	67108862	0.0182
422.70	356.95	1.54	225.02	131.92	0.00	176.42	202.88	202.88	45.96	14.04	1.07	67108862	0.1880
1975.05	1909.25	3.85	1762.09	147.15	0.00	451.09	1739.36	1739.36	12.90	17.00	1.11	67108862	0.0351
1090.69	1035.34	3.45	885.45	149.81	0.00	267.76	863.73	863.73	33.10	15.02	0.80	67108862	0.0648
1533.18	1473.29	4.47	1337.23	136.04	0.00	348.82	1302.14	1302.14	13.01	12.82	6.16	67108862	0.0456
683.86	613.34	4.54	456.38	156.95	0.01	210.51	444.98	444.98	60.61	14.24	1.02	67108862	0.1094
491.82	421.68	3.95	305.00	116.67	0.00	168.44	284.32	284.32	46.53	14.33	4.07	67108862	0.1591
1578.36	1526.10	3.14	1435.93	90.15	0.00	366.83	1406.11	1406.11	10.37	15.53	5.53	67108862	0.0440
1784.07	1712.11	8.32	1533.23	178.85	0.00	419.34	1497.33	1497.33	13.59	21.56	1.04	67108862	0.0392
725.07	651.40	3.96	543.90	107.48	0.00	212.26	532.84	532.84	41.78	14.53	0.90	67108862	0.1030
1782.36	1704.21	4.86	1625.69	78.51	0.00	417.89	1605.85	1605.85	13.16	20.77	1.14	67108862	0.0394
731.92	652.43	4.76	544.79	107.62	0.00	269.85	515.02	515.02	35.33	13.75	1.10	67108862	0.1029
1265.08	1202.09	5.27	1117.83	84.25	0.00	407.65	1078.24	1078.24	29.67	20.63	0.97	67108862	0.0558
712.40	638.72	3.06	544.89	93.82	0.00	197.68	525.47	525.47	51.39	17.34	1.01	67108862	0.1051
1000.63	933.06	3.96	864.91	68.13	0.00	336.27	833.10	833.10	12.29	19.57	0.76	67108862	0.0719
704.27	645.83	3.49	440.12	205.70	0.00	243.36	421.42	421.42	34.13	15.07	1.00	67108862	0.1039
1315.06	1249.25	3.83	968.05	281.19	0.00	313.89	938.03	938.03	20.90	24.22	0.80	67108862	0.0537
1129.07	1063.00	4.09	882.72	180.26	0.00	266.65	846.86	846.86	18.05	14.34	1.08	67108862	0.0631
3661.32	3604.29	3.12	3473.85	130.42	0.00	546.24	3448.14	3448.14	14.81	12.77	1.28	67108862	0.0186
711.43	653.78	1.56	347.84	305.93	0.00	138.31	328.55	328.55	44.19	8.69	1.17	67108862	0.1026
918.61	854.77	4.29	609.30	245.45	0.00	227.77	571.51	571.51	17.17	16.14	0.83	67108862	0.0785
709.94	653.49	3.36	525.47	128.01	0.00	190.80	514.75	514.75	37.62	13.71	0.94	67108862	0.1027
773.09	714.61	4.20	478.06	236.53	0.00	189.48	456.75	456.75	44.69	15.62	1.31	67108862	0.0939
611.26	543.06	4.58	318.91	224.14	0.00	202.29	285.26	285.26	57.53	13.83	4.38	67108862	0.1236
3618.43	3554.85	4.10	3391.98	162.86	0.00	576.62	3334.09	3334.09	15.23	14.57	0.83	67108862	0.0189
928.90	868.68	2.54	703.84	164.83	0.00	262.30	681.13	681.13	28.03	14.72	3.70	67108862	0.0773
1713.21	1648.19	1.82	1547.30	100.87	0.00	354.60	1525.48	1525.48	8.93	12.51	0.80	67108862	0.0407
1103.30	1034.23	3.58	709.10	325.11	0.00	268.79	691.09	691.09	29.40	17.41	0.89	67108862	0.0649
620.51	564.07	3.82	327.47	236.59	0.00	187.94	306.56	306.56	40.02	11.10	0.96	67108862	0.1190
554.43	487.50	2.99	241.82	245.67	0.00	186.55	209.22	209.22	55.93	13.63	5.71	67108862	0.1377
1117.45	1048.27	3.35	905.88	142.38	0.00	285.05	873.50	873.50	12.02	16.83	2.00	67108862	0.0640
872.48	814.69	6.23	579.01	235.66	0.00	218.27	550.08	550.08	49.97	15.31	0.98	67108862	0.0824
568.72	510.54	4.29	235.58	274.95	0.00	176.44	201.40	201.40	43.25	14.15	0.96	67108862	0.1314
1065.03	997.29	1.60	728.46	268.82	0.00	281.33	700.85	700.85	21.37	17.81	6.21	67108862	0.0673
829.32	764.97	4.12	552.13	212.83	0.00	224.54	530.20	530.20	39.89	14.64	1.08	67108862	0.0877
375.37	314.06	2.11	237.66	76.39	0.00	127.61	224.16	224.16	34.75	9.87	0.94	67108862	0.2137
703.13	635.94	6.76	453.67	182.26	0.00	186.20	437.97	437.97	53.01	12.08	2.36	67108862	0.1055
1549.96	1487.07	3.73	1252.06	234.99	0.00	338.35	1220.72	1220.72	15.95	16.83	0.76	67108862	0.0451
1460.40	1380.97	3.58	1092.95	288.01	0.00	291.96	1065.42	1065.42	25.10	14.50	0.87	67108862	0.0486
1121.29	1054.15	3.20	857.85	196.29	0.00	275.49	832.73	832.73	18.80	17.90	0.79	67108862	0.0637
716.31	653.72	3.37	377.81	275.89	0.00	177.09	356.86	356.86	38.67	9.45	1.04	67108862	0.1027
2484.28	2419.50	3.86	2160.59	258.90	0.00	421.03	2119.22	2119.22	13.72	12.59	0.99	67108862	0.0277
646.76	575.79	3.38	444.32	131.46	0.00	174.11	426.50	426.50	41.60	12.35	5.83	67108862	0.1166
600.12	537.37	4.10	332.35	205.01	0.00	181.46	311.21	311.21	45.23	14.66	0.78	67108862	0.1249
493.87	432.11	3.12	306.02	126.08	0.00	176.09	287.74	287.74	54.26	9.19	1.02	67108862	0.1553
663.78	597.95	4.93	250.38	347.56	0.00	196.49	213.59	213.59	48.99	14.76	1.22	67108862	0.1122
3762.97	3696.28	5.15	3442.78	253.49	0.00	571.56	3380.56	3380.56	16.11	12.89	3.98	67108862	0.0182
3175.27	3117.92	4.66	2817.55	300.36	0.00	523.65	2774.45	2774.45	15.35	12.35	0.99	67108862	0.0215
738.47	668.94	5.45	297.61	371.32	0.00	233.43	262.85	262.85	58.28	13.13	6.68	67108862	0.1003
614.59	548.85	4.12	299.23	249.61	0.00	187.45	269.51	269.51	42.77	14.72	0.99	67108862	0.1223
729.93	662.00	3.13	439.81	222.18	0.00	180.98	416.08	416.08	36.04	13.08	0.80	67108862	0.1014
695.50	630.08	1.80	461.77	168.31	0.00	174.93	447.61	447.61	53.71	12.74	0.94	67108862	0.1065
2486.78	2425.25	4.58	2224.83	200.41	0.00	420.85	2199.33	2199.33	13.45	18.44	1.74	67108862	0.0277
616.69	562.70	3.57	328.16	234.52	0.00	183.89	306.99	306.99	32.86	14.01	1.25	67108862	0.1193
1320.98	1248.05	3.22	1033.25	214.78	0.00	316.09	990.81	990.81	20.61	13.85	1.00	67108862	0.0538
766.67	700.30	3.63	371.66	328.63	0.00	187.81	349.58	349.58	53.21	14.49	1.10	67108862	0.0958
2670.79	2600.58	3.27	2250.68	349.89	0.00	499.92	2208.60	2208.60	16.23	16.96	0.93	67108862	0.0258
1061.88	991.59	4.12	851.83	139.75	0.00	247.21	831.82	831.82	16.52	16.73	1.02	67108862	0.0677
481.13	402.21	3.63	306.17	96.02	0.00	223.80	290.29	290.29	60.05	17.76	1.69	67108862	0.1669
611.62	550.59	4.57	447.85	102.73	0.00	272.18	429.62	429.62	68.10	17.20	1.04	67108862	0.1219
1358.76	1275.75	3.79	1213.60	62.13	0.00	304.78	1193.36	1193.36	9.39	11.54	1.09	67108862	0.0526
581.83	506.81	11.86	420.72	86.08	0.00	217.05	404.85	404.85	42.89	10.83	0.82	67108862	0.1324
811.67	741.41	3.69	674.25	67.15	0.00	303.72	651.24	651.24	25.53	18.50	0.85	67108862	0.0905
763.48	692.31	4.46	622.04	70.25	0.00	313.27	593.35	593.35	19.50	16.41	1.02	67108862	0.0969
5506.56	5443.71	4.34	5375.80	67.89	0.00	576.75	5325.76	5325.76	15.34	19.20	0.95	67108862	0.0123
1309.13	1226.62	2.55	1163.83	62.78	0.00	258.52	1126.27	1126.27	14.51	12.87	0.76	67108862	0.0547
626.07	536.67	3.85	443.34	93.32	0.00	240.96	414.15	414.15	27.34	18.44	0.86	67108862	0.1250
2787.11	2719.96	7.80	2607.64	112.31	0.00	627.23	2537.65	2537.65	17.19	25.92	0.96	67108862	0.0247
1500.20	1436.74	3.48	1366.08	70.64	0.00	367.82	1346.71	1346.71	17.03	21.07	0.79	67108862	0.0467
1121.93	1048.90	4.12	773.66	275.23	0.00	246.93	767.32	767.32	80.33	15.73	2.24	67108862	0.0640
2404.13	2319.40	3.85	1722.15	597.24	0.00	411.62	1683.15	1683.15	9.43	17.27	0.90	67108862	0.0289
1023.29	954.21	4.12	466.20	488.01	0.00	204.24	441.97	441.97	60.50	11.70	1.36	67108862	0.0703
968.20	904.28	3.35	547.46	356.80	0.00	182.47	517.43	517.43	61.49	18.77	1.14	67108862	0.0742
959.79	892.62	3.06	549.03	343.57	0.00	225.19	528.20	528.20	39.97	21.37	0.97	67108862	0.0752
1013.15	934.88	4.09	385.97	548.89	0.00	222.12	351.34	351.34	48.74	14.78	6.12	67108862	0.0718
1026.84	964.84	3.07	402.47	562.35	0.00	203.43	378.19	378.19	72.48	15.16	0.98	67108862	0.0696
960.45	878.60	3.82	310.66	567.92	0.00	188.09	293.18	293.18	48.01	14.08	0.79	67108862	0.0764
1256.67	1182.36	3.69	747.18	435.18	0.00	269.69	728.13	728.13	94.86	13.13	0.95	67108862	0.0568
1983.14	1917.39	4.11	1558.10	359.28	0.00	353.52	1526.57	1526.57	28.14	24.81	3.22	67108862	0.0350
SCALE: 21
nvtx: 2097152
edgefactor: 16
terasize: 5.36870911999999989e-04
A: 5.69999999999999951e-01
B: 1.90000000000000002e-01
C: 1.90000000000000002e-01
D: 5.00000000000000444e-02
generation_time: 0.00000000000000000e+00
construction_time: 2.44185561610000015e+01
nbfs: 100
min_time: 3.16175999939441676e-01
firstquartile_time: 6.13016249984502770e-01
median_time: 9.09225499987602270e-01
thirdquartile_time: 1.59683124999701986e+00
max_time: 5.44804800003767031e+00
mean_time: 1.25626059999525541e+00
stddev_time: 9.94940216300706282e-01
min_nedge: 3.35540490000000000e+07
firstquartile_nedge: 3.35540490000000000e+07
median_nedge: 3.35540490000000000e+07
thirdquartile_nedge: 3.35540490000000000e+07
max_nedge: 3.35540490000000000e+07
mean_nedge: 3.35540490000000000e+07
stddev_nedge: 0.00000000000000000e+00
min_TEPS: 6.15891214610590693e+06
firstquartile_TEPS: 2.25570562605319731e+07
median_TEPS: 3.77437574226585925e+07
thirdquartile_TEPS: 5.73648256197263300e+07
max_TEPS: 1.06124592019719169e+08
harmonic_mean_TEPS: 2.67094653769502155e+07
harmonic_stddev_TEPS: 2.12600775513168424e+06
