[BASH] Running the hybrid graph500 for scale 16 with sorted edges
file:/dev/null	benchmark:GRAPH500	vertices:65536	edges:2097150	partitioning:RANDOM	platform:HYBRID	alpha:50	repeat:1	gpu_count:1	thread_count:4	thread_sched:GUIDED	thread_bind:false	gpu_graph_mem:DEVICE	gpu_par_randomized:false	sorted:false	edge_sort_key:degree	edge_order:asc	separate_singletons:true	lambda:0Initializing the shares for Hybrid platform.
	time_init:253.63	time_par:17.28	rmt_vertex:62	rmt_edge:50	beta:2	pid0:50,52,31,25	pid1:0,0,0,0	pid2:50,48,31,25	
total	exec	init	comp	comm	finalize	cpu_comp	gpu_comp	gpu_total_comp	scatter	gather	aggr	trv_edges	exec_rate
68.99	64.10	1.80	48.56	15.53	0.00	25.44	38.02	38.02	3.81	3.76	0.13	2097150	0.0327
54.67	49.62	1.79	34.17	15.44	0.00	23.31	26.70	26.70	5.54	4.52	0.14	2097150	0.0423
93.26	88.18	1.83	71.70	16.47	0.00	24.93	64.99	64.99	4.83	5.43	0.19	2097150	0.0238
217.97	210.76	2.56	194.61	16.14	0.00	38.90	179.52	179.52	5.28	4.77	0.13	2097150	0.0100
73.97	68.71	2.02	52.59	16.10	0.00	24.84	43.78	43.78	5.69	3.96	0.13	2097150	0.0305
51.53	46.03	1.83	30.05	15.97	0.00	25.12	18.78	18.78	4.94	4.41	0.55	2097150	0.0456
48.16	42.41	2.53	28.20	14.19	0.00	23.53	18.81	18.81	4.62	4.11	0.16	2097150	0.0495
58.83	53.74	2.08	39.48	14.25	0.00	23.76	32.46	32.46	5.79	3.47	0.16	2097150	0.0390
108.94	103.33	2.41	87.71	15.61	0.00	30.93	75.60	75.60	3.79	5.02	0.13	2097150	0.0203
45.05	39.05	2.87	25.18	13.85	0.00	23.06	15.42	15.42	4.34	4.02	0.14	2097150	0.0537
110.92	104.67	2.60	91.13	13.53	0.00	26.39	84.56	84.56	6.31	4.09	0.61	2097150	0.0200
331.43	322.12	2.76	296.25	25.86	0.00	57.70	260.76	260.76	6.17	8.30	1.45	2097150	0.0065
73.40	67.29	2.85	51.43	15.84	0.00	27.57	39.69	39.69	5.20	4.39	0.17	2097150	0.0312
62.12	56.48	2.58	44.85	11.62	0.00	25.35	32.11	32.11	2.16	3.63	0.12	2097150	0.0371
47.69	42.08	2.57	27.82	14.24	0.00	23.10	17.20	17.20	4.34	4.84	0.17	2097150	0.0498
348.26	342.80	2.25	314.91	27.87	0.00	47.43	296.34	296.34	5.92	5.13	0.18	2097150	0.0061
65.73	59.58	1.78	44.40	15.16	0.00	23.66	37.20	37.20	5.59	4.51	0.13	2097150	0.0352
44.83	39.75	2.10	27.38	12.35	0.00	21.65	19.28	19.28	3.98	3.60	0.13	2097150	0.0528
56.41	51.52	1.82	36.67	14.84	0.00	24.01	28.48	28.48	5.91	3.91	0.17	2097150	0.0407
342.70	333.98	1.75	321.50	12.47	0.00	44.01	304.82	304.82	3.73	1.58	0.61	2097150	0.0063
98.79	92.30	2.88	70.59	21.70	0.00	37.66	55.14	55.14	6.56	4.48	0.57	2097150	0.0227
150.08	144.29	2.58	129.17	15.12	0.00	39.51	116.03	116.03	4.13	4.72	0.13	2097150	0.0145
48.72	44.03	1.85	28.69	15.32	0.00	25.45	17.25	17.25	3.44	4.49	0.18	2097150	0.0476
72.57	67.20	2.55	52.41	14.78	0.00	26.13	41.81	41.81	4.46	4.05	0.16	2097150	0.0312
46.17	40.69	2.46	27.75	12.93	0.00	23.54	19.96	19.96	3.21	3.60	0.14	2097150	0.0515
48.91	44.25	1.84	27.08	17.15	0.00	25.03	18.18	18.18	4.26	4.58	0.17	2097150	0.0474
49.51	43.80	2.67	31.06	12.73	0.00	22.19	23.65	23.65	3.79	3.45	0.18	2097150	0.0479
38.83	35.59	2.02	23.42	12.17	0.00	15.83	18.45	18.45	2.80	1.07	0.11	2097150	0.0589
28.84	26.46	1.13	19.06	7.39	0.00	3.37	19.06	19.06	1.50	0.54	0.13	2097150	0.0793
32.56	30.27	1.06	23.62	6.64	0.00	3.48	23.62	23.62	1.32	0.56	0.11	2097150	0.0693
30.90	28.35	1.31	21.60	6.74	0.00	3.96	21.60	21.60	1.69	0.52	0.13	2097150	0.0740
29.88	27.56	1.09	20.09	7.46	0.00	3.68	20.09	20.09	1.29	0.56	0.12	2097150	0.0761
31.44	28.94	1.27	22.23	6.70	0.00	3.29	22.23	22.23	1.39	0.57	0.12	2097150	0.0725
37.81	35.48	1.13	27.10	8.37	0.00	3.39	27.10	27.10	1.53	0.86	0.12	2097150	0.0591
380.57	375.90	1.13	353.08	22.81	0.00	56.79	320.25	320.25	7.17	6.76	0.53	2097150	0.0056
67.02	61.64	1.38	47.42	14.21	0.00	26.44	41.02	41.02	5.68	3.97	0.55	2097150	0.0340
77.75	71.49	2.52	56.25	15.22	0.00	24.87	48.78	48.78	4.17	4.62	0.75	2097150	0.0293
115.34	110.63	1.67	96.95	13.67	0.00	27.24	86.03	86.03	2.66	4.01	0.12	2097150	0.0190
54.80	48.58	2.57	34.20	14.37	0.00	24.54	24.53	24.53	3.86	3.91	0.55	2097150	0.0432
71.57	66.88	1.85	51.51	15.36	0.00	23.66	43.87	43.87	5.21	4.60	0.17	2097150	0.0314
123.22	118.74	1.42	107.85	10.88	0.00	23.85	104.03	104.03	4.67	3.44	0.13	2097150	0.0177
643.37	635.86	2.58	616.39	19.47	0.00	53.93	593.98	593.98	6.64	6.24	0.12	2097150	0.0033
176.16	170.43	2.96	152.26	18.16	0.00	38.96	133.70	133.70	5.08	5.84	0.12	2097150	0.0123
55.88	50.10	2.50	35.68	14.41	0.00	26.61	24.54	24.54	3.82	4.02	0.16	2097150	0.0419
61.15	55.83	1.72	44.10	11.72	0.00	20.81	38.09	38.09	4.04	3.83	0.55	2097150	0.0376
64.85	60.17	1.70	48.99	11.18	0.00	26.33	40.75	40.75	6.62	3.85	0.12	2097150	0.0349
151.22	145.47	2.49	134.01	11.45	0.00	29.16	122.67	122.67	2.92	4.58	0.13	2097150	0.0144
46.35	40.99	1.70	27.76	13.23	0.00	24.82	16.73	16.73	4.97	3.93	0.55	2097150	0.0512
45.82	41.07	1.70	28.49	12.57	0.00	23.66	18.10	18.10	3.46	3.78	0.13	2097150	0.0511
72.63	68.32	1.24	56.94	11.37	0.00	24.26	51.80	51.80	4.72	3.56	0.12	2097150	0.0307
54.68	49.64	2.02	38.49	11.14	0.00	24.17	27.85	27.85	2.51	3.64	0.14	2097150	0.0422
76.86	72.58	1.24	59.91	12.66	0.00	23.82	51.17	51.17	2.96	3.60	0.12	2097150	0.0289
42.19	37.44	1.72	26.18	11.25	0.00	21.51	17.76	17.76	3.99	3.60	0.12	2097150	0.0560
47.77	43.50	1.25	32.61	10.88	0.00	21.61	24.70	24.70	3.72	3.60	0.12	2097150	0.0482
80.23	75.96	1.28	64.77	11.18	0.00	26.99	52.69	52.69	2.16	3.63	0.12	2097150	0.0276
42.75	38.43	1.27	26.69	11.73	0.00	23.49	15.85	15.85	3.17	3.61	0.12	2097150	0.0546
49.52	44.54	1.97	31.51	13.02	0.00	24.87	19.68	19.68	3.40	4.63	0.12	2097150	0.0471
70.65	64.89	2.01	49.28	15.60	0.00	27.73	39.16	39.16	4.19	4.44	0.58	2097150	0.0323
66.63	60.78	2.21	45.09	15.67	0.00	25.72	36.57	36.57	3.33	3.44	0.54	2097150	0.0345
54.05	49.39	1.85	35.24	14.13	0.00	24.30	27.98	27.98	4.46	4.37	0.14	2097150	0.0425
53.81	48.55	2.24	36.66	11.88	0.00	21.78	28.86	28.86	3.84	3.58	0.13	2097150	0.0432
84.26	79.01	2.19	66.51	12.48	0.00	25.23	54.76	54.76	2.14	3.58	0.12	2097150	0.0265
394.24	388.63	1.87	362.42	26.20	0.00	62.95	325.64	325.64	5.48	7.40	0.68	2097150	0.0054
64.24	58.89	2.32	42.39	16.49	0.00	26.51	34.61	34.61	3.95	4.49	0.16	2097150	0.0356
77.87	71.48	2.75	55.68	15.79	0.00	26.26	48.54	48.54	5.41	3.90	0.57	2097150	0.0293
63.92	58.23	2.03	44.81	13.41	0.00	23.24	36.59	36.59	5.04	4.38	0.57	2097150	0.0360
60.30	54.94	2.55	41.81	13.12	0.00	26.66	27.40	27.40	3.38	4.00	0.13	2097150	0.0382
34.22	29.29	1.87	20.41	8.88	0.00	14.07	13.30	13.30	2.77	2.25	0.12	2097150	0.0716
45.03	40.20	1.79	27.15	13.04	0.00	22.93	17.15	17.15	3.33	3.57	0.16	2097150	0.0522
108.05	102.97	2.06	89.37	13.58	0.00	30.18	77.40	77.40	2.21	3.58	0.16	2097150	0.0204
44.29	38.48	2.76	24.60	13.86	0.00	22.24	14.26	14.26	4.13	3.58	0.16	2097150	0.0545
48.72	42.18	2.89	26.57	15.60	0.00	24.16	17.53	17.53	4.87	4.38	0.59	2097150	0.0497
38.78	33.67	2.04	22.09	11.56	0.00	19.22	16.03	16.03	3.79	3.49	0.18	2097150	0.0623
58.52	53.87	1.62	39.68	14.18	0.00	24.51	30.13	30.13	2.47	3.59	0.16	2097150	0.0389
45.12	40.33	1.74	25.98	14.34	0.00	23.28	16.38	16.38	3.09	3.51	0.15	2097150	0.0520
56.92	52.02	1.87	37.95	14.06	0.00	24.30	29.09	29.09	2.99	3.53	0.18	2097150	0.0403
258.94	253.80	1.64	238.30	15.49	0.00	32.82	225.43	225.43	2.17	3.52	0.57	2097150	0.0083
55.37	49.77	2.15	34.29	15.47	0.00	26.52	23.87	23.87	3.85	4.76	0.14	2097150	0.0421
107.10	102.45	1.85	86.65	15.80	0.00	26.54	75.26	75.26	3.40	4.63	0.14	2097150	0.0205
51.14	46.32	1.84	34.27	12.04	0.00	24.25	22.80	22.80	2.68	3.60	0.15	2097150	0.0453
75.80	70.12	2.58	56.62	13.50	0.00	25.38	48.87	48.87	5.92	3.77	0.13	2097150	0.0299
61.26	55.45	2.59	40.11	15.33	0.00	26.74	29.02	29.02	5.16	4.33	0.15	2097150	0.0378
231.78	224.67	2.53	209.66	15.00	0.00	43.78	193.06	193.06	3.74	4.65	0.13	2097150	0.0093
73.97	68.58	2.31	54.08	14.49	0.00	25.63	46.02	46.02	4.81	3.56	0.15	2097150	0.0306
59.73	53.86	2.57	38.86	14.99	0.00	24.46	29.95	29.95	5.00	4.44	0.17	2097150	0.0389
46.93	41.31	2.59	29.79	11.50	0.00	21.74	20.38	20.38	4.22	3.57	0.13	2097150	0.0508
52.17	47.72	1.43	35.47	12.24	0.00	23.59	25.14	25.14	2.62	3.60	0.15	2097150	0.0439
114.18	109.76	1.40	96.40	13.34	0.00	26.50	86.54	86.54	2.56	3.61	0.13	2097150	0.0191
78.19	72.58	2.58	59.22	13.35	0.00	29.03	44.80	44.80	3.47	4.42	0.12	2097150	0.0289
53.84	48.04	2.54	33.60	14.43	0.00	26.26	22.89	22.89	4.04	4.36	0.13	2097150	0.0436
62.77	57.72	1.88	43.32	14.38	0.00	25.33	35.80	35.80	5.65	3.90	0.13	2097150	0.0363
45.71	41.06	1.61	28.62	12.43	0.00	22.02	18.45	18.45	4.23	3.56	0.13	2097150	0.0511
49.97	44.59	2.50	28.88	15.70	0.00	25.51	19.61	19.61	5.79	4.10	0.19	2097150	0.0470
58.47	53.52	1.65	38.67	14.85	0.00	23.16	30.84	30.84	3.88	3.71	0.15	2097150	0.0392
72.42	67.47	2.10	50.77	16.69	0.00	23.02	43.53	43.53	5.54	4.40	0.16	2097150	0.0311
63.33	57.80	2.74	43.80	13.99	0.00	25.53	32.07	32.07	3.81	4.41	0.13	2097150	0.0363
75.84	71.36	1.42	59.24	12.11	0.00	26.40	47.65	47.65	2.55	3.62	0.13	2097150	0.0294
45.42	39.83	2.59	25.22	14.60	0.00	23.63	13.45	13.45	4.50	3.86	0.17	2097150	0.0527
53.02	48.38	1.60	34.32	14.05	0.00	21.40	26.58	26.58	3.96	3.73	0.17	2097150	0.0433
57.79	52.76	2.20	35.38	17.37	0.00	24.33	28.35	28.35	4.85	4.47	0.19	2097150	0.0397
SCALE: 16
nvtx: 65536
edgefactor: 16
terasize: 1.67772159999999997e-05
A: 5.69999999999999951e-01
B: 1.90000000000000002e-01
C: 1.90000000000000002e-01
D: 5.00000000000000444e-02
generation_time: 0.00000000000000000e+00
construction_time: 4.61453832999999980e-01
nbfs: 100
min_time: 2.75889999866485609e-02
firstquartile_time: 4.52732499986886958e-02
median_time: 5.75155000686645504e-02
thirdquartile_time: 7.49310000389814407e-02
max_time: 6.38443000018596662e-01
mean_time: 8.71039199990034096e-02
stddev_time: 9.28096139133236936e-02
min_nedge: 1.00000000000000000e+00
firstquartile_nedge: 1.04856600000000000e+06
median_nedge: 1.04856600000000000e+06
thirdquartile_nedge: 1.04856600000000000e+06
max_nedge: 1.04856600000000000e+06
mean_nedge: 1.03808034999999998e+06
stddev_nedge: 1.04856500000000000e+05
min_TEPS: 2.97859285288086406e+00
firstquartile_TEPS: 1.41763421924876180e+07
median_TEPS: 1.86825691383216269e+07
thirdquartile_TEPS: 2.34071292380863205e+07
max_TEPS: 3.80066693431238458e+07
harmonic_mean_TEPS: 2.97852199575651071e+02
harmonic_stddev_TEPS: 2.99345530761378939e+02
