[BASH] Running the hybrid graph500 for scale 15 with sorted edges
file:/dev/null	benchmark:GRAPH500	vertices:32768	edges:1048574	partitioning:RANDOM	platform:HYBRID	alpha:50	repeat:1	gpu_count:1	thread_count:2	thread_sched:GUIDED	thread_bind:false	gpu_graph_mem:DEVICE	gpu_par_randomized:false	sorted:false	edge_sort_key:degree	edge_order:asc	separate_singletons:true	lambda:0Initializing the shares for Hybrid platform.
	time_init:240.39	time_par:8.35	rmt_vertex:64	rmt_edge:50	beta:2	pid0:50,48,32,25	pid1:0,0,0,0	pid2:50,52,33,25	
total	exec	init	comp	comm	finalize	cpu_comp	gpu_comp	gpu_total_comp	scatter	gather	aggr	trv_edges	exec_rate
44.81	42.61	0.96	36.81	5.79	0.00	3.78	36.81	36.81	1.19	0.63	0.11	1048574	0.0246
44.78	42.70	0.88	37.05	5.64	0.00	7.91	37.05	37.05	0.41	0.71	0.09	1048574	0.0246
17.08	15.09	0.78	10.04	5.04	0.00	4.25	10.04	10.04	1.09	0.68	0.10	1048574	0.0695
22.23	20.24	0.80	15.28	4.94	0.00	5.69	15.28	15.28	0.69	0.67	0.10	1048574	0.0518
30.28	26.95	2.11	20.49	6.46	0.00	5.51	20.49	20.49	0.33	0.68	0.14	1048574	0.0389
63.03	60.52	1.30	53.58	6.93	0.00	9.14	53.45	53.45	0.33	0.68	0.13	1048574	0.0173
27.52	25.24	1.06	19.23	6.00	0.00	7.05	19.23	19.23	0.26	0.66	0.14	1048574	0.0415
59.84	57.54	1.05	52.13	5.40	0.00	11.18	52.13	52.13	0.27	0.95	0.13	1048574	0.0182
25.39	22.95	1.24	17.21	5.73	0.00	6.29	17.21	17.21	0.26	0.66	0.13	1048574	0.0457
28.97	26.51	1.25	19.91	6.60	0.00	7.25	19.86	19.86	0.42	0.66	0.13	1048574	0.0396
85.94	82.46	1.08	72.19	10.26	0.00	18.82	67.06	67.06	1.81	0.86	0.10	1048574	0.0127
36.12	33.71	1.07	28.47	5.24	0.00	9.30	28.19	28.19	0.23	0.69	0.13	1048574	0.0311
31.41	29.15	1.03	23.49	5.65	0.00	8.83	23.16	23.16	0.28	0.67	0.13	1048574	0.0360
17.79	15.34	1.24	9.33	6.00	0.00	4.15	8.52	8.52	1.09	0.68	0.13	1048574	0.0684
73.10	70.83	1.06	64.94	5.88	0.00	11.78	64.58	64.58	0.32	0.69	0.13	1048574	0.0148
39.97	37.72	1.03	32.56	5.16	0.00	9.50	32.31	32.31	0.21	0.68	0.14	1048574	0.0278
20.02	17.22	1.48	11.09	6.12	0.00	4.64	11.09	11.09	1.06	0.79	0.13	1048574	0.0609
16.26	14.00	1.04	8.13	5.87	0.00	3.73	7.96	7.96	1.09	0.67	0.13	1048574	0.0749
18.66	15.98	1.33	9.38	6.60	0.00	4.07	8.96	8.96	1.05	0.64	0.14	1048574	0.0656
18.47	16.03	1.21	10.11	5.91	0.00	4.03	10.11	10.11	1.05	0.65	0.14	1048574	0.0654
25.94	23.52	1.20	16.95	6.56	0.00	5.21	16.95	16.95	0.38	0.64	0.14	1048574	0.0446
115.46	113.18	1.07	106.93	6.24	0.00	13.77	106.59	106.59	0.44	0.71	0.13	1048574	0.0093
112.44	108.57	1.08	97.10	11.45	0.00	26.60	87.88	87.88	2.43	2.52	0.14	1048574	0.0097
119.13	113.14	2.80	92.26	20.87	0.00	40.58	80.64	80.64	2.91	4.75	0.15	1048574	0.0093
42.47	37.48	2.28	20.00	17.47	0.00	19.67	9.47	9.47	4.11	4.99	0.16	1048574	0.0280
60.02	54.54	2.80	36.61	17.91	0.00	26.24	26.56	26.56	3.40	4.15	0.16	1048574	0.0192
44.71	39.44	2.54	26.34	13.09	0.00	20.16	21.01	21.01	4.39	4.12	0.19	1048574	0.0266
80.97	75.26	2.59	57.61	17.65	0.00	26.41	46.14	46.14	2.78	4.40	0.15	1048574	0.0139
42.15	36.14	2.79	20.49	15.64	0.00	20.02	13.18	13.18	3.67	4.29	0.60	1048574	0.0290
43.88	37.76	2.60	24.17	13.59	0.00	20.18	17.79	17.79	3.77	4.51	0.58	1048574	0.0278
43.09	38.98	2.11	23.26	15.70	0.00	20.05	16.31	16.31	4.46	4.97	0.17	1048574	0.0269
123.58	121.25	1.07	114.27	6.97	0.00	11.65	114.27	114.27	0.41	0.70	0.14	1048574	0.0086
18.25	15.79	1.25	9.22	6.56	0.00	4.49	9.22	9.22	0.82	0.70	0.13	1048574	0.0664
21.49	19.01	1.24	12.48	6.52	0.00	4.28	12.48	12.48	1.34	0.66	0.16	1048574	0.0552
85.94	83.66	1.07	77.52	6.13	0.00	11.28	77.13	77.13	0.34	0.80	0.14	1048574	0.0125
15.69	13.23	1.25	7.38	5.84	0.00	4.62	6.25	6.25	0.18	0.64	0.14	1048574	0.0793
50.16	47.76	1.20	41.44	6.32	0.00	11.14	40.99	40.99	0.37	0.72	0.13	1048574	0.0220
17.87	15.56	1.00	7.97	7.58	0.00	4.63	7.95	7.95	1.59	0.64	0.13	1048574	0.0674
20.16	17.71	1.17	11.85	5.85	0.00	5.42	11.85	11.85	0.20	0.80	0.13	1048574	0.0592
24.49	21.45	1.79	15.30	6.14	0.00	5.06	15.30	15.30	0.28	0.64	0.14	1048574	0.0489
24.72	22.28	1.15	13.94	8.33	0.00	8.34	12.61	12.61	3.14	1.57	0.14	1048574	0.0471
21.84	18.82	1.56	12.87	5.94	0.00	3.81	12.87	12.87	1.18	0.68	0.14	1048574	0.0557
22.30	19.91	1.16	13.62	6.28	0.00	3.71	13.62	13.62	1.31	0.66	0.14	1048574	0.0527
98.72	96.52	0.98	89.90	6.61	0.00	11.56	89.83	89.83	0.31	0.71	0.13	1048574	0.0109
61.46	59.27	0.97	53.81	5.46	0.00	11.63	53.33	53.33	0.24	0.70	0.13	1048574	0.0177
16.18	13.53	1.44	7.49	6.03	0.00	4.14	7.20	7.20	1.03	0.64	0.13	1048574	0.0775
15.87	13.68	0.98	7.70	5.97	0.00	4.56	7.70	7.70	0.61	0.73	0.13	1048574	0.0766
63.57	61.38	0.96	56.27	5.10	0.00	11.28	56.27	56.27	0.30	1.53	0.14	1048574	0.0171
16.43	13.62	1.59	7.95	5.65	0.00	4.13	7.60	7.60	1.00	0.69	0.13	1048574	0.0770
18.34	15.94	1.16	10.22	5.71	0.00	3.96	9.89	9.89	1.22	0.69	0.15	1048574	0.0658
27.99	25.61	1.15	18.87	6.73	0.00	6.54	18.87	18.87	0.74	0.65	0.14	1048574	0.0409
37.31	33.05	1.19	22.45	10.59	0.00	5.49	22.45	22.45	3.35	0.63	0.12	1048574	0.0317
21.86	18.49	2.12	12.74	5.74	0.00	6.77	10.35	10.35	1.13	0.66	0.11	1048574	0.0567
18.81	16.80	0.88	12.09	4.70	0.00	3.01	12.09	12.09	1.10	0.55	0.09	1048574	0.0624
57.55	55.71	0.61	51.00	4.70	0.00	8.71	51.00	51.00	0.28	0.99	0.11	1048574	0.0188
89.19	87.23	0.78	82.15	5.06	0.00	15.62	81.58	81.58	0.35	0.70	0.10	1048574	0.0120
15.01	12.90	0.89	8.27	4.62	0.00	4.24	7.80	7.80	1.11	0.64	0.10	1048574	0.0813
18.16	16.18	0.78	11.44	4.73	0.00	5.14	11.44	11.44	2.33	0.59	0.10	1048574	0.0648
47.99	46.03	0.78	41.68	4.33	0.00	12.18	40.52	40.52	0.23	2.08	0.09	1048574	0.0228
17.61	13.60	0.90	7.09	6.49	0.00	4.38	6.75	6.75	1.58	0.70	0.16	1048574	0.0771
29.86	26.34	2.32	17.28	9.05	0.00	10.42	12.51	12.51	1.60	0.65	0.11	1048574	0.0398
22.93	20.82	0.79	15.10	5.71	0.00	4.85	15.10	15.10	0.21	0.65	0.14	1048574	0.0504
19.74	17.25	1.27	10.86	6.38	0.00	4.61	10.01	10.01	0.21	0.97	0.14	1048574	0.0608
70.01	67.82	0.99	61.14	6.67	0.00	9.22	61.07	61.07	0.32	0.68	0.13	1048574	0.0155
49.72	47.54	0.98	41.13	6.40	0.00	10.08	40.81	40.81	0.26	0.67	0.13	1048574	0.0221
17.02	14.66	1.14	9.04	5.61	0.00	3.57	8.48	8.48	1.23	0.68	0.13	1048574	0.0715
16.02	13.47	1.15	6.84	6.62	0.00	4.20	6.28	6.28	0.93	0.65	0.18	1048574	0.0778
20.69	18.49	0.98	10.76	7.72	0.00	4.40	10.63	10.63	0.26	0.67	0.13	1048574	0.0567
20.66	18.26	1.17	12.28	5.97	0.00	3.83	12.28	12.28	1.32	0.70	0.14	1048574	0.0574
84.04	81.85	0.98	75.99	5.86	0.00	12.63	75.60	75.60	0.40	0.72	0.13	1048574	0.0128
16.77	14.43	1.18	9.04	5.38	0.00	4.02	9.04	9.04	1.58	0.56	0.11	1048574	0.0727
36.84	34.82	0.81	29.69	5.12	0.00	8.87	29.69	29.69	0.22	0.67	0.13	1048574	0.0301
28.57	26.36	1.00	20.13	6.23	0.00	6.30	20.13	20.13	0.21	0.77	0.13	1048574	0.0398
21.97	19.81	0.95	13.70	6.09	0.00	5.71	13.70	13.70	0.18	0.91	0.13	1048574	0.0529
31.21	29.02	0.98	23.31	5.70	0.00	8.66	23.05	23.05	0.39	0.67	0.13	1048574	0.0361
18.19	15.80	1.17	9.63	6.16	0.00	4.05	9.21	9.21	1.15	0.66	0.13	1048574	0.0664
22.74	20.33	1.19	14.30	6.02	0.00	5.80	14.30	14.30	0.39	0.66	0.13	1048574	0.0516
16.11	13.76	1.15	7.08	6.67	0.00	4.40	6.45	6.45	1.00	0.94	0.13	1048574	0.0762
18.66	16.32	1.12	10.24	6.08	0.00	4.59	10.24	10.24	1.67	0.62	0.13	1048574	0.0642
15.60	13.15	1.15	7.56	5.59	0.00	4.55	6.34	6.34	0.16	0.63	0.13	1048574	0.0797
17.61	15.26	1.13	8.78	6.47	0.00	4.39	8.78	8.78	0.59	1.18	0.13	1048574	0.0687
19.05	16.64	1.20	10.96	5.67	0.00	3.52	10.96	10.96	1.20	0.66	0.13	1048574	0.0630
46.00	43.80	0.99	38.26	5.52	0.00	9.00	38.00	38.00	0.26	0.98	0.13	1048574	0.0239
50.88	48.47	0.97	42.05	6.40	0.00	12.83	41.77	41.77	0.34	0.70	0.13	1048574	0.0216
18.76	16.33	0.98	10.24	6.07	0.00	4.78	10.24	10.24	1.83	0.71	0.13	1048574	0.0642
16.99	14.82	0.97	9.00	5.80	0.00	4.51	9.00	9.00	1.08	0.67	0.14	1048574	0.0708
59.85	57.36	1.29	50.43	6.92	0.00	12.20	50.18	50.18	0.46	0.69	0.09	1048574	0.0183
17.31	15.20	0.75	10.35	4.84	0.00	4.87	10.35	10.35	1.06	0.79	0.10	1048574	0.0690
15.19	13.03	0.76	7.74	5.28	0.00	4.15	7.62	7.62	1.65	0.62	0.11	1048574	0.0805
17.59	15.53	0.85	9.42	6.09	0.00	5.72	9.17	9.17	1.06	0.67	0.13	1048574	0.0675
18.61	16.21	1.18	10.36	5.83	0.00	4.06	10.21	10.21	1.31	0.64	0.14	1048574	0.0647
16.71	14.51	0.98	8.82	5.68	0.00	4.02	8.82	8.82	1.03	0.69	0.13	1048574	0.0723
32.15	29.73	1.21	23.62	6.11	0.00	7.18	23.62	23.62	0.32	0.78	0.13	1048574	0.0353
33.39	30.98	1.19	24.51	6.45	0.00	7.17	24.51	24.51	0.26	0.66	0.13	1048574	0.0338
18.92	16.53	1.17	10.75	5.78	0.00	4.11	10.43	10.43	1.13	0.69	0.13	1048574	0.0634
27.99	25.76	1.02	19.55	6.20	0.00	5.57	19.55	19.55	0.29	0.64	0.13	1048574	0.0407
27.69	25.50	1.05	19.33	6.15	0.00	5.26	19.33	19.33	0.72	0.70	0.12	1048574	0.0411
40.82	37.33	0.79	23.56	13.76	0.00	21.53	14.50	14.50	2.42	2.80	0.11	1048574	0.0281
18.65	16.39	1.05	10.92	5.45	0.00	4.53	10.92	10.92	1.65	0.66	0.11	1048574	0.0640
17.04	14.99	0.84	9.32	5.65	0.00	3.72	9.32	9.32	1.12	0.65	0.10	1048574	0.0700
SCALE: 15
nvtx: 32768
edgefactor: 16
terasize: 8.38860799999999983e-06
A: 5.69999999999999951e-01
B: 1.90000000000000002e-01
C: 1.90000000000000002e-01
D: 5.00000000000000444e-02
generation_time: 0.00000000000000000e+00
construction_time: 4.18538666000000004e-01
nbfs: 100
min_time: 1.37919999957084663e-02
firstquartile_time: 1.71372500061988814e-02
median_time: 2.44510000348091144e-02
thirdquartile_time: 4.44819999784231146e-02
max_time: 1.22314000010490420e-01
mean_time: 3.50417100000381329e-02
stddev_time: 2.58282488509985197e-02
min_nedge: 5.24282000000000000e+05
firstquartile_nedge: 5.24282000000000000e+05
median_nedge: 5.24282000000000000e+05
thirdquartile_nedge: 5.24282000000000000e+05
max_nedge: 5.24282000000000000e+05
mean_nedge: 5.24282000000000000e+05
stddev_nedge: 0.00000000000000000e+00
min_TEPS: 4.28636133194102254e+06
firstquartile_TEPS: 1.21466208573436104e+07
median_TEPS: 2.24694604300742336e+07
thirdquartile_TEPS: 3.08647149982347414e+07
max_TEPS: 3.80134860907146260e+07
harmonic_mean_TEPS: 1.49616556954392102e+07
harmonic_stddev_TEPS: 1.10833674051548121e+06
