[BASH] Running the hybrid graph500 for scale 18 with sorted edges
file:/dev/null	benchmark:GRAPH500	vertices:262143	edges:8388606	partitioning:RANDOM	platform:HYBRID	alpha:50	repeat:1	gpu_count:1	thread_count:4	thread_sched:GUIDED	thread_bind:false	gpu_graph_mem:DEVICE	gpu_par_randomized:false	sorted:false	edge_sort_key:degree	edge_order:asc	separate_singletons:true	lambda:0Initializing the shares for Hybrid platform.
	time_init:1019.40	time_par:74.78	rmt_vertex:57	rmt_edge:50	beta:2	pid0:50,49,28,25	pid1:0,0,0,0	pid2:50,51,28,25	
total	exec	init	comp	comm	finalize	cpu_comp	gpu_comp	gpu_total_comp	scatter	gather	aggr	trv_edges	exec_rate
203.25	191.83	2.42	125.64	66.17	0.00	45.13	110.37	110.37	4.57	3.53	0.40	8388606	0.0437
182.49	167.10	1.89	117.93	49.15	0.00	51.84	104.90	104.90	10.67	3.84	3.80	8388606	0.0502
180.31	150.41	3.60	109.67	40.73	0.00	53.44	92.69	92.69	7.28	6.32	4.39	8388606	0.0558
159.33	153.53	1.04	104.21	49.31	0.00	30.39	103.26	103.26	3.88	5.04	0.27	8388606	0.0546
152.14	133.15	4.41	96.26	36.88	0.00	43.37	88.87	88.87	6.67	19.36	4.28	8388606	0.0630
85.20	77.75	2.61	55.68	22.06	0.00	26.59	51.38	51.38	2.88	2.31	0.17	8388606	0.1079
330.03	311.90	5.20	260.84	51.04	0.00	95.36	228.57	228.57	4.23	5.39	0.93	8388606	0.0269
434.48	417.89	8.58	379.76	38.12	0.00	105.14	346.72	346.72	5.01	8.26	0.19	8388606	0.0201
283.88	273.02	2.51	225.14	47.86	0.00	82.18	200.03	200.03	8.37	6.29	0.57	8388606	0.0307
274.10	260.48	1.88	203.14	57.33	0.00	43.54	186.92	186.92	6.71	5.20	2.27	8388606	0.0322
184.39	170.53	1.68	104.58	65.93	0.00	65.37	84.70	84.70	5.68	7.70	1.89	8388606	0.0492
170.19	161.23	2.66	127.43	33.78	0.00	74.82	95.22	95.22	18.17	3.95	1.83	8388606	0.0520
103.85	90.18	1.79	56.74	33.44	0.00	46.05	38.90	38.90	4.82	7.38	0.19	8388606	0.0930
198.52	186.51	2.32	98.24	88.26	0.00	60.55	73.81	73.81	7.38	5.03	0.22	8388606	0.0450
253.20	241.50	1.28	178.57	62.91	0.00	43.54	168.52	168.52	4.53	3.91	1.19	8388606	0.0347
190.81	177.27	3.69	124.24	53.01	0.00	69.18	102.58	102.58	7.42	8.99	0.62	8388606	0.0473
562.51	553.61	4.34	518.98	34.61	0.00	112.66	503.94	503.94	4.03	8.00	0.16	8388606	0.0152
99.50	92.38	2.43	53.34	39.03	0.00	29.73	53.34	53.34	10.44	4.06	0.20	8388606	0.0908
514.32	497.06	2.75	354.68	142.37	0.00	91.60	333.67	333.67	5.60	8.91	0.29	8388606	0.0169
162.66	157.14	0.85	128.98	28.15	0.00	47.59	123.90	123.90	10.03	5.98	0.22	8388606	0.0534
141.05	129.86	1.75	90.18	39.67	0.00	66.29	73.00	73.00	11.45	6.03	0.20	8388606	0.0646
127.72	113.55	2.11	51.91	61.63	0.00	43.86	36.56	36.56	24.77	6.03	0.24	8388606	0.0739
105.07	93.01	2.60	59.27	33.73	0.00	32.99	51.37	51.37	7.28	3.14	0.20	8388606	0.0902
470.19	463.64	2.04	261.36	202.26	0.00	67.74	247.26	247.26	3.99	5.26	0.16	8388606	0.0181
132.23	126.86	0.75	113.28	13.57	0.00	43.07	113.28	113.28	3.31	4.33	0.16	8388606	0.0661
101.15	89.90	0.81	61.99	27.90	0.00	45.45	44.41	44.41	11.69	5.68	0.20	8388606	0.0933
239.00	228.39	1.37	158.10	70.28	0.00	65.42	135.86	135.86	9.10	8.51	0.66	8388606	0.0367
163.96	157.44	2.05	99.42	58.01	0.00	28.81	88.80	88.80	3.30	9.86	0.16	8388606	0.0533
117.42	111.92	0.88	80.17	31.73	0.00	24.65	77.90	77.90	4.44	4.02	0.20	8388606	0.0750
763.81	748.69	2.35	515.54	233.14	0.00	124.77	473.92	473.92	7.26	5.94	2.19	8388606	0.0112
142.90	129.27	2.89	104.37	24.90	0.00	50.32	84.88	84.88	6.90	5.62	0.18	8388606	0.0649
168.47	151.35	2.46	66.59	84.75	0.00	43.97	51.07	51.07	11.88	14.52	0.21	8388606	0.0554
730.42	718.54	2.26	670.54	47.98	0.00	97.59	655.59	655.59	6.19	9.44	0.16	8388606	0.0117
226.27	219.50	2.18	180.15	39.34	0.00	51.99	172.44	172.44	9.37	8.11	0.20	8388606	0.0382
159.12	143.06	1.05	92.64	50.41	0.00	50.01	77.87	77.87	4.33	4.78	4.40	8388606	0.0586
230.33	215.79	4.75	186.35	29.43	0.00	65.87	161.69	161.69	5.30	5.84	0.52	8388606	0.0389
332.40	316.95	2.62	219.62	97.31	0.00	56.47	204.09	204.09	6.39	4.77	2.07	8388606	0.0265
99.38	81.79	3.06	54.06	27.72	0.00	49.26	30.23	30.23	4.11	12.72	2.90	8388606	0.1026
301.84	293.77	3.53	169.63	124.13	0.00	53.82	159.92	159.92	2.56	4.48	0.20	8388606	0.0286
150.89	140.43	1.28	101.77	38.65	0.00	53.24	88.95	88.95	6.40	10.57	0.17	8388606	0.0597
544.50	529.85	2.91	484.63	45.21	0.00	115.46	460.55	460.55	6.87	6.51	0.21	8388606	0.0158
567.83	560.44	2.86	533.46	26.98	0.00	105.77	493.22	493.22	3.79	8.27	0.17	8388606	0.0150
91.34	84.36	2.37	61.93	22.42	0.00	43.04	47.46	47.46	8.89	4.71	0.16	8388606	0.0994
164.93	154.76	2.08	107.38	47.37	0.00	31.91	99.17	99.17	5.01	3.31	0.22	8388606	0.0542
80.25	69.34	0.98	52.99	16.34	0.00	30.24	47.41	47.41	4.83	4.20	0.70	8388606	0.1210
88.94	76.09	2.21	59.04	17.02	0.00	40.87	49.45	49.45	7.99	5.10	0.21	8388606	0.1102
106.61	94.04	2.70	57.56	36.46	0.00	53.31	37.54	37.54	21.38	8.25	0.38	8388606	0.0892
709.77	696.34	3.16	638.60	57.72	0.00	152.40	620.53	620.53	15.59	17.63	0.51	8388606	0.0120
224.01	199.69	8.31	142.59	57.08	0.00	90.33	103.94	103.94	14.10	9.77	1.04	8388606	0.0420
128.66	121.48	2.29	97.59	23.88	0.00	46.12	95.69	95.69	6.95	9.30	0.49	8388606	0.0691
125.41	109.31	3.13	77.24	32.05	0.00	69.74	49.76	49.76	12.87	11.43	0.85	8388606	0.0767
166.44	153.02	2.70	108.53	44.47	0.00	65.35	94.42	94.42	15.57	14.91	0.58	8388606	0.0548
279.49	266.92	2.31	217.17	49.73	0.00	103.44	195.74	195.74	8.25	13.96	0.47	8388606	0.0314
166.64	140.01	2.99	109.63	30.37	0.00	65.67	91.68	91.68	14.09	5.88	0.41	8388606	0.0599
261.98	249.49	2.14	199.18	50.30	0.00	85.33	183.71	183.71	17.33	23.39	0.48	8388606	0.0336
226.03	203.90	11.82	157.18	46.70	0.00	73.52	137.01	137.01	23.60	18.80	0.52	8388606	0.0411
184.00	164.42	2.47	122.51	41.89	0.00	50.29	110.21	110.21	11.67	5.46	0.49	8388606	0.0510
201.20	187.21	3.71	150.41	36.79	0.00	101.90	115.61	115.61	11.84	10.90	0.43	8388606	0.0448
191.59	178.52	2.71	121.11	57.39	0.00	66.21	100.27	100.27	17.03	6.18	0.55	8388606	0.0470
446.08	426.97	2.95	381.80	45.15	0.00	63.95	363.96	363.96	8.34	4.94	1.02	8388606	0.0196
176.70	156.45	3.82	124.55	31.88	0.00	89.34	102.07	102.07	17.67	8.73	0.47	8388606	0.0536
217.64	202.18	5.13	166.33	35.84	0.00	99.02	133.30	133.30	5.48	8.69	0.46	8388606	0.0415
197.34	176.17	6.03	148.14	28.01	0.00	96.92	114.09	114.09	9.32	12.07	0.41	8388606	0.0476
538.24	509.98	12.71	447.93	62.03	0.00	130.06	398.48	398.48	10.29	11.20	0.48	8388606	0.0164
334.15	311.15	18.14	280.74	30.40	0.00	70.63	277.73	277.73	11.23	3.28	0.46	8388606	0.0270
410.83	392.53	1.12	359.54	32.96	0.00	87.75	337.38	337.38	4.13	5.20	6.93	8388606	0.0214
163.21	147.08	11.44	120.30	26.77	0.00	40.70	117.99	117.99	5.99	11.72	0.37	8388606	0.0570
114.88	99.57	1.27	78.28	21.28	0.00	36.05	71.30	71.30	8.92	6.27	0.42	8388606	0.0842
176.26	162.75	2.93	114.56	48.17	0.00	110.60	78.90	78.90	12.19	20.50	0.39	8388606	0.0515
315.79	290.43	20.86	245.74	44.67	0.00	72.83	242.09	242.09	9.68	10.65	0.18	8388606	0.0289
385.42	374.11	1.12	333.64	40.45	0.00	84.30	306.21	306.21	3.24	5.46	0.41	8388606	0.0224
222.57	200.82	11.50	166.46	34.35	0.00	86.40	158.00	158.00	15.95	6.38	0.39	8388606	0.0418
135.53	121.46	2.22	87.24	34.21	0.00	68.43	70.82	70.82	20.22	6.52	0.43	8388606	0.0691
203.93	189.77	3.82	129.02	60.73	0.00	95.21	107.92	107.92	28.71	13.36	0.44	8388606	0.0442
153.28	145.75	2.97	98.11	47.63	0.00	58.65	82.81	82.81	11.42	12.41	0.21	8388606	0.0576
137.11	124.69	1.89	79.05	45.62	0.00	34.95	73.20	73.20	5.23	3.15	0.57	8388606	0.0673
608.88	594.99	9.22	554.14	40.84	0.00	76.03	542.87	542.87	2.08	11.31	0.21	8388606	0.0141
224.77	201.67	1.30	164.16	37.50	0.00	84.06	126.62	126.62	8.39	10.72	1.48	8388606	0.0416
238.41	229.38	4.22	195.68	33.69	0.00	79.15	179.52	179.52	5.19	12.58	0.18	8388606	0.0366
556.41	545.06	1.15	515.97	29.07	0.00	129.37	485.35	485.35	3.75	4.37	0.58	8388606	0.0154
208.81	181.90	16.35	152.92	28.96	0.00	79.77	137.65	137.65	7.48	11.17	0.41	8388606	0.0461
145.77	139.18	2.06	89.20	49.97	0.00	25.57	86.55	86.55	8.85	10.39	0.17	8388606	0.0603
150.94	145.02	1.41	111.75	33.25	0.00	41.23	111.54	111.54	0.72	2.03	0.16	8388606	0.0578
99.75	93.93	1.15	67.23	26.69	0.00	36.73	67.23	67.23	2.27	1.69	0.26	8388606	0.0893
163.36	151.47	1.97	115.26	36.19	0.00	86.01	101.82	101.82	6.44	7.02	0.59	8388606	0.0554
219.73	201.41	2.70	153.22	48.17	0.00	78.09	128.59	128.59	7.31	13.31	0.43	8388606	0.0416
689.94	666.56	6.64	609.39	57.15	0.00	172.79	543.82	543.82	14.17	13.66	6.95	8388606	0.0126
264.59	239.43	2.55	204.28	35.14	0.00	101.28	175.01	175.01	6.21	6.98	0.66	8388606	0.0350
182.57	157.70	4.41	120.59	37.09	0.00	84.18	76.95	76.95	7.97	4.82	0.91	8388606	0.0532
740.50	732.35	3.39	686.03	46.30	0.00	104.82	682.79	682.79	2.88	11.00	0.41	8388606	0.0115
181.28	174.07	2.29	106.91	67.14	0.00	77.42	84.31	84.31	14.75	20.41	0.48	8388606	0.0482
142.19	127.86	4.79	101.44	26.39	0.00	57.76	88.23	88.23	8.24	6.94	0.44	8388606	0.0656
176.50	168.64	3.11	131.98	36.65	0.00	74.80	129.62	129.62	4.26	2.44	0.37	8388606	0.0497
116.68	103.48	8.49	84.99	18.48	0.00	38.18	84.99	84.99	1.74	1.69	0.40	8388606	0.0811
164.73	147.30	12.69	88.58	58.71	0.00	80.59	71.36	71.36	22.12	10.87	0.39	8388606	0.0569
294.83	283.08	1.57	223.79	59.27	0.00	87.90	201.33	201.33	14.00	17.34	0.38	8388606	0.0296
277.70	243.03	12.78	210.04	32.97	0.00	81.19	194.43	194.43	6.66	3.99	0.42	8388606	0.0345
296.09	274.29	6.60	232.95	41.31	0.00	94.40	193.07	193.07	10.35	7.58	0.52	8388606	0.0306
257.38	249.65	3.23	199.23	50.40	0.00	61.17	197.56	197.56	7.83	3.57	0.17	8388606	0.0336
310.91	305.23	1.10	267.25	37.97	0.00	80.56	249.10	249.10	1.47	5.98	0.20	8388606	0.0275
SCALE: 18
nvtx: 262144
edgefactor: 16
terasize: 6.71088639999999987e-05
A: 5.69999999999999951e-01
B: 1.90000000000000002e-01
C: 1.90000000000000002e-01
D: 5.00000000000000444e-02
generation_time: 0.00000000000000000e+00
construction_time: 2.27869841600000012e+00
nbfs: 100
min_time: 7.03180000185966436e-02
firstquartile_time: 1.42029999986290956e-01
median_time: 1.81711500018835070e-01
thirdquartile_time: 2.83711750030517573e-01
max_time: 7.51046000003814718e-01
mean_time: 2.41555140000581786e-01
stddev_time: 1.63399887723831183e-01
min_nedge: 4.19425900000000000e+06
firstquartile_nedge: 4.19425900000000000e+06
median_nedge: 4.19425900000000000e+06
thirdquartile_nedge: 4.19425900000000000e+06
max_nedge: 4.19425900000000000e+06
mean_nedge: 4.19425900000000000e+06
stddev_nedge: 0.00000000000000000e+00
min_TEPS: 5.58455673817408830e+06
firstquartile_TEPS: 1.53118030129148327e+07
median_TEPS: 2.34806200503949448e+07
thirdquartile_TEPS: 3.02915277379516996e+07
max_TEPS: 5.96470178174971640e+07
harmonic_mean_TEPS: 1.73635675895362906e+07
harmonic_stddev_TEPS: 1.18047511190360272e+06
