[BASH] Running the hybrid graph500 for scale 20 with sorted edges
file:/dev/null	benchmark:GRAPH500	vertices:1048576	edges:33554430	partitioning:RANDOM	platform:HYBRID	alpha:50	repeat:1	gpu_count:1	thread_count:4	thread_sched:GUIDED	thread_bind:false	gpu_graph_mem:DEVICE	gpu_par_randomized:false	sorted:false	edge_sort_key:degree	edge_order:asc	separate_singletons:true	lambda:0Initializing the shares for Hybrid platform.
	time_init:5754.82	time_par:495.33	rmt_vertex:52	rmt_edge:50	beta:2	pid0:50,50,26,25	pid1:0,0,0,0	pid2:50,50,26,25	
total	exec	init	comp	comm	finalize	cpu_comp	gpu_comp	gpu_total_comp	scatter	gather	aggr	trv_edges	exec_rate
655.30	610.12	5.30	566.50	43.60	0.00	216.41	534.91	534.91	14.09	12.67	0.64	33554430	0.0550
540.40	514.75	3.56	460.08	54.65	0.00	181.12	446.18	446.18	18.65	11.11	0.63	33554430	0.0652
1340.34	1296.00	1.35	1256.06	39.92	0.00	290.45	1209.39	1209.39	10.07	13.68	0.68	33554430	0.0259
345.38	300.05	4.43	226.39	73.65	0.00	180.93	210.79	210.79	41.27	12.82	0.92	33554430	0.1118
2080.01	2038.15	2.64	1992.86	45.28	0.00	352.34	1946.17	1946.17	12.21	9.27	0.69	33554430	0.0165
1766.05	1723.14	3.62	1672.27	50.85	0.00	272.41	1629.42	1629.42	9.81	12.68	0.77	33554430	0.0195
952.40	908.63	3.35	856.90	51.71	0.00	246.09	824.12	824.12	9.04	12.10	0.68	33554430	0.0369
772.16	729.69	2.64	681.49	48.18	0.00	200.87	651.50	651.50	8.96	11.19	0.68	33554430	0.0460
1698.83	1657.05	2.86	1608.21	48.82	0.00	345.65	1561.71	1561.71	9.96	12.14	0.70	33554430	0.0202
306.12	264.23	2.91	204.27	59.94	0.00	166.55	163.20	163.20	31.84	13.28	0.70	33554430	0.1270
364.84	321.92	3.79	262.85	59.05	0.00	161.35	249.72	249.72	32.49	11.12	0.75	33554430	0.1042
409.78	365.44	3.98	326.17	39.25	0.00	145.17	301.79	301.79	8.07	9.68	1.30	33554430	0.0918
284.42	240.33	3.94	185.23	55.08	0.00	155.62	172.66	172.66	29.83	13.21	0.82	33554430	0.1396
306.47	262.48	3.94	200.84	61.63	0.00	178.10	120.59	120.59	27.95	11.24	0.76	33554430	0.1278
372.04	329.02	3.93	269.80	59.18	0.00	167.96	250.66	250.66	27.79	12.81	0.68	33554430	0.1020
481.01	437.96	3.70	367.00	70.94	0.00	198.75	341.86	341.86	53.42	11.66	0.68	33554430	0.0766
697.84	655.49	3.21	607.84	47.64	0.00	197.73	585.03	585.03	13.92	11.84	0.67	33554430	0.0512
740.94	698.61	3.57	646.98	51.62	0.00	239.84	617.80	617.80	17.26	11.00	0.67	33554430	0.0480
527.92	485.60	2.86	434.24	51.34	0.00	176.80	418.48	418.48	17.48	12.05	0.69	33554430	0.0691
1341.51	1298.67	3.65	1252.79	45.86	0.00	228.78	1227.45	1227.45	10.32	10.50	0.68	33554430	0.0258
274.00	231.98	3.06	175.12	56.84	0.00	157.13	137.13	137.13	30.16	11.19	0.68	33554430	0.1446
678.75	634.29	2.92	586.83	47.45	0.00	229.50	556.05	556.05	13.22	13.14	0.69	33554430	0.0529
378.67	336.35	2.50	290.31	46.01	0.00	170.38	255.17	255.17	11.06	10.74	0.65	33554430	0.0998
610.42	567.45	3.64	515.05	52.39	0.00	191.40	490.52	490.52	20.06	11.51	0.69	33554430	0.0591
418.91	376.04	3.56	318.30	57.73	0.00	179.18	300.28	300.28	28.49	12.59	0.70	33554430	0.0892
358.43	315.98	2.98	260.98	54.98	0.00	166.94	249.15	249.15	29.07	13.26	0.69	33554430	0.1062
725.71	682.19	3.76	632.10	50.07	0.00	248.70	602.94	602.94	17.21	12.45	0.70	33554430	0.0492
301.12	255.57	6.08	201.11	54.44	0.00	165.44	185.08	185.08	24.68	10.55	0.77	33554430	0.1313
998.40	954.76	3.97	905.84	48.90	0.00	279.26	874.75	874.75	13.20	11.08	0.67	33554430	0.0351
357.34	327.07	2.63	262.02	65.03	0.00	172.47	247.99	247.99	33.88	5.08	0.63	33554430	0.1026
334.41	292.67	2.74	254.44	38.21	0.00	160.72	215.39	215.39	8.78	11.66	0.67	33554430	0.1146
435.89	393.30	3.64	335.80	57.48	0.00	188.93	310.08	310.08	20.00	12.03	0.67	33554430	0.0853
302.42	257.47	4.89	200.12	57.33	0.00	159.75	173.34	173.34	26.44	12.13	0.74	33554430	0.1303
329.56	283.51	4.78	228.97	54.52	0.00	169.79	215.23	215.23	28.85	11.99	0.69	33554430	0.1184
966.54	923.14	3.08	878.40	44.72	0.00	269.34	846.76	846.76	8.11	11.80	0.68	33554430	0.0363
758.27	714.88	4.15	661.89	52.97	0.00	240.77	637.25	637.25	17.07	10.50	0.75	33554430	0.0469
327.08	284.63	2.70	211.58	73.03	0.00	176.32	159.37	159.37	31.88	12.57	0.76	33554430	0.1179
428.59	387.51	4.91	333.41	54.08	0.00	164.27	314.02	314.02	22.18	11.78	0.69	33554430	0.0866
311.26	269.12	2.92	206.71	62.41	0.00	162.74	159.69	159.69	27.79	12.86	0.75	33554430	0.1247
470.16	427.11	3.02	353.43	73.66	0.00	200.04	334.32	334.32	54.39	12.63	0.76	33554430	0.0786
284.09	239.51	5.78	184.19	55.30	0.00	169.02	146.57	146.57	26.03	13.36	0.68	33554430	0.1401
720.84	678.03	2.92	631.80	46.21	0.00	245.64	600.26	600.26	14.38	12.23	0.75	33554430	0.0495
335.46	292.86	2.56	244.43	48.42	0.00	136.42	229.88	229.88	14.82	11.60	0.76	33554430	0.1146
604.54	561.47	3.29	505.10	56.35	0.00	200.64	483.52	483.52	21.73	11.46	0.67	33554430	0.0598
435.26	393.04	2.91	354.40	38.62	0.00	168.08	321.91	321.91	7.88	6.74	0.74	33554430	0.0854
293.91	255.76	3.96	184.61	71.13	0.00	167.12	141.87	141.87	37.01	12.17	0.75	33554430	0.1312
1636.43	1592.54	4.07	1545.98	46.54	0.00	334.05	1490.45	1490.45	10.18	12.48	0.68	33554430	0.0211
296.31	248.82	5.25	191.58	57.22	0.00	160.69	162.01	162.01	32.39	12.06	0.69	33554430	0.1349
564.40	524.57	3.47	457.82	66.74	0.00	213.13	447.97	447.97	63.89	10.65	0.67	33554430	0.0640
291.66	250.12	2.22	194.15	55.96	0.00	161.61	162.93	162.93	26.79	11.06	0.68	33554430	0.1342
328.40	285.64	3.64	224.17	61.45	0.00	175.98	194.71	194.71	31.81	12.57	0.69	33554430	0.1175
324.25	281.47	2.84	219.81	61.65	0.00	167.67	201.69	201.69	38.27	10.24	1.29	33554430	0.1192
294.55	252.90	2.48	187.58	65.30	0.00	166.95	130.31	130.31	32.88	12.13	0.68	33554430	0.1327
361.90	330.12	3.59	285.19	44.91	0.00	148.44	279.44	279.44	16.76	6.77	0.70	33554430	0.1016
630.09	589.09	4.18	539.74	49.33	0.00	213.15	508.35	508.35	9.01	12.42	0.75	33554430	0.0570
340.15	297.20	3.89	236.49	60.69	0.00	172.61	216.43	216.43	40.10	10.87	0.70	33554430	0.1129
987.51	945.23	4.06	897.02	48.19	0.00	250.33	869.30	869.30	12.84	10.44	0.68	33554430	0.0355
439.94	398.33	2.67	340.05	57.84	0.00	189.30	327.06	327.06	19.54	11.88	0.68	33554430	0.0842
362.05	317.04	2.44	260.19	56.83	0.00	175.02	251.37	251.37	21.59	12.60	0.68	33554430	0.1058
692.20	649.77	3.35	601.83	47.93	0.00	208.52	576.62	576.62	11.42	9.63	0.67	33554430	0.0516
698.15	662.22	4.57	615.43	46.77	0.00	204.75	585.52	585.52	8.20	10.90	0.69	33554430	0.0507
1487.63	1442.00	3.44	1396.64	45.35	0.00	290.60	1356.41	1356.41	10.16	9.54	0.68	33554430	0.0233
296.30	251.80	5.19	195.77	56.01	0.00	172.46	160.10	160.10	28.66	12.48	0.75	33554430	0.1333
268.01	228.25	4.31	169.76	58.47	0.01	136.91	159.34	159.34	27.69	11.03	0.65	33554430	0.1470
316.21	274.60	2.64	207.19	67.39	0.00	185.52	134.72	134.72	34.85	12.36	0.69	33554430	0.1222
477.71	432.32	6.07	374.98	57.32	0.00	181.65	356.87	356.87	23.45	11.45	0.74	33554430	0.0776
548.64	502.93	5.79	447.68	55.23	0.00	206.12	423.37	423.37	16.89	12.42	0.74	33554430	0.0667
386.07	343.30	4.07	285.00	58.28	0.00	160.67	262.65	262.65	21.07	12.01	0.68	33554430	0.0977
261.33	225.29	2.50	174.85	50.42	0.00	130.04	164.25	164.25	24.84	10.32	0.71	33554430	0.1489
465.72	420.01	6.13	366.91	53.09	0.00	198.29	344.13	344.13	18.78	12.28	0.75	33554430	0.0799
542.17	497.38	4.01	443.80	53.57	0.00	183.79	429.97	429.97	18.30	13.52	0.86	33554430	0.0675
421.41	378.52	3.93	328.69	49.81	0.00	187.99	295.76	295.76	16.61	11.12	0.68	33554430	0.0886
385.36	353.27	2.49	300.89	52.36	0.00	167.29	289.63	289.63	26.76	11.56	0.65	33554430	0.0950
367.03	324.89	3.34	275.98	48.89	0.00	131.43	262.51	262.51	22.64	12.12	0.68	33554430	0.1033
420.94	378.62	3.63	327.41	51.19	0.00	157.19	308.32	308.32	18.62	11.85	0.69	33554430	0.0886
1459.58	1417.81	2.91	1377.87	39.93	0.00	323.15	1325.53	1325.53	9.05	13.94	0.70	33554430	0.0237
352.28	310.49	2.91	248.90	61.57	0.00	185.44	213.25	213.25	27.42	13.41	0.68	33554430	0.1081
2378.91	2336.24	3.57	2286.80	49.42	0.00	350.05	2226.39	2226.39	11.43	11.30	0.69	33554430	0.0144
695.81	653.31	3.32	610.91	42.39	0.00	238.44	578.77	578.77	7.72	12.72	0.69	33554430	0.0514
301.30	261.61	3.09	210.20	51.39	0.00	147.74	200.27	200.27	25.43	11.62	0.69	33554430	0.1283
428.19	385.13	3.94	306.59	78.52	0.00	209.67	282.95	282.95	58.21	11.45	0.75	33554430	0.0871
380.08	336.14	4.47	276.92	59.21	0.00	185.39	262.83	262.83	27.32	12.33	0.75	33554430	0.0998
589.77	546.82	3.31	498.81	47.99	0.00	192.99	480.93	480.93	10.78	13.63	0.76	33554430	0.0614
421.68	387.73	4.26	329.55	58.16	0.00	175.56	312.65	312.65	29.91	13.44	0.79	33554430	0.0865
256.47	214.30	2.78	158.11	56.18	0.00	133.30	134.10	134.10	32.31	9.32	0.75	33554430	0.1566
978.84	934.58	3.96	889.82	44.74	0.00	240.53	847.22	847.22	9.33	12.74	0.68	33554430	0.0359
316.85	272.74	5.18	206.58	66.15	0.00	172.84	162.42	162.42	34.13	11.17	0.76	33554430	0.1230
404.08	361.51	3.19	307.24	54.25	0.00	161.14	293.79	293.79	25.20	12.65	0.69	33554430	0.0928
247.10	205.48	2.48	147.65	57.38	0.00	130.80	118.27	118.27	31.25	13.18	0.69	33554430	0.1633
645.54	605.44	3.89	561.97	43.45	0.00	221.17	531.55	531.55	12.57	13.10	0.68	33554430	0.0554
388.94	345.95	3.56	290.94	54.99	0.00	181.97	276.68	276.68	20.69	13.28	0.75	33554430	0.0970
1500.22	1457.29	3.90	1409.95	47.33	0.00	300.29	1361.40	1361.40	10.30	10.91	0.69	33554430	0.0230
367.55	324.97	3.91	268.46	56.49	0.00	165.95	250.71	250.71	24.16	13.02	0.67	33554430	0.1033
426.28	385.76	2.42	328.65	57.09	0.00	190.68	312.66	312.66	27.87	12.19	0.68	33554430	0.0870
335.91	293.69	3.53	237.26	56.41	0.00	161.40	217.87	217.87	30.44	10.31	0.67	33554430	0.1143
278.83	236.28	3.83	192.33	43.93	0.00	122.71	177.28	177.28	22.13	10.42	0.68	33554430	0.1420
996.20	952.53	2.90	909.65	42.86	0.00	239.04	865.89	865.89	9.42	11.57	0.70	33554430	0.0352
486.52	442.48	3.67	380.95	61.51	0.00	193.26	362.49	362.49	23.62	11.64	0.74	33554430	0.0758
320.30	284.62	4.21	227.20	57.40	0.00	169.38	218.78	218.78	26.50	11.82	0.64	33554430	0.1179
1505.26	1462.81	3.41	1421.11	41.69	0.00	296.98	1382.59	1382.59	9.71	10.24	0.68	33554430	0.0229
SCALE: 20
nvtx: 1048576
edgefactor: 16
terasize: 2.68435455999999995e-04
A: 5.69999999999999951e-01
B: 1.90000000000000002e-01
C: 1.90000000000000002e-01
D: 5.00000000000000444e-02
generation_time: 0.00000000000000000e+00
construction_time: 1.30860992469999999e+01
nbfs: 100
min_time: 2.07959999918937682e-01
firstquartile_time: 2.90809000015258778e-01
median_time: 3.88627999931573875e-01
thirdquartile_time: 6.58183000013232267e-01
max_time: 2.33981299996376046e+00
mean_time: 5.59284709997773355e-01
stddev_time: 4.28558648783543716e-01
min_nedge: 1.67770120000000000e+07
firstquartile_nedge: 1.67770120000000000e+07
median_nedge: 1.67770120000000000e+07
thirdquartile_nedge: 1.67770120000000000e+07
max_nedge: 1.67770120000000000e+07
mean_nedge: 1.67770120000000000e+07
stddev_nedge: 0.00000000000000000e+00
min_TEPS: 7.17023625403391011e+06
firstquartile_TEPS: 2.58477670025225691e+07
median_TEPS: 4.38788518475668877e+07
thirdquartile_TEPS: 5.81677652074334100e+07
max_TEPS: 8.06742258441029042e+07
harmonic_mean_TEPS: 2.99972656146219186e+07
harmonic_stddev_TEPS: 2.31015643079676107e+06
