[BASH] Running the hybrid graph500 for scale 14 with sorted edges
file:/dev/null	benchmark:GRAPH500	vertices:16384	edges:524286	partitioning:RANDOM	platform:HYBRID	alpha:50	repeat:1	gpu_count:1	thread_count:1	thread_sched:GUIDED	thread_bind:false	gpu_graph_mem:DEVICE	gpu_par_randomized:false	sorted:false	edge_sort_key:degree	edge_order:asc	separate_singletons:true	lambda:0Initializing the shares for Hybrid platform.
	time_init:166.73	time_par:4.10	rmt_vertex:67	rmt_edge:50	beta:2	pid0:50,52,34,25	pid1:0,0,0,0	pid2:50,48,33,25	
total	exec	init	comp	comm	finalize	cpu_comp	gpu_comp	gpu_total_comp	scatter	gather	aggr	trv_edges	exec_rate
39.50	37.63	0.71	32.71	4.91	0.00	2.59	32.64	32.64	1.34	0.58	0.09	524286	0.0139
16.64	14.89	0.61	10.48	4.40	0.00	3.40	10.48	10.48	1.90	0.52	0.09	524286	0.0352
20.32	18.54	0.67	14.68	3.85	0.00	5.76	14.68	14.68	0.15	0.63	0.08	524286	0.0283
14.44	12.62	0.67	8.33	4.27	0.00	2.66	8.33	8.33	1.08	0.59	0.10	524286	0.0416
19.25	17.45	0.66	12.91	4.53	0.00	2.94	12.91	12.91	1.36	0.55	0.09	524286	0.0300
19.61	17.88	0.58	13.32	4.54	0.00	3.06	13.32	13.32	1.61	0.53	0.09	524286	0.0293
20.33	18.55	0.62	13.75	4.79	0.00	2.74	13.75	13.75	1.41	0.57	0.09	524286	0.0283
15.20	13.39	0.66	8.83	4.55	0.00	2.70	8.83	8.83	1.01	0.58	0.10	524286	0.0392
42.17	40.36	0.58	35.98	4.37	0.00	7.86	35.98	35.98	0.15	0.64	0.17	524286	0.0130
24.13	22.33	0.65	18.06	4.26	0.00	5.98	18.06	18.06	0.16	0.63	0.09	524286	0.0235
18.24	16.51	0.58	11.90	4.61	0.00	3.98	11.90	11.90	0.86	0.62	0.10	524286	0.0317
90.48	88.77	0.58	83.98	4.78	0.00	13.61	83.67	83.67	0.48	0.74	0.08	524286	0.0059
12.03	10.32	0.58	6.15	4.17	0.00	2.53	5.88	5.88	1.16	0.60	0.08	524286	0.0508
13.90	12.06	0.70	7.94	4.12	0.00	2.55	7.56	7.56	1.22	0.57	0.09	524286	0.0435
24.98	23.24	0.59	19.43	3.79	0.00	7.80	19.43	19.43	0.13	0.62	0.09	524286	0.0226
70.38	68.66	0.58	64.50	4.16	0.00	13.32	64.03	64.03	0.26	0.66	0.08	524286	0.0076
15.68	13.80	0.73	10.08	3.71	0.00	3.63	10.08	10.08	2.06	0.41	0.09	524286	0.0380
31.70	29.86	0.70	25.98	3.87	0.00	9.72	25.72	25.72	0.19	0.64	0.08	524286	0.0176
12.72	10.88	0.71	6.37	4.50	0.00	3.24	6.36	6.36	1.81	0.54	0.08	524286	0.0482
26.19	24.48	0.61	21.30	3.17	0.00	10.70	20.75	20.75	0.18	0.64	0.08	524286	0.0214
11.17	9.34	0.70	4.74	4.59	0.00	2.94	4.14	4.14	0.89	0.59	0.08	524286	0.0561
27.67	25.91	0.62	22.32	3.59	0.00	9.94	21.91	21.91	0.25	0.63	0.08	524286	0.0202
10.21	8.40	0.67	4.85	3.54	0.00	3.32	4.47	4.47	0.11	0.59	0.08	524286	0.0624
17.76	15.95	0.67	10.45	5.49	0.00	2.48	10.37	10.37	1.30	0.59	0.08	524286	0.0329
29.91	28.19	0.59	24.48	3.71	0.00	7.85	24.47	24.47	0.15	0.62	0.08	524286	0.0186
15.26	13.59	0.56	8.84	4.74	0.00	2.38	8.63	8.63	1.20	0.60	0.09	524286	0.0386
14.02	12.28	0.56	7.84	4.43	0.00	3.46	7.84	7.84	0.99	0.61	0.08	524286	0.0427
12.44	10.74	0.56	6.95	3.79	0.00	3.43	6.95	6.95	0.82	0.60	0.09	524286	0.0488
13.45	11.71	0.61	8.24	3.45	0.00	4.30	8.24	8.24	0.11	0.59	0.08	524286	0.0448
13.43	11.39	0.91	7.71	3.66	0.00	3.93	7.71	7.71	0.11	0.60	0.09	524286	0.0460
14.36	12.54	0.68	8.16	4.38	0.00	3.46	8.16	8.16	0.85	0.59	0.08	524286	0.0418
30.48	28.78	0.56	24.81	3.96	0.00	7.83	24.81	24.81	0.24	0.68	0.09	524286	0.0182
19.34	17.62	0.56	13.16	4.45	0.00	4.71	13.16	13.16	0.74	0.59	0.10	524286	0.0298
20.06	18.21	0.70	13.58	4.61	0.00	2.33	13.58	13.58	1.33	0.57	0.10	524286	0.0288
38.63	36.96	0.56	32.99	3.96	0.00	8.12	32.72	32.72	0.15	0.64	0.08	524286	0.0142
30.73	29.01	0.59	25.28	3.73	0.00	9.80	24.87	24.87	0.24	0.67	0.08	524286	0.0181
13.36	11.52	0.68	7.06	4.45	0.00	2.74	6.59	6.59	1.15	0.59	0.09	524286	0.0455
23.06	21.22	0.70	16.85	4.36	0.00	3.79	16.85	16.85	2.39	0.40	0.10	524286	0.0247
36.08	34.36	0.59	30.95	3.39	0.00	10.23	30.50	30.50	0.20	0.64	0.08	524286	0.0153
13.23	11.40	0.69	7.24	4.15	0.00	4.50	7.24	7.24	0.57	0.63	0.08	524286	0.0460
38.67	36.96	0.57	33.75	3.20	0.00	13.61	33.31	33.31	0.28	0.63	0.10	524286	0.0142
23.61	21.94	0.53	19.03	2.90	0.00	9.71	18.58	18.58	0.24	0.61	0.06	524286	0.0239
12.10	10.35	0.58	6.20	4.15	0.00	2.25	5.54	5.54	1.29	0.60	0.10	524286	0.0506
14.82	12.98	0.70	8.94	4.03	0.00	5.37	8.94	8.94	0.34	1.41	0.08	524286	0.0404
14.76	12.91	0.71	9.05	3.84	0.00	4.28	9.05	9.05	0.16	0.59	0.08	524286	0.0406
14.92	13.22	0.56	9.00	4.22	0.00	3.69	9.00	9.00	0.96	0.60	0.09	524286	0.0396
12.89	10.83	0.67	6.60	4.22	0.00	2.47	6.60	6.60	1.12	0.60	0.34	524286	0.0484
15.73	13.87	0.71	9.35	4.51	0.00	2.52	9.33	9.33	1.18	0.59	0.09	524286	0.0378
17.43	15.70	0.58	11.44	4.26	0.00	4.52	11.44	11.44	0.81	0.60	0.08	524286	0.0334
18.29	16.46	0.66	11.67	4.79	0.00	2.66	11.66	11.66	1.39	0.55	0.11	524286	0.0318
70.60	68.91	0.57	64.73	4.17	0.00	12.55	64.23	64.23	0.31	0.66	0.08	524286	0.0076
23.59	21.86	0.59	18.40	3.44	0.00	7.78	18.15	18.15	0.14	0.63	0.08	524286	0.0240
14.31	12.50	0.66	8.32	4.17	0.00	2.38	7.92	7.92	1.27	0.58	0.08	524286	0.0420
14.62	12.92	0.57	7.96	4.95	0.00	3.42	7.96	7.96	0.84	0.60	0.08	524286	0.0406
24.11	22.38	0.58	18.21	4.16	0.00	3.66	18.21	18.21	2.33	0.39	0.09	524286	0.0234
15.44	13.71	0.58	9.75	3.95	0.00	4.18	9.75	9.75	0.13	0.59	0.09	524286	0.0382
16.72	14.86	0.68	10.45	4.39	0.00	2.65	10.45	10.45	1.19	0.58	0.10	524286	0.0353
19.22	17.53	0.57	12.66	4.86	0.00	2.59	12.66	12.66	1.31	0.58	0.10	524286	0.0299
15.20	13.50	0.57	8.64	4.84	0.00	2.83	8.64	8.64	1.07	0.58	0.09	524286	0.0389
16.44	14.75	0.56	10.13	4.62	0.00	2.95	10.13	10.13	0.99	0.59	0.09	524286	0.0355
19.41	17.56	0.70	12.90	4.65	0.00	2.57	12.90	12.90	1.21	0.59	0.10	524286	0.0299
20.00	18.28	0.57	13.96	4.31	0.00	4.31	13.96	13.96	0.14	0.68	0.10	524286	0.0287
18.24	16.38	0.71	11.75	4.62	0.00	4.06	11.75	11.75	0.91	0.59	0.09	524286	0.0320
22.48	20.59	0.71	16.33	4.25	0.06	4.98	16.33	16.33	0.69	0.63	0.09	524286	0.0255
67.69	65.98	0.58	61.90	4.05	0.00	10.77	61.41	61.41	0.21	0.67	0.08	524286	0.0079
11.98	10.13	0.71	5.78	4.34	0.00	2.89	5.60	5.60	1.05	0.61	0.08	524286	0.0517
28.69	26.99	0.57	23.69	3.29	0.00	9.72	23.34	23.34	0.18	0.66	0.08	524286	0.0194
11.17	9.11	0.92	5.30	3.80	0.00	2.59	4.59	4.59	1.10	0.61	0.08	524286	0.0575
12.48	10.63	0.72	6.25	4.37	0.00	3.86	5.88	5.88	0.88	0.61	0.08	524286	0.0493
14.01	12.19	0.71	7.76	4.41	0.00	2.36	7.23	7.23	1.40	0.59	0.08	524286	0.0430
13.45	11.58	0.73	7.23	4.35	0.00	3.88	6.99	6.99	0.89	0.61	0.08	524286	0.0453
12.50	10.65	0.70	6.44	4.20	0.00	2.63	6.27	6.27	1.07	0.58	0.09	524286	0.0492
41.26	39.51	0.60	35.62	3.88	0.00	10.62	35.07	35.07	0.25	0.65	0.09	524286	0.0133
11.69	9.94	0.61	5.89	4.04	0.00	2.46	5.22	5.22	1.18	0.59	0.09	524286	0.0528
11.49	9.78	0.57	5.33	4.45	0.00	3.41	4.81	4.81	0.65	0.59	0.08	524286	0.0536
32.01	30.30	0.62	26.82	3.46	0.00	12.39	26.22	26.22	0.39	0.66	0.06	524286	0.0173
10.05	8.45	0.50	4.69	3.74	0.00	2.66	4.31	4.31	0.91	0.54	0.07	524286	0.0621
13.08	11.30	0.63	7.34	3.94	0.00	2.15	7.01	7.01	1.42	0.57	0.08	524286	0.0464
30.99	29.26	0.63	25.11	4.15	0.00	12.63	24.72	24.72	0.36	0.64	0.08	524286	0.0179
14.55	12.37	1.04	8.33	4.04	0.00	4.00	8.33	8.33	0.90	0.61	0.08	524286	0.0424
11.13	9.29	0.71	5.08	4.19	0.00	3.10	4.93	4.93	0.80	0.58	0.08	524286	0.0565
11.98	10.11	0.73	6.05	4.05	0.00	2.78	6.00	6.00	1.07	0.59	0.09	524286	0.0519
46.75	45.03	0.58	40.73	4.29	0.00	10.49	40.73	40.73	0.27	0.63	0.08	524286	0.0116
12.73	11.01	0.59	6.62	4.38	0.00	2.62	6.62	6.62	1.06	0.57	0.08	524286	0.0476
27.79	26.09	0.56	22.57	3.51	0.00	8.06	22.50	22.50	0.15	0.63	0.08	524286	0.0201
14.06	12.30	0.62	8.43	3.86	0.00	4.25	8.43	8.43	0.10	0.58	0.09	524286	0.0426
12.58	10.72	0.71	6.83	3.88	0.00	2.80	6.83	6.83	1.00	0.59	0.09	524286	0.0489
15.48	13.63	0.71	9.71	3.90	0.00	4.32	9.71	9.71	0.14	0.58	0.09	524286	0.0385
15.42	13.58	0.70	9.04	4.53	0.00	2.23	9.04	9.04	1.31	0.57	0.09	524286	0.0386
21.27	19.55	0.58	14.70	4.83	0.00	2.61	14.70	14.70	1.50	0.56	0.10	524286	0.0268
16.85	15.02	0.67	10.73	4.29	0.00	4.04	10.73	10.73	0.46	0.60	0.09	524286	0.0349
18.21	16.36	0.69	11.93	4.42	0.00	2.28	11.93	11.93	1.26	0.63	0.10	524286	0.0320
29.98	28.25	0.57	23.58	4.65	0.00	5.72	23.58	23.58	0.61	0.71	0.09	524286	0.0186
23.90	21.97	0.70	17.19	4.78	0.00	2.54	17.19	17.19	1.46	0.57	0.17	524286	0.0239
12.54	10.75	0.66	6.58	4.16	0.00	3.16	6.58	6.58	0.53	0.59	0.09	524286	0.0488
20.47	18.76	0.56	14.47	4.28	0.00	4.71	14.47	14.47	0.61	0.59	0.09	524286	0.0279
15.26	13.41	0.70	9.08	4.32	0.00	2.74	9.08	9.08	1.09	0.57	0.10	524286	0.0391
27.28	25.43	0.69	20.56	4.86	0.00	3.73	20.56	20.56	2.06	0.51	0.10	524286	0.0206
24.80	22.98	0.67	18.32	4.66	0.00	4.76	18.32	18.32	0.61	0.59	0.08	524286	0.0228
17.25	15.42	0.67	11.68	3.74	0.00	3.63	11.68	11.68	2.13	0.40	0.09	524286	0.0340
SCALE: 14
nvtx: 16384
edgefactor: 16
terasize: 4.19430399999999992e-06
A: 5.69999999999999951e-01
B: 1.90000000000000002e-01
C: 1.90000000000000002e-01
D: 5.00000000000000444e-02
generation_time: 0.00000000000000000e+00
construction_time: 2.72123000000000004e-01
nbfs: 100
min_time: 8.94999998807907184e-03
firstquartile_time: 1.27819999754428867e-02
median_time: 1.61890000104904161e-02
thirdquartile_time: 2.37897500097751652e-02
max_time: 8.93459999561309753e-02
mean_time: 2.06440599977970145e-02
stddev_time: 1.36503616426188086e-02
min_nedge: 2.62140000000000000e+05
firstquartile_nedge: 2.62140000000000000e+05
median_nedge: 2.62140000000000000e+05
thirdquartile_nedge: 2.62140000000000000e+05
max_nedge: 2.62140000000000000e+05
mean_nedge: 2.62140000000000000e+05
stddev_nedge: 0.00000000000000000e+00
min_TEPS: 2.93398697343710018e+06
firstquartile_TEPS: 1.14096705464549195e+07
median_TEPS: 1.67859948031492457e+07
thirdquartile_TEPS: 2.12914233090622611e+07
max_TEPS: 2.92893855138722509e+07
harmonic_mean_TEPS: 1.26980836147528104e+07
harmonic_stddev_TEPS: 8.43858501401587855e+05
