[BASH] Running the hybrid graph500 for scale 17 with sorted edges
file:/dev/null	benchmark:GRAPH500	vertices:131072	edges:4194302	partitioning:RANDOM	platform:HYBRID	alpha:50	repeat:1	gpu_count:1	thread_count:4	thread_sched:GUIDED	thread_bind:false	gpu_graph_mem:DEVICE	gpu_par_randomized:false	sorted:false	edge_sort_key:degree	edge_order:asc	separate_singletons:true	lambda:0Initializing the shares for Hybrid platform.
	time_init:424.16	time_par:36.90	rmt_vertex:59	rmt_edge:50	beta:2	pid0:50,50,30,25	pid1:0,0,0,0	pid2:50,50,29,25	
total	exec	init	comp	comm	finalize	cpu_comp	gpu_comp	gpu_total_comp	scatter	gather	aggr	trv_edges	exec_rate
256.34	249.16	1.94	229.30	19.85	0.00	46.25	215.86	215.86	3.11	5.10	0.19	4194302	0.0168
99.68	92.64	2.12	71.30	21.32	0.00	31.55	59.12	59.12	5.62	4.60	0.16	4194302	0.0453
92.98	85.22	2.58	65.41	19.81	0.00	30.42	57.03	57.03	5.51	4.39	0.20	4194302	0.0492
111.34	104.05	2.35	86.11	17.92	0.00	34.76	75.27	75.27	5.47	5.31	0.16	4194302	0.0403
229.96	222.50	2.54	205.04	17.44	0.00	59.12	184.44	184.44	5.82	5.45	0.15	4194302	0.0189
462.52	454.75	2.55	428.99	25.75	0.00	74.35	395.24	395.24	5.15	10.38	0.17	4194302	0.0092
103.86	96.20	2.49	82.40	13.79	0.00	35.97	74.14	74.14	8.04	3.92	0.16	4194302	0.0436
83.08	75.81	1.86	55.33	20.46	0.00	30.42	47.48	47.48	6.53	4.33	0.59	4194302	0.0553
117.60	110.32	2.08	90.36	19.95	0.00	34.53	79.55	79.55	4.91	3.92	0.19	4194302	0.0380
65.19	56.85	3.16	41.20	15.64	0.00	27.97	31.43	31.43	5.42	3.94	0.20	4194302	0.0738
96.88	88.93	2.83	75.58	13.34	0.00	34.31	69.93	69.93	8.33	3.96	0.20	4194302	0.0472
155.55	147.90	2.12	132.47	15.41	0.00	46.29	119.43	119.43	3.38	4.97	0.65	4194302	0.0284
102.28	95.28	2.12	75.99	19.28	0.00	34.40	65.86	65.86	5.00	4.96	0.19	4194302	0.0440
68.96	61.41	2.37	45.06	16.34	0.00	30.24	37.68	37.68	6.18	3.93	0.22	4194302	0.0683
92.27	85.56	1.65	66.68	18.87	0.00	27.61	60.43	60.43	6.02	3.85	0.15	4194302	0.0490
87.54	80.09	2.58	61.28	18.80	0.00	29.22	52.41	52.41	6.68	4.79	0.20	4194302	0.0524
70.05	62.34	2.56	46.76	15.58	0.00	30.45	38.29	38.29	4.75	4.29	0.16	4194302	0.0673
111.30	103.83	2.54	84.17	19.64	0.00	30.70	75.53	75.53	5.79	5.19	0.16	4194302	0.0404
76.19	69.44	1.44	52.18	17.25	0.00	30.76	43.94	43.94	5.97	4.80	0.19	4194302	0.0604
187.99	178.79	1.65	159.33	19.45	0.00	43.01	145.54	145.54	5.83	6.45	0.12	4194302	0.0235
102.34	95.05	1.36	81.01	14.02	0.00	35.65	65.20	65.20	3.52	4.53	0.51	4194302	0.0441
77.87	69.79	1.96	53.96	15.82	0.00	30.30	46.54	46.54	7.77	4.40	0.54	4194302	0.0601
282.90	275.29	1.92	257.61	17.68	0.00	71.38	235.75	235.75	4.98	5.65	0.12	4194302	0.0152
95.83	86.01	2.00	66.00	20.01	0.00	37.67	53.88	53.88	9.46	6.28	0.14	4194302	0.0488
85.86	78.68	2.47	59.55	19.12	0.00	31.34	48.40	48.40	6.50	5.55	0.16	4194302	0.0533
130.21	121.83	2.50	104.98	16.84	0.00	36.71	92.03	92.03	4.10	5.10	0.14	4194302	0.0344
82.83	73.99	1.89	56.30	17.68	0.00	32.72	44.68	44.68	6.97	5.74	0.85	4194302	0.0567
209.23	201.38	2.26	182.95	18.42	0.00	53.04	161.45	161.45	4.35	5.91	0.13	4194302	0.0208
104.49	91.44	4.22	69.38	22.05	0.00	40.75	51.69	51.69	10.12	7.65	0.15	4194302	0.0459
97.15	89.47	2.59	74.70	14.77	0.00	29.88	66.64	66.64	7.62	4.47	0.13	4194302	0.0469
195.99	187.49	1.86	173.52	13.96	0.00	39.17	160.30	160.30	3.48	4.84	0.12	4194302	0.0224
84.55	75.54	2.40	57.30	18.23	0.00	33.97	45.30	45.30	8.55	4.07	0.12	4194302	0.0555
127.58	121.65	1.00	110.44	11.20	0.00	39.01	97.14	97.14	3.08	4.38	0.12	4194302	0.0345
130.45	114.63	2.27	73.98	40.64	0.00	43.20	63.06	63.06	13.53	9.41	0.43	4194302	0.0366
314.94	303.58	6.57	278.16	25.41	0.00	66.24	256.12	256.12	7.87	7.05	0.12	4194302	0.0138
77.30	70.83	2.30	55.54	15.29	0.00	26.50	44.78	44.78	5.14	3.98	0.13	4194302	0.0592
120.81	112.41	2.30	74.52	37.87	0.00	42.10	64.19	64.19	12.78	6.41	0.58	4194302	0.0373
156.99	146.81	4.20	90.89	55.90	0.00	60.72	62.69	62.69	21.63	11.74	0.29	4194302	0.0286
150.20	136.04	8.76	114.92	21.11	0.00	67.74	91.54	91.54	10.33	7.50	0.20	4194302	0.0308
144.38	126.02	12.50	92.89	33.11	0.00	54.24	68.28	68.28	5.69	4.45	0.22	4194302	0.0333
186.62	168.52	11.70	128.42	40.09	0.00	63.81	113.48	113.48	3.82	21.61	0.57	4194302	0.0249
134.98	110.40	11.80	80.25	30.14	0.00	50.21	62.27	62.27	4.07	13.52	7.11	4194302	0.0380
136.12	118.16	2.69	68.92	49.23	0.00	59.56	55.66	55.66	10.13	9.69	0.20	4194302	0.0355
145.14	121.09	11.55	75.84	45.24	0.00	57.69	53.74	53.74	16.56	13.82	0.22	4194302	0.0346
164.61	152.75	6.23	127.99	24.74	0.00	86.90	107.14	107.14	23.18	4.07	0.20	4194302	0.0275
155.70	141.50	8.47	110.86	30.64	0.00	64.25	89.96	89.96	4.39	11.92	0.33	4194302	0.0296
259.91	238.85	11.06	204.73	34.11	0.00	61.77	179.09	179.09	3.21	4.28	0.37	4194302	0.0176
142.58	131.14	5.84	99.89	31.23	0.00	58.99	78.34	78.34	3.49	8.27	0.37	4194302	0.0320
120.88	113.02	1.91	79.29	33.71	0.00	63.39	59.50	59.50	4.71	4.21	0.38	4194302	0.0371
112.61	104.82	2.02	84.17	20.63	0.00	37.76	75.75	75.75	4.70	4.52	0.33	4194302	0.0400
106.89	99.02	2.54	79.15	19.86	0.00	31.04	71.66	71.66	6.98	3.83	0.40	4194302	0.0424
199.54	189.70	1.79	169.00	20.68	0.00	43.40	149.32	149.32	5.22	5.97	0.31	4194302	0.0221
138.13	124.19	2.48	91.09	33.09	0.00	54.65	72.77	72.77	9.98	7.28	0.37	4194302	0.0338
193.63	188.58	2.74	178.04	10.53	0.00	48.60	177.60	177.60	0.78	2.22	0.12	4194302	0.0222
69.26	60.98	2.35	45.21	15.76	0.00	26.94	38.39	38.39	9.13	4.28	0.18	4194302	0.0688
71.48	64.31	1.93	48.20	16.10	0.00	25.13	39.67	39.67	5.96	4.10	0.14	4194302	0.0652
560.62	551.35	2.50	530.50	20.84	0.00	66.28	507.73	507.73	6.16	5.71	0.17	4194302	0.0076
117.90	110.79	1.57	77.01	33.77	0.00	43.32	74.79	74.79	6.22	12.37	0.51	4194302	0.0379
103.08	96.80	1.61	78.26	18.53	0.00	41.88	71.17	71.17	6.82	12.24	0.12	4194302	0.0433
93.96	86.37	2.33	65.55	20.80	0.00	46.50	40.58	40.58	6.48	8.33	0.26	4194302	0.0486
114.50	105.95	2.98	83.98	21.95	0.00	38.21	73.73	73.73	8.31	6.57	0.16	4194302	0.0396
88.92	81.71	1.47	60.47	21.22	0.00	30.55	47.22	47.22	4.23	3.96	0.14	4194302	0.0513
344.50	333.89	2.49	293.29	40.60	0.00	59.20	266.84	266.84	6.02	7.33	4.99	4194302	0.0126
55.53	48.05	1.87	32.92	15.11	0.00	28.53	21.64	21.64	6.04	4.78	0.29	4194302	0.0873
261.77	252.94	2.19	209.37	43.56	0.00	62.97	194.31	194.31	6.34	4.07	0.95	4194302	0.0166
247.50	233.67	3.04	194.26	39.40	0.00	67.13	169.24	169.24	4.98	5.01	4.89	4194302	0.0179
108.15	103.45	2.35	91.33	12.11	0.00	33.93	77.39	77.39	2.61	2.88	0.11	4194302	0.0405
91.82	86.80	2.70	40.26	46.53	0.00	20.71	35.06	35.06	2.84	10.38	0.11	4194302	0.0483
113.28	106.67	0.75	51.56	55.10	0.00	31.66	42.97	42.97	2.72	7.00	0.49	4194302	0.0393
75.11	71.25	1.55	59.61	11.62	0.00	35.46	45.51	45.51	3.60	4.13	0.10	4194302	0.0589
65.39	58.81	0.73	31.35	27.03	0.00	25.99	16.21	16.21	3.24	6.52	0.77	4194302	0.0713
139.42	131.68	2.03	90.29	41.38	0.00	25.83	86.79	86.79	12.38	0.86	0.16	4194302	0.0319
280.00	272.71	1.60	192.95	79.75	0.00	53.40	176.68	176.68	6.41	5.65	0.24	4194302	0.0154
122.75	115.41	2.66	36.25	79.15	0.00	29.49	24.37	24.37	6.55	2.95	0.16	4194302	0.0363
91.88	84.07	2.02	60.03	24.02	0.00	37.78	41.48	41.48	7.66	5.32	0.14	4194302	0.0499
94.02	90.06	1.63	44.04	46.00	0.00	32.65	33.20	33.20	5.85	3.05	0.11	4194302	0.0466
78.87	71.02	2.11	39.34	31.67	0.00	30.97	22.69	22.69	4.18	3.48	0.13	4194302	0.0591
90.08	85.63	2.07	53.86	31.77	0.00	31.40	39.47	39.47	5.09	11.21	0.11	4194302	0.0490
135.70	126.70	0.67	38.21	88.47	0.00	28.09	29.67	29.67	2.65	3.20	2.76	4194302	0.0331
154.33	136.04	7.22	117.25	18.78	0.00	47.52	100.72	100.72	3.37	4.62	0.14	4194302	0.0308
126.21	113.05	2.53	81.29	31.72	0.00	43.45	66.56	66.56	3.80	5.25	4.93	4194302	0.0371
330.21	321.79	1.89	194.29	127.49	0.00	69.36	163.66	163.66	5.65	4.21	0.48	4194302	0.0130
79.48	72.47	2.57	37.87	34.60	0.00	37.40	23.15	23.15	6.54	6.91	0.54	4194302	0.0579
124.50	118.76	3.41	45.79	72.95	0.00	26.88	34.26	34.26	6.26	1.81	0.11	4194302	0.0353
82.85	76.20	0.65	47.74	28.45	0.00	20.39	38.35	38.35	5.65	3.25	0.19	4194302	0.0550
159.96	150.30	4.57	81.88	68.42	0.00	45.63	73.70	73.70	9.11	10.89	0.15	4194302	0.0279
75.58	68.53	1.73	40.49	28.03	0.00	40.10	22.94	22.94	10.99	4.78	0.16	4194302	0.0612
148.31	143.09	2.87	116.07	27.01	0.00	42.24	93.18	93.18	2.93	3.36	0.15	4194302	0.0293
170.70	162.81	2.51	129.76	33.04	0.00	39.52	122.52	122.52	6.82	7.38	0.18	4194302	0.0258
70.96	57.73	2.44	39.21	18.51	0.00	37.04	25.40	25.40	5.53	6.61	0.12	4194302	0.0727
114.81	107.16	1.95	66.60	40.55	0.00	44.02	48.55	48.55	2.82	7.13	0.14	4194302	0.0391
143.20	136.70	1.69	38.65	98.04	0.00	38.01	24.27	24.27	7.49	5.29	0.12	4194302	0.0307
66.39	52.90	3.24	39.80	13.09	0.00	31.99	24.46	24.46	6.59	4.42	2.19	4194302	0.0793
150.70	142.92	3.76	75.98	66.93	0.00	48.40	54.98	54.98	12.08	5.66	0.12	4194302	0.0293
99.35	83.35	0.79	58.07	25.26	0.00	22.01	54.31	54.31	3.66	4.29	0.16	4194302	0.0503
77.38	72.63	2.45	42.01	30.61	0.00	27.31	29.61	29.61	9.60	3.23	0.11	4194302	0.0578
385.62	379.57	0.65	357.26	22.30	0.00	36.86	342.22	342.22	3.55	3.89	0.13	4194302	0.0111
71.53	66.74	2.48	36.52	30.21	0.00	33.10	23.28	23.28	4.83	13.30	0.11	4194302	0.0628
128.98	120.59	1.62	65.66	54.92	0.00	30.22	55.30	55.30	6.61	2.67	0.28	4194302	0.0348
56.93	48.90	1.55	30.83	18.05	0.00	27.04	23.07	23.07	6.46	3.42	0.79	4194302	0.0858
SCALE: 17
nvtx: 131072
edgefactor: 16
terasize: 3.35544319999999993e-05
A: 5.69999999999999951e-01
B: 1.90000000000000002e-01
C: 1.90000000000000002e-01
D: 5.00000000000000444e-02
generation_time: 0.00000000000000000e+00
construction_time: 8.97760582999999945e-01
nbfs: 100
min_time: 4.99120000004768388e-02
firstquartile_time: 8.34202499687671795e-02
median_time: 1.10733000010251992e-01
thirdquartile_time: 1.50011500030755973e-01
max_time: 5.53847000122070332e-01
mean_time: 1.34615360000133494e-01
stddev_time: 8.55168316596322114e-02
min_nedge: 2.09713500000000000e+06
firstquartile_nedge: 2.09713500000000000e+06
median_nedge: 2.09713500000000000e+06
thirdquartile_nedge: 2.09713500000000000e+06
max_nedge: 2.09713500000000000e+06
mean_nedge: 2.09713500000000000e+06
stddev_nedge: 0.00000000000000000e+00
min_TEPS: 3.78648796425327240e+06
firstquartile_TEPS: 1.43143926868098713e+07
median_TEPS: 1.93869959361403398e+07
thirdquartile_TEPS: 2.57226309127258696e+07
max_TEPS: 4.20166493023714721e+07
harmonic_mean_TEPS: 1.55787199915219173e+07
harmonic_stddev_TEPS: 9.94651998083284940e+05
