[BASH] Running the Hybrid graph500 for scale 18
file:/dev/null	benchmark:GRAPH500	vertices:262143	edges:8388606	partitioning:LOW	platform:HYBRID	alpha:50	repeat:1	gpu_count:1	thread_count:1	thread_sched:GUIDED	thread_bind:false	gpu_graph_mem:DEVICE	gpu_par_randomized:false	sorted:false	edge_sort_key:id	edge_order:asc	separate_singletons:false	lambda:0Initializing the shares for Hybrid platform.
	time_init:996.26	time_par:55.95	rmt_vertex:58	rmt_edge:51	beta:2	pid0:1,50,57,26	pid1:99,50,1,26	
total	exec	init	comp	comm	finalize	cpu_comp	gpu_comp	gpu_total_comp	scatter	gather	aggr	trv_edges	exec_rate
214.11	211.17	1.36	172.54	38.62	0.00	38.38	161.00	161.00	45.32	6.00	0.12	8388606	0.0397
107.47	103.93	1.94	63.01	40.91	0.00	34.49	35.11	35.11	29.34	7.18	0.14	8388606	0.0807
224.75	221.76	1.36	183.74	38.02	0.00	42.67	173.72	173.72	47.12	5.92	0.12	8388606	0.0378
84.84	81.33	1.92	48.83	32.49	0.00	41.66	12.77	12.77	22.21	6.76	0.13	8388606	0.1031
217.62	214.70	1.35	176.62	38.07	0.00	40.72	165.92	165.92	46.30	5.90	0.11	8388606	0.0391
193.32	189.84	1.90	152.42	37.41	0.00	41.59	141.95	141.95	47.31	5.87	0.12	8388606	0.0442
124.36	120.89	1.88	77.25	43.63	0.00	32.26	53.33	53.33	33.41	6.80	0.14	8388606	0.0694
103.15	100.17	1.39	60.48	39.68	0.00	33.77	31.78	31.78	28.97	7.28	0.13	8388606	0.0837
196.02	193.08	1.36	149.25	43.83	0.00	31.55	130.35	130.35	36.17	6.35	0.12	8388606	0.0434
95.40	92.46	1.36	56.43	36.02	0.00	37.58	22.34	22.34	25.25	7.37	0.12	8388606	0.0907
253.69	250.35	1.36	209.50	40.84	0.00	33.18	194.76	194.76	40.97	6.19	0.52	8388606	0.0335
185.06	181.96	1.37	142.53	39.42	0.00	39.43	130.16	130.16	46.54	5.98	0.29	8388606	0.0461
85.65	82.02	1.81	48.28	33.73	0.00	39.61	13.01	13.01	23.66	6.62	0.37	8388606	0.1023
187.91	184.88	1.28	146.75	38.12	0.00	39.89	135.83	135.83	46.39	6.04	0.29	8388606	0.0454
214.53	210.58	1.72	169.81	40.76	0.00	33.36	155.91	155.91	42.26	6.07	0.76	8388606	0.0398
283.24	279.72	1.29	239.78	39.93	0.00	35.22	226.74	226.74	43.32	6.02	0.77	8388606	0.0300
101.35	98.04	1.26	59.67	38.36	0.00	36.64	27.59	27.59	27.37	6.87	0.55	8388606	0.0856
93.82	90.66	1.28	55.60	35.06	0.00	38.38	22.72	22.72	24.52	6.74	0.42	8388606	0.0925
145.73	142.56	1.34	102.75	39.81	0.00	34.21	74.00	74.00	28.28	6.87	0.36	8388606	0.0588
211.78	208.64	1.31	164.69	43.94	0.00	31.44	146.78	146.78	36.09	6.36	0.37	8388606	0.0402
81.00	78.13	1.28	47.89	30.23	0.00	44.02	10.00	10.00	19.93	6.54	0.14	8388606	0.1074
106.46	103.25	1.34	67.01	36.24	0.00	37.92	33.61	33.61	24.72	7.35	0.35	8388606	0.0812
93.20	90.08	1.31	55.09	34.98	0.00	38.86	20.14	20.14	24.41	6.68	0.36	8388606	0.0931
153.15	150.07	1.28	105.48	44.57	0.00	31.88	82.54	82.54	32.79	6.63	0.35	8388606	0.0559
372.78	369.23	1.29	328.13	41.09	0.00	33.33	313.65	313.65	40.81	6.13	0.81	8388606	0.0227
205.64	202.46	1.29	158.73	43.72	0.00	31.15	140.35	140.35	37.02	6.33	0.38	8388606	0.0414
198.69	195.60	1.27	151.59	44.00	0.00	31.20	132.89	132.89	36.11	6.39	0.36	8388606	0.0429
192.63	189.44	1.46	151.53	37.90	0.00	41.19	140.89	140.89	47.24	5.90	0.29	8388606	0.0443
90.18	86.51	1.78	51.38	35.12	0.00	38.07	18.10	18.10	24.83	6.75	0.36	8388606	0.0970
114.65	111.53	1.28	74.27	37.25	0.00	38.03	41.36	41.36	25.92	6.75	0.38	8388606	0.0752
211.83	208.50	1.56	170.20	38.30	0.00	39.02	158.88	158.88	45.84	5.96	0.29	8388606	0.0402
84.41	80.82	1.77	47.35	33.46	0.00	40.69	11.10	11.10	22.70	6.56	0.36	8388606	0.1038
98.83	95.78	1.26	56.93	38.84	0.00	34.65	27.45	27.45	27.82	6.86	0.33	8388606	0.0876
93.36	90.26	1.27	53.80	36.45	0.00	36.59	21.98	21.98	25.77	6.95	0.36	8388606	0.0929
404.08	400.27	1.58	359.61	40.65	0.00	33.81	346.05	346.05	42.00	6.21	0.76	8388606	0.0210
187.61	184.41	1.39	141.63	42.76	0.00	30.26	123.22	123.22	35.61	6.39	0.35	8388606	0.0455
202.12	199.00	1.31	155.72	43.27	0.00	31.90	137.36	137.36	36.95	6.40	0.35	8388606	0.0422
203.20	200.04	1.35	162.84	37.19	0.00	45.76	153.54	153.54	47.81	5.88	0.30	8388606	0.0419
157.49	153.79	1.89	107.04	46.73	0.00	30.85	88.51	88.51	35.42	6.40	0.37	8388606	0.0545
176.22	172.68	1.28	133.65	39.03	0.00	36.43	121.32	121.32	44.98	6.00	0.80	8388606	0.0486
92.72	89.62	1.29	53.26	36.35	0.00	36.73	21.40	21.40	25.88	6.89	0.36	8388606	0.0936
111.32	108.21	1.28	69.56	38.65	0.00	34.64	40.63	40.63	27.95	6.93	0.37	8388606	0.0775
187.50	184.09	1.58	140.23	43.85	0.00	32.04	116.76	116.76	33.32	6.74	0.38	8388606	0.0456
189.34	186.31	1.29	148.23	38.07	0.00	40.41	137.39	137.39	46.82	5.96	0.29	8388606	0.0450
83.82	80.03	1.84	47.05	32.98	0.00	41.26	11.03	11.03	22.82	6.56	0.50	8388606	0.1048
230.26	227.16	1.34	189.28	37.87	0.00	42.92	179.28	179.28	46.99	5.91	0.31	8388606	0.0369
110.41	106.66	1.79	65.49	41.16	0.00	34.73	38.60	38.60	29.16	6.88	0.44	8388606	0.0786
135.50	132.01	1.61	94.78	37.22	0.00	36.71	62.38	62.38	25.60	7.23	0.36	8388606	0.0635
100.80	97.53	1.29	58.83	38.69	0.00	37.38	28.80	28.80	26.65	6.77	0.52	8388606	0.0860
105.95	102.36	1.33	62.54	39.81	0.00	41.12	36.98	36.98	22.02	6.59	0.80	8388606	0.0819
115.13	111.90	1.42	76.41	35.48	0.00	38.41	42.10	42.10	24.00	7.18	0.36	8388606	0.0750
184.14	181.13	1.28	142.85	38.27	0.00	38.61	131.47	131.47	46.30	5.99	0.29	8388606	0.0463
204.38	200.71	1.85	156.81	43.90	0.00	31.60	138.43	138.43	36.14	6.32	0.37	8388606	0.0418
107.47	104.15	1.35	63.08	41.07	0.00	35.09	36.24	36.24	28.88	6.88	0.51	8388606	0.0805
175.57	171.74	1.34	130.19	41.54	0.00	32.54	115.04	115.04	40.35	6.13	0.96	8388606	0.0488
79.15	76.29	1.28	51.11	25.17	0.00	49.94	7.82	7.82	13.78	6.62	0.14	8388606	0.1100
89.35	85.96	1.34	53.66	32.30	0.00	41.84	19.99	19.99	21.60	6.60	0.52	8388606	0.0976
202.31	198.51	1.37	158.85	39.65	0.00	35.69	146.09	146.09	44.42	6.10	0.96	8388606	0.0423
96.65	93.13	1.30	58.00	35.12	0.00	38.34	25.71	25.71	24.73	6.68	0.77	8388606	0.0901
523.79	520.15	1.37	478.64	41.49	0.00	33.05	463.63	463.63	39.76	6.14	0.82	8388606	0.0161
290.12	286.97	1.33	242.62	44.34	0.00	31.18	223.87	223.87	36.23	6.36	0.36	8388606	0.0292
159.01	155.43	1.26	114.10	41.32	0.00	32.72	98.76	98.76	40.78	6.41	0.87	8388606	0.0540
176.94	173.83	1.38	136.62	37.19	0.00	43.44	126.24	126.24	47.83	5.85	0.28	8388606	0.0483
126.89	123.09	1.95	79.22	43.87	0.00	32.70	54.97	54.97	31.90	6.76	0.36	8388606	0.0681
219.47	215.89	1.29	173.28	42.61	0.00	31.73	156.23	156.23	38.07	6.25	0.82	8388606	0.0389
112.65	109.53	1.30	67.98	41.54	0.00	34.10	39.59	39.59	30.12	6.85	0.37	8388606	0.0766
81.74	78.86	1.29	48.47	30.38	0.00	43.95	10.43	10.43	20.06	6.59	0.14	8388606	0.1064
95.49	92.21	1.32	58.26	33.95	0.00	40.42	25.70	25.70	22.71	6.63	0.52	8388606	0.0910
196.80	193.11	1.34	152.61	40.49	0.00	35.31	139.70	139.70	42.69	6.03	0.90	8388606	0.0434
196.01	192.90	1.30	148.51	44.39	0.00	31.22	129.83	129.83	36.43	6.42	0.35	8388606	0.0435
132.65	129.52	1.28	86.19	43.32	0.00	32.98	61.60	61.60	32.82	6.76	0.37	8388606	0.0648
76.78	73.92	1.29	53.40	20.51	0.00	52.78	7.70	7.70	9.52	6.67	0.13	8388606	0.1135
368.84	365.34	1.62	321.76	43.58	0.00	31.45	302.36	302.36	35.99	6.47	0.43	8388606	0.0230
171.24	167.54	1.35	126.62	40.92	0.00	32.63	111.80	111.80	40.73	6.29	0.90	8388606	0.0501
84.49	81.64	1.27	49.20	32.44	0.00	44.09	11.32	11.32	20.87	6.85	0.13	8388606	0.1028
109.35	106.15	1.40	70.47	35.67	0.00	37.91	36.92	36.92	24.61	7.02	0.33	8388606	0.0790
93.29	90.19	1.27	51.51	38.68	0.00	34.33	22.95	22.95	27.92	6.86	0.37	8388606	0.0930
384.90	381.04	1.58	339.88	41.15	0.00	32.95	325.48	325.48	40.64	6.24	0.83	8388606	0.0220
266.36	262.79	1.28	221.44	41.33	0.00	33.28	207.57	207.57	41.36	6.09	0.77	8388606	0.0319
98.71	95.50	1.33	59.57	35.93	0.00	37.10	28.46	28.46	25.39	6.76	0.42	8388606	0.0878
601.12	597.31	1.59	555.94	41.37	0.00	33.98	542.83	542.83	41.88	6.11	0.75	8388606	0.0140
92.10	88.89	1.31	53.98	34.91	0.00	38.71	20.49	20.49	24.29	6.75	0.42	8388606	0.0944
587.30	583.38	1.59	542.20	41.18	0.00	34.08	528.64	528.64	41.82	6.17	0.86	8388606	0.0144
216.56	213.40	1.36	174.99	38.40	0.00	40.28	164.18	164.18	46.71	5.94	0.35	8388606	0.0393
265.06	260.91	1.86	219.24	41.67	0.00	33.21	205.20	205.20	40.69	6.12	0.83	8388606	0.0322
207.11	203.90	1.34	160.30	43.59	0.00	31.62	142.08	142.08	35.80	6.31	0.36	8388606	0.0411
108.29	105.12	1.28	64.13	40.98	0.00	34.68	34.70	34.70	29.48	6.87	0.43	8388606	0.0798
155.81	152.22	1.28	111.30	40.91	0.00	33.68	96.44	96.44	40.38	6.23	0.80	8388606	0.0551
183.32	180.31	1.26	143.17	37.13	0.00	46.91	134.01	134.01	48.00	5.88	0.30	8388606	0.0465
96.85	93.00	1.96	53.06	39.94	0.00	35.81	24.09	24.09	28.63	6.95	0.37	8388606	0.0902
171.07	167.64	1.59	124.62	43.01	0.00	33.35	100.33	100.33	32.55	6.76	0.36	8388606	0.0500
102.48	99.19	1.30	61.68	37.50	0.00	36.25	32.23	32.23	26.00	7.06	0.52	8388606	0.0846
181.98	178.14	1.42	136.18	41.96	0.00	33.05	121.90	121.90	40.60	6.07	0.96	8388606	0.0471
290.78	287.24	1.32	247.90	39.34	0.00	35.93	235.35	235.35	44.02	6.01	0.77	8388606	0.0292
183.53	180.43	1.29	141.82	38.60	0.00	38.34	130.58	130.58	46.00	6.05	0.30	8388606	0.0465
161.90	158.30	1.78	114.26	44.03	0.00	31.60	95.15	95.15	36.33	6.52	0.36	8388606	0.0530
203.63	200.45	1.33	156.49	43.95	0.00	31.43	138.13	138.13	37.11	6.36	0.39	8388606	0.0418
258.60	255.12	1.26	214.01	41.10	0.00	33.21	199.48	199.48	40.57	6.11	0.76	8388606	0.0329
268.40	264.82	1.29	224.93	39.88	0.00	34.17	211.06	211.06	41.79	6.09	0.83	8388606	0.0317
138.35	135.23	1.30	92.60	42.63	0.00	31.58	68.45	68.45	31.25	6.85	0.36	8388606	0.0620
SCALE: 18
nvtx: 262144
edgefactor: 16
terasize: 6.71088639999999987e-05
A: 5.69999999999999951e-01
B: 1.90000000000000002e-01
C: 1.90000000000000002e-01
D: 5.00000000000000444e-02
generation_time: 0.00000000000000000e+00
construction_time: 3.42369983300000014e+00
nbfs: 100
min_time: 7.52010002136230538e-02
firstquartile_time: 1.00761999994516363e-01
median_time: 1.71154999911785122e-01
thirdquartile_time: 2.08770999997854229e-01
max_time: 5.98898000121116603e-01
mean_time: 1.76014830003976830e-01
stddev_time: 1.00263365134563506e-01
min_nedge: 4.19425900000000000e+06
firstquartile_nedge: 4.19425900000000000e+06
median_nedge: 4.19425900000000000e+06
thirdquartile_nedge: 4.19425900000000000e+06
max_nedge: 4.19425900000000000e+06
mean_nedge: 4.19425900000000000e+06
stddev_nedge: 0.00000000000000000e+00
min_TEPS: 7.00329438260235451e+06
firstquartile_TEPS: 2.06152015083375275e+07
median_TEPS: 2.55170853575214297e+07
thirdquartile_TEPS: 4.23891260504919887e+07
max_TEPS: 5.57739789109904394e+07
harmonic_mean_TEPS: 2.38290091801085025e+07
harmonic_stddev_TEPS: 1.36421054904361675e+06
