[BASH] Running the Hybrid graph500 for scale 18
file:/dev/null	benchmark:GRAPH500	vertices:262143	edges:8388606	partitioning:HIGH	platform:HYBRID	alpha:50	repeat:1	gpu_count:1	thread_count:1	thread_sched:GUIDED	thread_bind:false	gpu_graph_mem:DEVICE	gpu_par_randomized:false	sorted:false	edge_sort_key:id	edge_order:asc	separate_singletons:false	lambda:0Initializing the shares for Hybrid platform.
	time_init:996.33	time_par:58.20	rmt_vertex:58	rmt_edge:51	beta:2	pid0:99,50,1,26	pid1:1,50,57,26	
total	exec	init	comp	comm	finalize	cpu_comp	gpu_comp	gpu_total_comp	scatter	gather	aggr	trv_edges	exec_rate
365.12	333.76	0.83	287.30	46.46	0.00	4.64	285.48	285.48	0.08	0.31	0.27	8388606	0.0251
92.56	61.73	0.78	42.48	19.24	0.00	12.10	35.98	35.98	0.86	0.34	0.24	8388606	0.1359
98.36	67.64	0.80	53.83	13.81	0.00	4.99	52.39	52.39	0.59	0.30	0.24	8388606	0.1240
161.01	130.25	0.80	105.06	25.19	0.00	5.04	103.50	103.50	0.53	0.30	0.24	8388606	0.0644
121.31	89.94	1.17	73.98	15.95	0.00	4.75	73.23	73.23	0.48	0.30	0.24	8388606	0.0933
119.87	88.56	0.80	70.90	17.65	0.00	4.76	69.46	69.46	0.16	0.30	0.27	8388606	0.0947
275.10	244.25	0.81	230.20	14.04	0.00	34.35	229.50	229.50	0.09	0.58	0.23	8388606	0.0343
87.12	56.41	0.79	42.29	14.11	0.00	11.14	35.89	35.89	0.87	0.29	0.24	8388606	0.1487
178.64	147.90	0.78	134.88	13.01	0.00	11.64	134.64	134.64	0.47	0.37	0.23	8388606	0.0567
84.67	53.71	1.01	40.46	13.24	0.00	7.19	36.94	36.94	0.65	0.29	0.24	8388606	0.1562
135.26	104.35	0.88	90.07	14.27	0.00	6.00	89.63	89.63	0.38	0.35	0.24	8388606	0.0804
109.94	79.27	0.78	65.23	14.03	0.00	5.61	63.47	63.47	0.09	0.30	0.24	8388606	0.1058
86.71	55.78	1.01	42.78	12.99	0.00	6.07	40.23	40.23	0.61	0.29	0.24	8388606	0.1504
104.75	74.01	0.75	59.39	14.61	0.00	4.62	58.14	58.14	0.23	0.35	0.24	8388606	0.1133
136.21	105.60	0.70	91.45	14.15	0.00	6.36	90.90	90.90	0.21	0.35	0.23	8388606	0.0794
117.66	83.26	4.42	70.06	13.20	0.00	5.85	69.34	69.34	0.37	0.33	0.24	8388606	0.1008
85.75	54.83	0.93	40.71	14.09	0.00	9.74	36.02	36.02	0.76	0.28	0.25	8388606	0.1530
96.96	65.98	0.74	49.95	16.03	0.00	6.92	47.02	47.02	0.66	0.29	0.24	8388606	0.1271
88.36	57.75	0.70	43.28	14.46	0.00	10.78	37.40	37.40	0.83	0.30	0.24	8388606	0.1453
165.49	134.62	0.93	121.41	13.20	0.00	9.82	121.25	121.25	0.53	0.35	0.24	8388606	0.0623
95.53	64.64	0.96	51.89	12.75	0.00	4.57	51.39	51.39	0.61	0.29	0.24	8388606	0.1298
117.33	86.76	0.73	65.61	21.14	0.00	7.32	62.48	62.48	0.68	0.29	0.24	8388606	0.0967
122.50	91.74	0.70	71.17	20.56	0.00	6.74	71.17	71.17	0.63	0.29	0.24	8388606	0.0914
96.16	65.49	0.71	49.97	15.51	0.00	20.20	36.69	36.69	1.05	0.29	0.24	8388606	0.1281
196.20	165.51	0.76	147.21	18.30	0.00	5.40	146.84	146.84	0.46	0.33	0.24	8388606	0.0507
191.64	160.82	0.88	146.88	13.93	0.00	10.58	146.74	146.74	0.19	0.36	0.24	8388606	0.0522
172.34	141.34	0.98	128.40	12.93	0.00	11.81	128.19	128.19	0.47	0.35	0.24	8388606	0.0594
94.28	63.58	0.79	50.70	12.87	0.00	4.78	49.33	49.33	0.47	0.30	0.24	8388606	0.1319
117.30	86.59	0.80	66.20	20.38	0.00	7.54	63.06	63.06	0.63	0.29	0.24	8388606	0.0969
92.83	62.14	0.73	46.44	15.69	0.00	9.01	43.19	43.19	0.73	0.29	0.24	8388606	0.1350
140.97	110.31	0.74	91.29	19.01	0.00	4.54	89.58	89.58	0.10	0.30	0.24	8388606	0.0760
96.50	65.64	0.98	51.25	14.38	0.00	5.49	49.41	49.41	0.59	0.29	0.24	8388606	0.1278
115.92	85.29	0.74	63.79	21.50	0.00	10.77	57.27	57.27	0.77	0.29	0.24	8388606	0.0984
97.85	66.98	0.94	50.85	16.13	0.00	7.97	47.84	47.84	0.65	0.29	0.24	8388606	0.1252
214.12	183.41	0.72	161.65	21.75	0.00	6.21	160.53	160.53	0.13	0.33	0.23	8388606	0.0457
213.73	183.22	0.58	169.96	13.25	0.00	12.23	169.24	169.24	0.06	0.36	0.24	8388606	0.0458
170.24	139.59	0.73	127.31	12.27	0.00	10.83	126.33	126.33	0.08	0.35	0.24	8388606	0.0601
87.16	56.48	0.73	43.64	12.83	0.00	5.71	40.46	40.46	0.08	0.29	0.24	8388606	0.1485
311.47	280.84	0.61	265.00	15.83	0.00	13.14	264.35	264.35	0.05	0.37	0.23	8388606	0.0299
111.99	81.19	0.74	67.89	13.29	0.00	4.68	67.12	67.12	0.16	0.32	0.24	8388606	0.1033
83.77	53.14	0.69	39.75	13.38	0.00	8.15	36.27	36.27	0.74	0.29	0.25	8388606	0.1579
111.70	80.68	0.75	61.84	18.83	0.00	10.52	55.68	55.68	0.87	0.32	0.24	8388606	0.1040
555.70	524.94	0.73	503.79	21.15	0.00	30.89	502.99	502.99	0.11	0.36	0.24	8388606	0.0160
101.23	70.48	0.70	57.06	13.42	0.00	4.75	55.95	55.95	0.50	0.31	0.24	8388606	0.1190
88.94	58.25	0.74	45.20	13.04	0.00	5.40	43.34	43.34	0.60	0.29	0.24	8388606	0.1440
126.47	95.81	0.73	76.39	19.41	0.00	6.25	74.05	74.05	0.14	0.30	0.24	8388606	0.0876
92.16	61.24	0.92	45.67	15.56	0.00	12.44	39.25	39.25	0.88	0.30	0.24	8388606	0.1370
117.06	86.46	0.71	65.02	21.43	0.00	7.79	60.89	60.89	0.63	0.29	0.24	8388606	0.0970
121.22	90.62	0.70	68.26	22.35	0.00	9.59	66.14	66.14	0.64	0.30	0.24	8388606	0.0926
107.13	76.35	0.89	60.50	15.84	0.00	5.31	59.13	59.13	0.57	0.31	0.24	8388606	0.1099
124.18	93.56	0.71	71.89	21.67	0.00	6.42	68.88	68.88	0.56	0.28	0.24	8388606	0.0897
116.71	85.67	0.96	71.02	14.65	0.00	4.62	70.17	70.17	0.17	0.30	0.24	8388606	0.0979
166.15	135.56	0.73	122.19	13.36	0.00	9.19	121.85	121.85	0.36	0.36	0.23	8388606	0.0619
85.93	55.30	0.68	40.96	14.33	0.00	12.18	34.05	34.05	0.91	0.29	0.24	8388606	0.1517
138.01	107.22	0.73	92.22	14.99	0.00	6.54	91.76	91.76	0.18	0.34	0.24	8388606	0.0782
125.97	95.14	0.70	81.15	13.98	0.00	5.82	81.05	81.05	0.69	0.32	0.24	8388606	0.0882
90.58	59.94	0.73	46.88	13.05	0.00	4.96	45.55	45.55	0.60	0.29	0.23	8388606	0.1399
161.85	130.94	0.73	112.01	18.93	0.00	5.32	110.13	110.13	0.07	0.50	0.23	8388606	0.0641
91.74	60.91	0.88	46.40	14.50	0.00	6.95	44.02	44.02	0.66	0.29	0.27	8388606	0.1377
206.77	175.97	0.73	156.55	19.41	0.00	6.73	155.55	155.55	0.11	0.35	0.24	8388606	0.0477
184.38	153.67	0.73	141.14	12.52	0.00	12.40	141.05	141.05	0.48	0.36	0.23	8388606	0.0546
129.47	98.53	0.90	85.32	13.20	0.00	6.93	84.20	84.20	0.10	0.34	0.24	8388606	0.0851
90.74	60.10	0.71	47.15	12.94	0.00	5.05	45.43	45.43	0.50	0.29	0.24	8388606	0.1396
90.38	59.51	0.94	44.96	14.54	0.00	18.94	32.53	32.53	1.17	0.29	0.24	8388606	0.1410
155.53	124.72	0.72	110.90	13.82	0.00	8.22	110.63	110.63	0.37	0.35	0.24	8388606	0.0673
101.50	70.49	0.74	52.43	18.06	0.00	13.14	44.90	44.90	0.86	0.59	0.25	8388606	0.1190
104.73	74.15	0.68	60.10	14.03	0.00	4.64	59.49	59.49	0.56	0.30	0.24	8388606	0.1131
86.88	56.20	0.73	43.03	13.16	0.00	5.64	41.67	41.67	0.67	0.29	0.24	8388606	0.1493
165.73	135.03	0.71	116.01	19.00	0.00	4.65	115.49	115.49	0.52	0.32	0.24	8388606	0.0621
199.66	168.92	0.70	155.51	13.40	0.00	13.16	155.30	155.30	0.38	0.35	0.23	8388606	0.0497
266.34	235.70	0.73	223.08	12.61	0.00	34.11	222.28	222.28	0.10	0.37	0.24	8388606	0.0356
128.71	97.83	0.95	85.04	12.78	0.00	5.95	84.89	84.89	0.58	0.34	0.23	8388606	0.0857
184.12	153.19	0.98	140.37	12.79	0.00	13.08	139.49	139.49	0.10	0.36	0.23	8388606	0.0548
128.16	97.27	0.93	84.68	12.58	0.00	5.52	83.51	83.51	0.08	0.35	0.24	8388606	0.0862
96.23	65.36	0.91	51.63	13.73	0.00	5.73	50.50	50.50	0.63	0.30	0.24	8388606	0.1283
117.30	86.66	0.70	66.28	20.37	0.00	7.60	62.99	62.99	0.64	0.33	0.24	8388606	0.0968
116.44	85.69	0.70	63.49	22.20	0.00	10.47	60.11	60.11	1.05	0.30	0.24	8388606	0.0979
142.96	112.33	0.72	98.37	13.95	0.00	6.57	97.94	97.94	0.17	0.34	0.23	8388606	0.0747
126.20	95.54	0.70	82.28	13.22	0.00	6.71	81.80	81.80	0.42	0.34	0.23	8388606	0.0878
84.96	53.30	1.68	39.91	13.38	0.00	7.72	36.51	36.51	0.71	0.30	0.24	8388606	0.1574
127.59	96.83	0.73	80.86	15.96	0.00	5.94	80.38	80.38	0.51	0.33	0.24	8388606	0.0866
89.79	59.17	0.68	45.19	13.98	0.00	6.61	42.41	42.41	0.62	0.29	0.24	8388606	0.1418
119.07	88.23	0.91	75.77	12.43	0.00	5.31	75.27	75.27	0.37	0.34	0.24	8388606	0.0951
95.89	65.08	0.91	52.16	12.92	0.00	4.66	50.96	50.96	0.51	0.30	0.23	8388606	0.1289
199.79	168.94	0.73	149.46	19.47	0.00	6.51	149.08	149.08	0.44	0.33	0.24	8388606	0.0497
174.09	143.49	0.73	130.92	12.56	0.00	8.92	130.92	130.92	0.53	0.36	0.24	8388606	0.0585
86.49	55.63	0.93	41.21	14.41	0.00	12.82	33.73	33.73	0.97	0.29	0.24	8388606	0.1508
131.38	100.62	0.75	86.97	13.65	0.00	5.84	86.47	86.47	0.31	0.34	0.24	8388606	0.0834
102.30	71.34	0.74	55.22	16.11	0.00	5.87	52.67	52.67	0.55	0.29	0.24	8388606	0.1176
90.60	60.02	0.68	44.73	15.28	0.00	11.94	38.78	38.78	0.84	0.29	0.24	8388606	0.1398
261.11	230.44	0.73	218.09	12.35	0.00	30.38	217.33	217.33	0.10	0.37	0.24	8388606	0.0364
88.57	53.64	5.04	40.23	13.40	0.00	8.42	35.64	35.64	0.72	0.29	0.24	8388606	0.1564
132.27	101.49	0.73	86.07	15.41	0.00	6.31	85.77	85.77	0.56	0.34	0.24	8388606	0.0827
119.85	89.17	0.72	75.55	13.62	0.00	4.64	75.00	75.00	0.45	0.31	0.24	8388606	0.0941
100.09	69.25	0.88	56.41	12.79	0.00	4.50	54.77	54.77	0.08	0.30	0.24	8388606	0.1211
287.74	256.94	0.81	237.94	18.99	0.00	11.04	237.73	237.73	0.34	0.35	0.24	8388606	0.0326
166.59	135.86	0.67	123.02	12.84	0.00	9.57	122.11	122.11	0.10	0.35	0.23	8388606	0.0617
125.42	94.77	0.72	81.97	12.79	0.00	5.57	81.58	81.58	0.51	0.34	0.23	8388606	0.0885
119.98	89.06	0.94	76.40	12.66	0.00	5.55	75.11	75.11	0.08	0.32	0.24	8388606	0.0942
264.28	233.56	0.78	221.69	11.87	0.00	37.05	221.07	221.07	0.06	0.37	0.24	8388606	0.0359
SCALE: 18
nvtx: 262144
edgefactor: 16
terasize: 6.71088639999999987e-05
A: 5.69999999999999951e-01
B: 1.90000000000000002e-01
C: 1.90000000000000002e-01
D: 5.00000000000000444e-02
generation_time: 0.00000000000000000e+00
construction_time: 3.43272991499999991e+00
nbfs: 100
min_time: 5.38220001459121730e-02
firstquartile_time: 6.62140001058578453e-02
median_time: 8.96274998784065274e-02
thirdquartile_time: 1.35686000049114214e-01
max_time: 5.25668000102043176e-01
mean_time: 1.09645199999809276e-01
stddev_time: 6.93255565307114852e-02
min_nedge: 4.19425900000000000e+06
firstquartile_nedge: 4.19425900000000000e+06
median_nedge: 4.19425900000000000e+06
thirdquartile_nedge: 4.19425900000000000e+06
max_nedge: 4.19425900000000000e+06
mean_nedge: 4.19425900000000000e+06
stddev_nedge: 0.00000000000000000e+00
min_TEPS: 7.97891254401220288e+06
firstquartile_TEPS: 3.18907310051626377e+07
median_TEPS: 4.74447469227983952e+07
thirdquartile_TEPS: 6.38373179639446884e+07
max_TEPS: 7.79283376431441903e+07
harmonic_mean_TEPS: 3.82530106197744459e+07
harmonic_stddev_TEPS: 2.43081419812085060e+06
