[BASH] Running the Hybrid graph500 for scale 19
file:/dev/null	benchmark:GRAPH500	vertices:524288	edges:16777214	partitioning:HIGH	platform:HYBRID	alpha:50	repeat:1	gpu_count:1	thread_count:1	thread_sched:GUIDED	thread_bind:false	gpu_graph_mem:DEVICE	gpu_par_randomized:false	sorted:false	edge_sort_key:id	edge_order:asc	separate_singletons:false	lambda:0Initializing the shares for Hybrid platform.
	time_init:2169.78	time_par:119.93	rmt_vertex:56	rmt_edge:51	beta:2	pid0:99,50,1,26	pid1:1,50,55,26	
total	exec	init	comp	comm	finalize	cpu_comp	gpu_comp	gpu_total_comp	scatter	gather	aggr	trv_edges	exec_rate
260.84	199.29	0.81	159.92	39.36	0.00	17.29	153.85	153.85	0.98	0.37	0.40	16777214	0.0842
246.95	185.82	0.95	162.40	23.41	0.00	8.24	161.00	161.00	0.58	0.39	0.39	16777214	0.0903
241.78	180.87	0.90	157.40	23.46	0.00	8.16	155.99	155.99	0.68	0.38	0.39	16777214	0.0928
419.06	358.17	0.84	321.65	36.51	0.00	9.65	321.08	321.08	0.47	0.41	0.39	16777214	0.0468
175.53	114.62	0.88	92.01	22.60	0.00	10.27	87.32	87.32	0.79	0.36	0.39	16777214	0.1464
206.01	144.99	0.83	111.67	33.31	0.00	22.73	96.88	96.88	1.25	0.36	0.40	16777214	0.1157
170.60	109.74	0.83	85.68	24.04	0.00	15.25	77.90	77.90	1.00	0.35	0.40	16777214	0.1529
515.26	454.37	0.84	432.02	22.34	0.00	56.34	430.57	430.57	0.52	0.64	0.39	16777214	0.0369
173.69	112.86	0.75	91.34	21.51	0.00	9.20	87.56	87.56	0.84	0.36	0.39	16777214	0.1487
162.67	101.17	0.76	78.80	22.37	0.00	16.35	70.34	70.34	1.06	0.36	0.40	16777214	0.1658
549.03	488.25	0.72	466.08	22.16	0.00	61.18	464.68	464.68	0.34	0.64	0.39	16777214	0.0344
193.53	132.70	0.74	111.13	21.56	0.00	8.10	108.60	108.60	0.85	0.37	0.39	16777214	0.1264
226.13	165.29	0.75	143.61	21.68	0.00	10.34	141.17	141.17	0.70	0.43	0.40	16777214	0.1015
314.46	253.61	0.76	232.94	20.67	0.00	15.45	231.98	231.98	0.76	0.46	0.39	16777214	0.0662
188.21	127.45	0.73	102.16	25.28	0.00	14.57	93.76	93.76	1.01	0.95	0.39	16777214	0.1316
173.33	112.24	1.08	89.70	22.54	0.00	10.64	84.93	84.93	0.86	0.35	0.40	16777214	0.1495
174.81	113.99	0.75	91.97	22.01	0.00	11.72	87.12	87.12	0.88	0.35	0.40	16777214	0.1472
403.87	343.00	0.82	322.26	20.73	0.00	25.86	319.58	319.58	0.12	0.44	0.39	16777214	0.0489
180.02	119.20	0.77	98.00	21.19	0.00	9.08	94.01	94.01	0.35	0.36	0.39	16777214	0.1408
495.75	434.95	0.73	410.07	24.88	0.00	19.24	407.52	407.52	0.13	0.96	0.39	16777214	0.0386
419.02	358.37	0.63	337.66	20.70	0.00	24.82	335.40	335.40	0.07	0.44	0.39	16777214	0.0468
161.75	100.90	0.78	78.05	22.84	0.00	22.46	63.28	63.28	1.31	0.36	0.40	16777214	0.1663
160.36	99.55	0.72	77.80	21.74	0.00	12.89	70.91	70.91	1.03	0.35	0.40	16777214	0.1685
167.61	106.56	0.73	85.10	21.45	0.00	10.16	80.79	80.79	0.92	0.35	0.40	16777214	0.1575
199.85	139.03	0.73	117.73	21.29	0.00	8.13	115.41	115.41	0.51	0.37	0.39	16777214	0.1207
458.25	339.34	1.08	276.58	62.75	0.00	13.78	276.40	276.40	0.89	0.57	0.52	16777214	0.0494
295.18	234.44	0.70	206.57	27.86	0.00	8.26	203.75	203.75	0.10	0.46	0.39	16777214	0.0716
259.14	198.28	0.75	160.44	37.83	0.00	10.12	156.18	156.18	0.83	0.36	0.39	16777214	0.0846
278.08	217.14	0.76	179.27	37.86	0.00	11.68	175.22	175.22	0.83	0.37	0.40	16777214	0.0773
229.74	165.54	0.93	127.40	38.13	0.00	23.68	116.27	116.27	1.23	0.36	0.53	16777214	0.1014
233.65	169.24	0.83	129.34	39.88	0.00	26.43	111.64	111.64	1.28	0.41	0.41	16777214	0.0991
294.94	234.16	0.75	211.98	22.17	0.00	10.02	209.66	209.66	0.10	0.43	0.39	16777214	0.0716
281.83	221.05	0.75	182.00	39.05	0.00	11.01	177.77	177.77	0.93	0.36	0.39	16777214	0.0759
1194.62	1133.80	0.80	1121.91	11.88	0.00	508.33	1119.91	1119.91	0.05	0.48	0.39	16777214	0.0148
169.57	108.73	0.75	85.10	23.62	0.00	13.65	78.25	78.25	1.03	0.35	0.39	16777214	0.1543
172.71	111.86	0.75	90.60	21.25	0.00	9.37	86.45	86.45	0.84	0.66	0.40	16777214	0.1500
200.53	139.59	0.86	110.51	29.07	0.00	25.46	93.15	93.15	1.39	0.36	0.40	16777214	0.1202
573.72	512.74	0.98	489.21	23.53	0.00	73.69	486.85	486.85	0.12	0.65	0.39	16777214	0.0327
408.63	347.87	0.74	326.93	20.94	0.00	26.35	325.35	325.35	0.17	0.44	0.39	16777214	0.0482
236.64	175.82	0.76	154.70	21.12	0.00	9.06	153.21	153.21	0.84	0.43	0.39	16777214	0.0954
211.89	150.51	0.75	129.43	21.08	0.00	8.30	127.42	127.42	0.81	0.57	0.39	16777214	0.1115
363.92	303.07	0.76	282.13	20.94	0.00	20.55	279.39	279.39	0.13	0.44	0.39	16777214	0.0554
555.10	493.21	0.77	472.12	21.10	0.00	68.97	469.49	469.49	0.12	0.64	0.39	16777214	0.0340
284.03	223.15	0.77	202.34	20.80	0.00	11.95	201.38	201.38	0.78	0.44	0.39	16777214	0.0752
568.42	507.57	0.75	485.57	22.00	0.00	71.86	483.03	483.03	0.12	0.65	0.39	16777214	0.0331
359.33	298.52	0.76	278.07	20.44	0.00	19.73	277.31	277.31	0.80	0.44	0.40	16777214	0.0562
159.48	98.71	0.73	77.17	21.53	0.00	13.84	69.66	69.66	1.11	0.36	0.39	16777214	0.1700
525.24	464.43	0.77	442.35	22.07	0.00	55.03	440.91	440.91	0.27	0.64	0.39	16777214	0.0361
200.77	139.94	0.74	118.85	21.08	0.00	8.17	116.19	116.19	0.14	0.37	0.39	16777214	0.1199
158.46	97.69	0.75	76.16	21.53	0.00	15.87	66.30	66.30	1.05	0.40	0.40	16777214	0.1717
161.20	100.34	0.75	77.77	22.57	0.00	20.97	64.42	64.42	1.35	0.36	0.40	16777214	0.1672
163.46	102.56	0.77	81.09	21.47	0.00	11.30	75.49	75.49	0.91	0.36	0.39	16777214	0.1636
197.47	136.54	0.72	108.07	28.46	0.00	11.97	104.07	104.07	0.96	0.36	0.40	16777214	0.1229
180.64	119.83	0.76	97.31	22.52	0.00	9.22	93.70	93.70	0.83	0.36	0.40	16777214	0.1400
186.66	125.91	0.73	104.72	21.18	0.00	8.42	101.67	101.67	0.68	0.37	0.39	16777214	0.1332
178.96	118.13	0.76	96.96	21.16	0.00	8.63	92.17	92.17	0.10	0.36	0.39	16777214	0.1420
188.71	127.75	0.77	101.81	25.94	0.00	14.18	93.79	93.79	1.10	0.36	0.40	16777214	0.1313
175.51	114.48	0.93	92.51	21.96	0.00	9.41	88.32	88.32	0.63	0.35	0.39	16777214	0.1466
542.46	481.66	0.73	459.25	22.40	0.00	58.91	457.80	457.80	0.51	0.68	0.39	16777214	0.0348
177.29	116.41	0.76	94.60	21.80	0.00	9.17	90.78	90.78	0.78	0.36	0.39	16777214	0.1441
241.66	180.82	0.77	159.78	21.04	0.00	9.35	158.18	158.18	0.84	0.42	0.39	16777214	0.0928
159.99	99.13	0.75	77.55	21.58	0.00	13.71	69.52	69.52	0.95	0.35	0.39	16777214	0.1692
162.14	101.29	0.74	79.74	21.55	0.00	12.00	73.04	73.04	1.19	0.36	0.40	16777214	0.1656
206.16	145.37	0.74	111.83	33.53	0.00	30.86	88.93	88.93	1.41	0.35	0.40	16777214	0.1154
289.31	228.17	1.07	206.07	22.09	0.00	10.95	205.14	205.14	1.05	0.45	0.39	16777214	0.0735
159.05	98.26	0.77	76.79	21.47	0.00	14.44	68.56	68.56	1.01	0.35	0.39	16777214	0.1707
189.38	128.57	0.73	107.42	21.15	0.00	8.69	104.11	104.11	0.68	0.37	0.40	16777214	0.1305
180.34	119.52	0.76	98.06	21.46	0.00	9.04	94.16	94.16	0.40	0.37	0.39	16777214	0.1404
184.35	123.52	0.75	102.24	21.27	0.00	8.43	99.62	99.62	0.87	0.37	0.39	16777214	0.1358
160.91	100.06	0.76	78.61	21.44	0.00	12.70	72.22	72.22	1.02	0.36	0.39	16777214	0.1677
164.46	103.63	0.73	82.22	21.41	0.00	10.96	76.23	76.23	0.45	0.35	0.39	16777214	0.1619
312.79	251.94	0.77	230.16	21.77	0.00	13.12	229.88	229.88	0.63	0.43	0.39	16777214	0.0666
190.78	130.01	0.72	99.61	30.39	0.00	23.61	83.86	83.86	1.23	0.36	0.40	16777214	0.1290
430.88	370.04	0.75	348.55	21.48	0.00	22.91	346.46	346.46	0.10	0.60	0.39	16777214	0.0453
161.44	98.52	0.77	76.72	21.80	0.00	13.81	68.40	68.40	0.93	0.35	0.40	16777214	0.1703
209.39	148.57	0.75	116.03	32.54	0.00	16.74	107.08	107.08	1.12	0.37	0.40	16777214	0.1129
443.12	382.32	0.75	360.35	21.96	0.00	27.26	357.74	357.74	0.12	0.44	0.40	16777214	0.0439
272.46	211.64	0.74	190.93	20.71	0.00	10.75	188.43	188.43	0.10	0.43	0.39	16777214	0.0793
192.44	131.05	0.82	101.05	29.99	0.00	29.63	80.13	80.13	1.41	0.37	0.39	16777214	0.1280
448.47	386.89	1.45	364.57	22.32	0.00	26.04	362.00	362.00	0.12	0.44	0.40	16777214	0.0434
183.06	121.45	0.75	100.27	21.17	0.00	8.54	97.03	97.03	0.77	0.36	0.39	16777214	0.1381
167.68	106.35	1.13	85.02	21.32	0.00	10.35	79.83	79.83	0.77	0.35	0.40	16777214	0.1578
160.93	100.01	0.81	77.59	22.42	0.00	19.72	65.70	65.70	1.24	0.36	0.40	16777214	0.1677
379.12	318.17	0.73	293.79	24.37	0.00	11.10	291.31	291.31	0.10	1.01	0.61	16777214	0.0527
165.71	104.89	0.77	83.01	21.87	0.00	11.61	76.68	76.68	0.82	0.35	0.40	16777214	0.1600
613.84	553.01	0.76	526.06	26.94	0.00	21.77	523.32	523.32	0.12	1.22	0.39	16777214	0.0303
167.24	106.40	0.77	84.35	22.05	0.00	10.99	79.20	79.20	1.22	0.35	0.39	16777214	0.1577
170.90	110.05	0.76	88.59	21.45	0.00	9.52	84.52	84.52	1.18	0.35	0.39	16777214	0.1525
202.88	142.07	0.76	108.74	33.33	0.00	20.22	95.05	95.05	1.50	0.37	0.40	16777214	0.1181
577.96	516.86	0.99	493.60	23.25	0.00	68.47	491.26	491.26	0.12	0.66	0.39	16777214	0.0325
271.65	210.55	0.77	189.88	20.67	0.00	10.51	187.32	187.32	0.10	0.44	0.39	16777214	0.0797
272.28	211.39	0.77	190.69	20.70	0.00	10.52	188.22	188.22	0.10	0.44	0.40	16777214	0.0794
212.72	151.82	0.75	128.59	23.23	0.00	8.13	128.04	128.04	0.71	0.38	0.39	16777214	0.1105
197.19	136.37	0.75	115.21	21.15	0.00	8.32	112.53	112.53	0.66	0.36	0.39	16777214	0.1230
569.23	508.47	0.71	485.91	22.55	0.00	69.77	483.35	483.35	0.12	0.69	0.39	16777214	0.0330
267.23	206.59	0.61	186.61	19.97	0.00	8.50	184.61	184.61	0.05	0.43	0.39	16777214	0.0812
244.12	183.03	0.75	161.87	21.15	0.00	9.32	160.25	160.25	0.67	0.41	0.39	16777214	0.0917
189.66	128.82	0.73	107.68	21.13	0.00	8.26	104.81	104.81	0.71	0.37	0.39	16777214	0.1302
178.95	118.08	0.74	93.52	24.55	0.00	9.40	92.99	92.99	0.88	0.35	0.39	16777214	0.1421
191.48	130.64	0.74	109.53	21.11	0.00	8.25	106.73	106.73	0.73	0.37	0.39	16777214	0.1284
SCALE: 19
nvtx: 524288
edgefactor: 16
terasize: 1.34217727999999997e-04
A: 5.69999999999999951e-01
B: 1.90000000000000002e-01
C: 1.90000000000000002e-01
D: 5.00000000000000444e-02
generation_time: 0.00000000000000000e+00
construction_time: 8.17658633099999932e+00
nbfs: 100
min_time: 9.84409998655319252e-02
firstquartile_time: 1.15430999964475631e-01
median_time: 1.45962499856948869e-01
thirdquartile_time: 2.53957749933004351e-01
max_time: 1.13459999990463256e+00
mean_time: 2.14702339988946944e-01
stddev_time: 1.56992582235227635e-01
min_nedge: 1.00000000000000000e+00
firstquartile_nedge: 8.38851300000000000e+06
median_nedge: 8.38851300000000000e+06
thirdquartile_nedge: 8.38851300000000000e+06
max_nedge: 8.38851300000000000e+06
mean_nedge: 8.30462787999999989e+06
stddev_nedge: 8.38851200000000070e+05
min_TEPS: 8.81367883028427501e-01
firstquartile_TEPS: 3.56831652946110666e+07
median_TEPS: 5.91791207805524990e+07
thirdquartile_TEPS: 7.36565122423617691e+07
max_TEPS: 8.52136102991488278e+07
harmonic_mean_TEPS: 8.81365999872642618e+01
harmonic_stddev_TEPS: 8.85804247199465067e+01
