[BASH] Running the Hybrid graph500 for scale 17
file:/dev/null	benchmark:GRAPH500	vertices:131072	edges:4194302	partitioning:HIGH	platform:HYBRID	alpha:50	repeat:1	gpu_count:1	thread_count:1	thread_sched:GUIDED	thread_bind:false	gpu_graph_mem:DEVICE	gpu_par_randomized:false	sorted:false	edge_sort_key:id	edge_order:asc	separate_singletons:false	lambda:0Initializing the shares for Hybrid platform.
	time_init:497.23	time_par:28.00	rmt_vertex:60	rmt_edge:51	beta:2	pid0:98,50,2,26	pid1:2,50,59,26	
total	exec	init	comp	comm	finalize	cpu_comp	gpu_comp	gpu_total_comp	scatter	gather	aggr	trv_edges	exec_rate
678.59	662.81	0.70	633.34	29.47	0.00	12.51	633.34	633.34	0.18	0.34	0.17	4194302	0.0063
137.43	121.80	0.71	103.27	18.53	0.00	3.04	102.49	102.49	0.12	0.25	0.17	4194302	0.0344
58.38	42.72	0.71	31.98	10.73	0.00	3.62	31.49	31.49	0.38	0.30	0.16	4194302	0.0982
80.11	64.40	0.73	51.04	13.35	0.00	2.52	51.01	51.01	0.38	0.26	0.22	4194302	0.0651
86.03	70.14	0.92	52.12	18.02	0.00	6.72	52.12	52.12	0.49	0.25	0.16	4194302	0.0598
71.12	55.38	0.71	40.24	15.13	0.00	7.92	36.65	36.65	0.56	0.25	0.22	4194302	0.0757
170.75	155.10	0.70	137.53	17.55	0.00	2.84	137.17	137.17	0.06	0.27	0.15	4194302	0.0270
85.56	69.61	0.71	52.28	17.32	0.00	3.79	51.42	51.42	0.41	0.25	0.29	4194302	0.0603
96.29	80.62	0.73	66.83	13.79	0.00	3.09	66.83	66.83	0.32	0.25	0.15	4194302	0.0520
70.53	54.85	0.69	40.78	14.06	0.00	4.01	39.29	39.29	0.37	0.25	0.22	4194302	0.0765
82.13	66.52	0.70	54.39	12.11	0.00	2.55	53.45	53.45	0.08	0.25	0.15	4194302	0.0631
68.91	53.28	0.65	38.24	15.03	0.00	9.39	32.69	32.69	0.64	0.25	0.22	4194302	0.0787
138.68	123.15	0.62	105.96	17.19	0.00	2.72	105.96	105.96	0.31	0.27	0.16	4194302	0.0341
129.27	113.73	0.63	104.01	9.72	0.00	5.95	103.69	103.69	0.06	0.29	0.15	4194302	0.0369
52.40	36.81	0.63	26.65	10.15	0.00	4.07	24.98	24.98	0.42	0.24	0.16	4194302	0.1139
72.28	56.65	0.62	42.14	14.50	0.00	4.33	41.21	41.21	0.42	0.26	0.25	4194302	0.0740
114.25	98.50	0.81	81.06	17.43	0.00	2.56	81.06	81.06	0.32	0.25	0.16	4194302	0.0426
61.62	46.07	0.63	36.01	10.06	0.00	2.68	35.70	35.70	0.31	0.25	0.15	4194302	0.0910
66.28	50.63	0.64	36.09	14.53	0.00	8.43	31.26	31.26	0.69	0.49	0.22	4194302	0.0828
268.48	252.90	0.62	236.28	16.61	0.00	5.41	236.28	236.28	0.30	0.29	0.16	4194302	0.0166
65.08	49.47	0.65	39.48	9.99	0.00	2.63	39.26	39.26	0.23	0.25	0.15	4194302	0.0848
65.52	49.89	0.64	35.86	14.02	0.00	8.78	30.05	30.05	0.68	0.25	0.22	4194302	0.0841
97.54	81.99	0.63	61.25	20.74	0.00	6.56	61.25	61.25	0.45	0.26	0.16	4194302	0.0512
124.13	108.55	0.63	99.38	9.16	0.00	4.96	99.38	99.38	0.18	0.29	0.15	4194302	0.0386
69.33	53.69	0.64	40.37	13.31	0.00	2.96	39.46	39.46	0.37	0.25	0.22	4194302	0.0781
108.96	93.37	0.68	82.03	11.33	0.00	2.79	82.03	82.03	0.32	0.26	0.15	4194302	0.0449
68.99	53.19	0.81	38.26	14.93	0.00	9.35	32.77	32.77	0.64	0.25	0.22	4194302	0.0789
472.90	457.30	0.61	439.61	17.69	0.00	17.93	439.28	439.28	0.08	0.30	0.15	4194302	0.0092
100.63	85.05	0.60	67.86	17.18	0.00	3.61	67.44	67.44	0.42	0.25	0.16	4194302	0.0493
134.66	119.16	0.59	109.50	9.65	0.00	6.10	109.22	109.22	0.06	0.29	0.15	4194302	0.0352
85.47	69.92	0.63	62.22	7.70	0.00	5.92	62.22	62.22	0.06	0.29	0.15	4194302	0.0600
51.29	35.67	0.66	25.03	10.63	0.00	5.67	22.08	22.08	0.56	0.27	0.19	4194302	0.1176
186.24	170.69	0.61	158.89	11.80	0.00	6.94	158.55	158.55	0.07	0.30	0.15	4194302	0.0246
81.99	66.36	0.65	52.69	13.66	0.00	2.57	52.36	52.36	0.10	0.26	0.22	4194302	0.0632
72.65	57.06	0.66	41.58	15.47	0.00	8.26	38.96	38.96	0.60	0.25	0.16	4194302	0.0735
51.98	36.40	0.65	25.93	10.44	0.00	5.97	24.26	24.26	0.48	0.25	0.16	4194302	0.1152
70.74	55.16	0.63	43.26	11.90	0.00	2.53	42.96	42.96	0.32	0.25	0.19	4194302	0.0760
84.18	68.66	0.60	49.72	18.93	0.00	9.43	45.81	45.81	0.57	0.25	0.16	4194302	0.0611
78.56	62.95	0.66	54.20	8.74	0.00	3.00	53.79	53.79	0.06	0.27	0.15	4194302	0.0666
49.37	33.75	0.63	24.11	9.63	0.00	3.67	22.58	22.58	0.42	0.25	0.17	4194302	0.1243
138.75	123.21	0.61	113.27	9.94	0.00	5.34	113.27	113.27	0.33	0.29	0.15	4194302	0.0340
66.31	50.72	0.66	42.41	8.30	0.00	2.95	42.40	42.40	0.31	0.28	0.16	4194302	0.0827
46.59	30.98	0.65	22.16	8.81	0.00	3.44	21.08	21.08	0.42	0.25	0.16	4194302	0.1354
163.90	148.45	0.51	140.24	8.20	0.00	18.99	140.17	140.17	0.04	0.30	0.15	4194302	0.0283
60.86	45.29	0.64	34.97	10.32	0.00	2.53	34.16	34.16	0.06	0.25	0.17	4194302	0.0926
68.15	52.62	0.61	41.97	10.64	0.00	2.66	41.94	41.94	0.34	0.25	0.19	4194302	0.0797
74.82	59.24	0.65	51.15	8.08	0.00	3.25	51.15	51.15	0.35	0.29	0.16	4194302	0.0708
51.43	35.85	0.63	26.76	9.08	0.00	2.78	26.13	26.13	0.26	0.25	0.19	4194302	0.1170
51.85	36.30	0.63	27.45	8.84	0.00	2.85	26.67	26.67	0.09	0.24	0.15	4194302	0.1155
63.41	47.85	0.63	37.00	10.85	0.00	2.53	36.82	36.82	0.38	0.28	0.17	4194302	0.0876
99.44	83.92	0.59	73.36	10.56	0.00	3.21	72.87	72.87	0.06	0.28	0.15	4194302	0.0500
69.44	53.87	0.65	45.80	8.06	0.00	3.10	45.80	45.80	0.12	0.27	0.15	4194302	0.0779
92.85	77.30	0.63	68.65	8.64	0.00	7.68	68.44	68.44	0.08	0.29	0.15	4194302	0.0543
61.75	46.11	0.66	33.20	12.90	0.00	8.83	27.78	27.78	0.62	0.25	0.19	4194302	0.0910
81.89	66.34	0.62	54.27	12.06	0.00	2.53	53.39	53.39	0.08	0.26	0.15	4194302	0.0632
61.75	46.15	0.64	33.79	12.36	0.00	4.28	32.16	32.16	0.49	0.25	0.19	4194302	0.0909
63.67	47.81	0.60	34.93	12.88	0.00	6.29	33.04	33.04	0.50	0.25	0.17	4194302	0.0877
141.05	125.51	0.61	116.87	8.63	0.00	9.75	116.65	116.65	0.06	0.29	0.15	4194302	0.0334
63.51	47.91	0.63	37.13	10.78	0.00	2.52	36.83	36.83	0.33	0.28	0.17	4194302	0.0875
84.81	69.29	0.60	52.62	16.67	0.00	4.54	51.22	51.22	0.39	0.25	0.16	4194302	0.0605
53.72	38.14	0.63	28.35	9.79	0.00	3.37	27.43	27.43	0.34	0.24	0.15	4194302	0.1100
44.06	28.51	0.63	20.18	8.32	0.00	3.90	18.67	18.67	0.55	0.24	0.16	4194302	0.1471
84.09	68.50	0.64	60.67	7.82	0.00	5.01	60.67	60.67	0.33	0.33	0.15	4194302	0.0612
50.53	34.54	0.64	24.73	9.81	0.00	3.32	23.38	23.38	0.32	0.26	0.17	4194302	0.1214
74.43	58.83	0.62	43.41	15.41	0.00	6.49	41.84	41.84	0.49	0.30	0.22	4194302	0.0713
71.43	55.89	0.61	40.69	15.19	0.00	6.30	39.31	39.31	0.50	0.25	0.16	4194302	0.0750
106.19	90.54	0.70	82.32	8.20	0.00	5.64	82.09	82.09	0.06	0.29	0.15	4194302	0.0463
63.55	47.99	0.63	38.87	9.11	0.00	2.77	38.73	38.73	0.19	0.27	0.16	4194302	0.0874
65.91	50.38	0.62	41.54	8.83	0.00	2.61	41.48	41.48	0.12	0.26	0.15	4194302	0.0833
64.80	49.27	0.62	40.93	8.33	0.00	3.02	40.90	40.90	0.29	0.28	0.15	4194302	0.0851
56.75	41.13	0.63	29.49	11.64	0.00	8.82	23.79	23.79	0.66	0.25	0.17	4194302	0.1020
68.17	52.62	0.61	41.86	10.75	0.00	2.60	40.85	40.85	0.06	0.25	0.15	4194302	0.0797
57.38	41.78	0.63	30.01	11.75	0.00	7.24	26.60	26.60	0.61	0.25	0.17	4194302	0.1004
62.63	47.12	0.60	36.15	10.95	0.00	2.96	35.75	35.75	0.34	0.28	0.16	4194302	0.0890
61.24	45.65	0.63	33.66	11.97	0.00	3.63	32.07	32.07	0.35	0.25	0.19	4194302	0.0919
188.76	173.20	0.60	160.99	12.19	0.00	4.64	160.99	160.99	0.31	0.30	0.15	4194302	0.0242
79.57	63.98	0.61	49.90	14.07	0.00	2.63	49.47	49.47	0.22	0.44	0.22	4194302	0.0656
72.93	57.39	0.66	42.40	14.98	0.00	4.42	42.11	42.11	0.44	0.25	0.16	4194302	0.0731
58.89	43.30	0.65	34.34	8.96	0.00	2.56	34.34	34.34	0.34	0.26	0.15	4194302	0.0969
123.89	108.34	0.63	99.63	8.70	0.00	14.22	99.63	99.63	0.17	0.29	0.15	4194302	0.0387
58.56	43.01	0.62	33.83	9.18	0.00	2.61	33.64	33.64	0.30	0.25	0.15	4194302	0.0975
50.92	35.29	0.65	24.77	10.52	0.00	7.37	20.90	20.90	0.62	0.47	0.17	4194302	0.1188
62.19	46.62	0.61	35.91	10.70	0.00	3.77	35.91	35.91	0.42	0.24	0.16	4194302	0.0900
61.05	45.47	0.63	32.77	12.69	0.00	6.27	30.18	30.18	0.55	0.24	0.19	4194302	0.0922
209.91	194.38	0.61	182.24	12.13	0.00	6.39	182.24	182.24	0.24	0.36	0.16	4194302	0.0216
76.59	60.91	0.70	52.25	8.66	0.00	2.99	52.25	52.25	0.31	0.27	0.15	4194302	0.0689
60.78	45.18	0.62	32.62	12.55	0.00	9.28	26.79	26.79	0.69	0.24	0.19	4194302	0.0928
165.73	150.20	0.60	137.90	12.29	0.00	3.59	137.90	137.90	0.10	0.35	0.15	4194302	0.0279
65.26	49.70	0.63	40.65	9.04	0.00	2.60	40.65	40.65	0.29	0.25	0.15	4194302	0.0844
59.05	43.46	0.63	33.00	10.45	0.00	2.65	32.43	32.43	0.34	0.26	0.17	4194302	0.0965
92.34	76.80	0.61	66.84	9.96	0.00	2.90	66.84	66.84	0.31	0.27	0.15	4194302	0.0546
53.93	38.37	0.63	30.29	8.07	0.00	2.48	30.29	30.29	0.38	0.27	0.15	4194302	0.1093
45.75	30.17	0.63	21.14	9.02	0.00	4.62	18.97	18.97	0.46	0.24	0.16	4194302	0.1390
52.77	37.18	0.64	27.38	9.79	0.00	3.64	25.55	25.55	0.07	0.24	0.16	4194302	0.1128
44.32	28.59	0.68	20.59	7.99	0.00	3.50	19.12	19.12	0.37	0.24	0.16	4194302	0.1467
52.31	36.59	0.64	28.29	8.29	0.00	2.63	28.08	28.08	0.37	0.25	0.15	4194302	0.1146
47.68	31.88	0.64	23.49	8.38	0.00	2.77	22.79	22.79	0.37	0.25	0.16	4194302	0.1316
47.82	32.02	0.84	24.05	7.96	0.00	2.89	23.42	23.42	0.38	0.24	0.15	4194302	0.1310
93.08	77.33	0.82	68.41	8.92	0.00	7.33	68.20	68.20	0.06	0.29	0.15	4194302	0.0542
65.90	50.32	0.62	38.04	12.28	0.00	3.20	37.43	37.43	0.39	0.24	0.19	4194302	0.0833
SCALE: 17
nvtx: 131072
edgefactor: 16
terasize: 3.35544319999999993e-05
A: 5.69999999999999951e-01
B: 1.90000000000000002e-01
C: 1.90000000000000002e-01
D: 5.00000000000000444e-02
generation_time: 0.00000000000000000e+00
construction_time: 1.47580091599999985e+00
nbfs: 100
min_time: 2.91359999179840075e-02
firstquartile_time: 4.59712499380111675e-02
median_time: 5.50309999585151671e-02
thirdquartile_time: 8.05495001077651956e-02
max_time: 6.63508999943733246e-01
mean_time: 7.79396599996089595e-02
stddev_time: 8.09340083221804507e-02
min_nedge: 2.09713500000000000e+06
firstquartile_nedge: 2.09713500000000000e+06
median_nedge: 2.09713500000000000e+06
thirdquartile_nedge: 2.09713500000000000e+06
max_nedge: 2.09713500000000000e+06
mean_nedge: 2.09713500000000000e+06
stddev_nedge: 0.00000000000000000e+00
min_TEPS: 3.16067302806418715e+06
firstquartile_TEPS: 2.69575023405925520e+07
median_TEPS: 3.87150256833449677e+07
thirdquartile_TEPS: 4.71228214562151134e+07
max_TEPS: 7.19774507792182267e+07
harmonic_mean_TEPS: 2.69071612579593174e+07
harmonic_stddev_TEPS: 2.80816632470769528e+06
