[BASH] Running the Hybrid graph500 for scale 15
file:/dev/null	benchmark:GRAPH500	vertices:32768	edges:1048574	partitioning:LOW	platform:HYBRID	alpha:50	repeat:1	gpu_count:1	thread_count:1	thread_sched:GUIDED	thread_bind:false	gpu_graph_mem:DEVICE	gpu_par_randomized:false	sorted:false	edge_sort_key:id	edge_order:asc	separate_singletons:false	lambda:0Initializing the shares for Hybrid platform.
	time_init:177.74	time_par:8.35	rmt_vertex:66	rmt_edge:51	beta:2	pid0:2,50,64,26	pid1:98,50,2,26	
total	exec	init	comp	comm	finalize	cpu_comp	gpu_comp	gpu_total_comp	scatter	gather	aggr	trv_edges	exec_rate
31.74	30.78	0.67	21.36	9.41	0.00	4.43	19.00	19.00	3.92	1.16	0.09	1048574	0.0341
16.72	15.76	0.67	9.98	5.77	0.00	8.48	4.67	4.67	0.30	1.20	0.08	1048574	0.0665
71.13	70.18	0.67	61.83	8.34	0.00	3.81	61.49	61.49	6.58	1.03	0.08	1048574	0.0149
25.03	24.10	0.66	16.12	7.97	0.00	3.36	15.38	15.38	6.03	1.06	0.08	1048574	0.0435
25.82	24.87	0.67	17.20	7.67	0.00	3.39	16.69	16.69	6.24	1.06	0.08	1048574	0.0422
21.18	20.24	0.65	11.86	8.37	0.00	3.71	10.03	10.03	4.55	1.20	0.09	1048574	0.0518
29.13	28.18	0.66	19.28	8.89	0.00	3.29	18.68	18.68	5.58	1.05	0.09	1048574	0.0372
29.99	29.05	0.65	20.35	8.69	0.00	4.09	18.33	18.33	4.09	1.13	0.09	1048574	0.0361
47.00	46.06	0.66	36.99	9.06	0.00	3.40	35.93	35.93	5.39	1.09	0.08	1048574	0.0228
14.42	13.49	0.64	9.10	4.38	0.00	8.04	2.69	2.69	0.28	1.24	0.08	1048574	0.0777
18.53	17.60	0.65	9.23	8.37	0.00	4.11	6.72	6.72	4.25	1.21	0.08	1048574	0.0596
18.71	17.77	0.66	9.38	8.38	0.00	3.46	7.85	7.85	4.58	1.11	0.08	1048574	0.0590
25.30	24.33	0.68	15.49	8.84	0.00	3.68	14.02	14.02	4.67	1.11	0.09	1048574	0.0431
21.23	20.27	0.67	12.65	7.62	0.00	4.20	10.18	10.18	4.02	1.15	0.09	1048574	0.0517
25.45	24.48	0.68	16.03	8.45	0.00	3.70	13.96	13.96	4.45	1.16	0.09	1048574	0.0428
31.17	30.21	0.67	20.97	9.23	0.00	3.63	19.53	19.53	4.50	1.09	0.09	1048574	0.0347
21.49	20.54	0.66	13.52	7.02	0.00	5.90	10.25	10.25	2.50	1.06	0.10	1048574	0.0511
108.70	107.77	0.65	98.91	8.86	0.00	4.74	98.76	98.76	6.67	1.02	0.08	1048574	0.0097
18.41	17.46	0.67	9.52	7.93	0.00	3.96	7.05	7.05	4.34	1.21	0.08	1048574	0.0600
15.14	14.21	0.65	7.15	7.06	0.00	4.93	3.57	3.57	3.46	1.20	0.08	1048574	0.0738
38.31	37.38	0.65	29.81	7.56	0.00	3.51	29.54	29.54	6.44	1.00	0.09	1048574	0.0281
19.95	19.00	0.66	11.39	7.60	0.00	4.20	8.81	8.81	3.97	1.16	0.09	1048574	0.0552
18.68	17.71	0.69	10.00	7.70	0.00	4.56	7.05	7.05	3.66	1.39	0.09	1048574	0.0592
20.50	19.53	0.69	11.45	8.07	0.00	4.82	8.68	8.68	3.45	1.12	0.09	1048574	0.0537
20.16	19.22	0.66	11.24	7.98	0.00	4.87	8.37	8.37	3.38	1.17	0.09	1048574	0.0546
60.10	59.17	0.65	50.81	8.35	0.00	3.44	50.20	50.20	6.09	1.06	0.08	1048574	0.0177
29.41	28.49	0.65	20.99	7.50	0.00	4.72	20.86	20.86	6.78	1.02	0.08	1048574	0.0368
25.15	24.22	0.65	16.11	8.10	0.00	3.40	15.35	15.35	5.91	1.12	0.08	1048574	0.0433
15.04	14.10	0.65	7.30	6.80	0.00	5.15	3.65	3.65	3.20	1.17	0.08	1048574	0.0744
17.59	16.65	0.66	9.08	7.56	0.00	4.12	6.36	6.36	4.11	1.23	0.08	1048574	0.0630
17.22	16.29	0.65	8.90	7.38	0.00	4.25	6.21	6.21	3.91	1.23	0.08	1048574	0.0644
18.61	17.69	0.64	10.22	7.46	0.00	4.20	7.64	7.64	3.98	1.21	0.08	1048574	0.0593
15.58	14.58	0.67	7.60	6.98	0.00	5.00	4.19	4.19	3.28	1.18	0.08	1048574	0.0719
32.54	31.58	0.67	22.38	9.19	0.00	3.57	21.07	21.07	4.56	1.06	0.09	1048574	0.0332
36.24	35.10	0.64	20.91	14.19	0.00	4.01	18.66	18.66	4.15	1.15	0.23	1048574	0.0299
50.59	49.64	0.66	42.13	7.51	0.00	4.74	42.03	42.03	6.89	0.81	0.07	1048574	0.0211
17.91	16.97	0.66	8.74	8.23	0.00	4.08	6.23	6.23	4.33	1.20	0.08	1048574	0.0618
20.69	19.77	0.64	11.61	8.16	0.00	3.28	10.48	10.48	5.60	1.12	0.07	1048574	0.0530
29.06	28.12	0.65	20.52	7.60	0.00	3.47	19.97	19.97	6.25	1.06	0.08	1048574	0.0373
29.95	29.03	0.64	21.45	7.57	0.00	3.50	21.11	21.11	6.43	1.06	0.08	1048574	0.0361
22.67	21.74	0.65	13.73	8.01	0.00	3.62	11.68	11.68	4.53	1.19	0.08	1048574	0.0482
18.20	17.26	0.66	9.60	7.66	0.00	4.23	6.84	6.84	3.97	1.21	0.08	1048574	0.0608
19.85	18.88	0.67	11.87	7.01	0.00	5.23	8.52	8.52	3.17	1.09	0.09	1048574	0.0555
22.91	21.96	0.67	14.04	7.91	0.00	3.88	11.80	11.80	4.26	1.16	0.08	1048574	0.0478
24.26	23.29	0.67	15.27	8.02	0.00	3.81	13.13	13.13	4.40	1.16	0.09	1048574	0.0450
18.04	17.08	0.67	9.28	7.79	0.00	4.83	6.68	6.68	3.38	1.16	0.09	1048574	0.0614
75.07	74.13	0.67	65.90	8.23	0.00	4.26	65.66	65.66	6.61	1.04	0.08	1048574	0.0141
17.80	16.31	1.21	8.66	7.64	0.00	4.32	5.86	5.86	4.02	1.21	0.08	1048574	0.0643
17.57	16.62	0.66	8.77	7.84	0.00	4.12	5.97	5.97	4.20	1.61	0.09	1048574	0.0631
23.56	22.56	0.67	14.74	7.81	0.00	3.94	12.50	12.50	4.29	1.16	0.13	1048574	0.0465
36.41	35.47	0.67	26.74	8.72	0.00	3.33	25.70	25.70	5.46	1.10	0.07	1048574	0.0296
26.23	25.31	0.65	17.83	7.47	0.00	4.09	17.61	17.61	6.68	1.07	0.08	1048574	0.0414
16.81	15.87	0.65	8.27	7.60	0.00	4.13	5.60	5.60	4.08	1.43	0.08	1048574	0.0661
19.75	18.81	0.66	11.12	7.68	0.00	4.07	8.64	8.64	4.15	1.27	0.08	1048574	0.0557
19.87	18.93	0.64	10.65	8.28	0.00	3.79	8.74	8.74	4.47	1.20	0.08	1048574	0.0554
17.63	16.68	0.66	9.19	7.49	0.00	4.32	6.45	6.45	3.87	1.18	0.08	1048574	0.0628
25.09	24.13	0.66	16.15	7.98	0.00	3.80	14.00	14.00	4.36	1.15	0.09	1048574	0.0434
50.75	49.79	0.67	41.93	7.86	0.00	4.20	41.62	41.62	6.55	1.03	0.07	1048574	0.0211
17.50	16.56	0.66	8.46	8.10	0.00	3.65	6.21	6.21	4.48	1.21	0.08	1048574	0.0633
14.77	13.83	0.66	6.82	7.00	0.00	4.85	3.27	3.27	3.49	1.20	0.08	1048574	0.0758
16.51	15.57	0.65	7.83	7.73	0.00	4.79	4.80	4.80	3.67	1.17	0.08	1048574	0.0674
47.34	46.39	0.67	37.90	8.49	0.00	3.89	37.42	37.42	6.44	1.04	0.07	1048574	0.0226
15.16	14.21	0.66	7.04	7.17	0.00	4.61	3.68	3.68	3.69	1.19	0.07	1048574	0.0738
17.12	16.20	0.64	7.81	8.38	0.00	3.84	5.76	5.76	4.43	1.21	0.08	1048574	0.0647
19.59	18.66	0.65	9.88	8.77	0.00	3.56	8.21	8.21	4.70	1.11	0.09	1048574	0.0562
20.08	19.12	0.67	11.76	7.36	0.00	4.36	9.16	9.16	3.86	1.20	0.08	1048574	0.0548
18.25	17.30	0.66	10.03	7.26	0.00	4.40	7.21	7.21	3.80	1.26	0.09	1048574	0.0606
75.23	74.29	0.66	65.99	8.29	0.00	4.35	65.80	65.80	6.74	1.04	0.08	1048574	0.0141
17.09	16.15	0.65	8.55	7.60	0.00	4.19	5.82	5.82	4.02	1.23	0.08	1048574	0.0649
16.90	15.98	0.65	8.33	7.65	0.00	4.18	5.55	5.55	4.06	1.21	0.08	1048574	0.0656
26.20	25.25	0.66	10.51	14.73	0.00	3.34	9.04	9.04	4.57	1.09	0.08	1048574	0.0415
23.18	22.21	0.68	14.04	8.17	0.00	3.52	12.39	12.39	4.55	1.11	0.08	1048574	0.0472
14.81	13.85	0.67	8.80	5.05	0.00	6.90	4.16	4.16	1.30	1.12	0.08	1048574	0.0757
62.76	61.82	0.66	53.44	8.37	0.00	3.42	52.86	52.86	6.25	1.05	0.07	1048574	0.0170
19.22	18.29	0.65	9.79	8.49	0.00	3.53	8.11	8.11	4.63	1.16	0.08	1048574	0.0573
18.79	17.80	0.65	9.61	8.18	0.00	4.09	7.21	7.21	4.26	1.21	0.08	1048574	0.0589
40.23	38.85	1.09	30.64	8.20	0.00	3.35	30.13	30.13	5.89	1.01	0.09	1048574	0.0270
50.62	49.68	0.67	42.02	7.65	0.00	4.79	41.94	41.94	7.02	0.81	0.07	1048574	0.0211
21.99	21.07	0.65	12.72	8.35	0.00	3.27	11.74	11.74	5.61	1.07	0.07	1048574	0.0498
26.50	25.57	0.65	18.40	7.16	0.00	4.67	18.37	18.37	6.88	0.80	0.08	1048574	0.0410
32.32	31.39	0.65	24.00	7.38	0.00	4.37	23.84	23.84	6.71	1.03	0.08	1048574	0.0334
15.80	14.85	0.66	7.74	7.11	0.00	4.91	4.38	4.38	3.35	1.40	0.08	1048574	0.0706
23.99	22.85	0.85	14.61	8.23	0.00	3.65	12.91	12.91	4.54	1.11	0.08	1048574	0.0459
25.98	25.02	0.68	13.26	11.75	0.00	4.22	10.85	10.85	4.16	1.17	0.09	1048574	0.0419
37.73	36.78	0.67	28.35	8.42	0.00	3.33	27.51	27.51	5.98	1.07	0.08	1048574	0.0285
14.77	13.83	0.66	6.94	6.88	0.00	5.21	3.06	3.06	3.19	1.17	0.07	1048574	0.0758
16.79	15.86	0.65	8.07	7.79	0.00	3.95	5.50	5.50	4.20	1.21	0.08	1048574	0.0661
38.15	37.21	0.65	29.39	7.81	0.00	3.56	29.08	29.08	6.28	0.99	0.08	1048574	0.0282
16.22	15.27	0.66	10.46	4.80	0.00	8.51	4.40	4.40	0.29	1.16	0.08	1048574	0.0687
18.36	17.41	0.66	9.53	7.87	0.00	5.30	6.46	6.46	3.03	1.11	0.09	1048574	0.0602
30.84	29.85	0.65	21.04	8.81	0.00	3.99	19.06	19.06	4.20	1.12	0.09	1048574	0.0351
17.20	15.99	0.92	8.91	7.07	0.00	4.94	5.72	5.72	3.35	1.14	0.09	1048574	0.0656
34.28	33.33	0.67	24.99	8.33	0.00	3.41	24.03	24.03	5.49	1.08	0.08	1048574	0.0315
25.67	24.73	0.67	16.79	7.93	0.00	3.27	15.73	15.73	5.55	1.12	0.08	1048574	0.0424
18.97	18.03	0.65	10.43	7.60	0.00	4.01	8.00	8.00	4.16	1.21	0.08	1048574	0.0582
42.72	41.77	0.67	33.96	7.80	0.00	3.49	33.61	33.61	6.26	1.01	0.08	1048574	0.0251
15.00	13.99	0.66	8.37	5.61	0.00	6.46	4.10	4.10	1.83	1.12	0.08	1048574	0.0750
67.73	66.77	0.68	58.62	8.14	0.00	3.67	58.22	58.22	6.52	1.08	0.08	1048574	0.0157
22.59	21.65	0.65	13.47	8.18	0.00	3.23	12.43	12.43	5.59	1.14	0.08	1048574	0.0484
15.80	14.86	0.66	7.40	7.46	0.00	4.61	4.14	4.14	3.56	1.21	0.08	1048574	0.0706
SCALE: 15
nvtx: 32768
edgefactor: 16
terasize: 8.38860799999999983e-06
A: 5.69999999999999951e-01
B: 1.90000000000000002e-01
C: 1.90000000000000002e-01
D: 5.00000000000000444e-02
generation_time: 0.00000000000000000e+00
construction_time: 3.95866666000000034e-01
nbfs: 100
min_time: 1.41350002288818354e-02
firstquartile_time: 1.75444999337196345e-02
median_time: 2.14549999237060550e-02
thirdquartile_time: 3.07825000286102296e-02
max_time: 1.08419999957084651e-01
mean_time: 2.72384200000763028e-02
stddev_time: 1.60696935925432917e-02
min_nedge: 5.24282000000000000e+05
firstquartile_nedge: 5.24282000000000000e+05
median_nedge: 5.24282000000000000e+05
thirdquartile_nedge: 5.24282000000000000e+05
max_nedge: 5.24282000000000000e+05
mean_nedge: 5.24282000000000000e+05
stddev_nedge: 0.00000000000000000e+00
min_TEPS: 4.83565762965803314e+06
firstquartile_TEPS: 1.76574998247980773e+07
median_TEPS: 2.50703092064495236e+07
thirdquartile_TEPS: 3.02694664275362082e+07
max_TEPS: 3.70910499830585346e+07
harmonic_mean_TEPS: 1.92478858905373849e+07
harmonic_stddev_TEPS: 1.14127714917120198e+06
