[BASH] Running the Hybrid graph500 for scale 19
file:/dev/null	benchmark:GRAPH500	vertices:524288	edges:16777214	partitioning:LOW	platform:HYBRID	alpha:50	repeat:1	gpu_count:1	thread_count:1	thread_sched:GUIDED	thread_bind:false	gpu_graph_mem:DEVICE	gpu_par_randomized:false	sorted:false	edge_sort_key:id	edge_order:asc	separate_singletons:false	lambda:0Initializing the shares for Hybrid platform.
	time_init:2156.37	time_par:115.27	rmt_vertex:56	rmt_edge:51	beta:2	pid0:1,50,55,26	pid1:99,50,1,26	
total	exec	init	comp	comm	finalize	cpu_comp	gpu_comp	gpu_total_comp	scatter	gather	aggr	trv_edges	exec_rate
164.62	159.65	2.05	91.00	68.64	0.00	75.06	23.27	23.27	50.94	13.00	0.16	16777214	0.1051
391.29	386.35	2.06	312.16	74.18	0.00	74.14	285.14	285.14	84.60	11.42	0.14	16777214	0.0434
394.39	389.46	2.05	316.21	73.24	0.00	75.55	289.47	289.47	84.47	11.32	0.14	16777214	0.0431
361.27	356.33	2.06	281.98	74.34	0.00	71.24	253.06	253.06	81.51	11.43	0.14	16777214	0.0471
453.85	448.91	2.06	380.26	68.64	0.00	98.96	360.16	360.16	91.79	11.37	0.14	16777214	0.0374
221.89	216.50	2.06	142.69	73.80	0.00	70.73	80.00	80.00	55.12	13.14	0.45	16777214	0.0775
224.43	219.20	2.05	151.29	67.91	0.00	73.03	84.28	84.28	49.41	12.99	0.44	16777214	0.0765
499.06	493.84	2.05	411.14	82.69	0.00	63.48	361.77	361.77	65.23	12.63	0.44	16777214	0.0340
310.09	304.88	2.03	235.53	69.35	0.00	94.23	212.99	212.99	92.08	10.94	0.35	16777214	0.0550
175.03	169.83	1.99	101.41	68.41	0.00	76.47	31.31	31.31	49.79	12.80	0.47	16777214	0.0988
344.53	339.28	2.05	257.41	81.87	0.00	64.75	205.35	205.35	64.15	12.71	0.45	16777214	0.0494
420.00	414.76	2.05	341.29	73.47	0.00	82.34	316.20	316.20	87.49	11.25	0.39	16777214	0.0405
374.66	369.53	2.03	292.90	76.62	0.00	75.16	262.17	262.17	84.16	11.47	0.36	16777214	0.0454
436.15	430.69	2.02	350.34	80.34	0.00	64.89	312.98	312.98	72.22	11.76	0.69	16777214	0.0390
210.77	205.46	2.10	138.39	67.06	0.00	74.81	69.49	69.49	48.85	12.72	0.47	16777214	0.0817
482.13	477.00	2.04	407.10	69.89	0.00	99.11	386.38	386.38	91.32	11.45	0.36	16777214	0.0352
174.20	168.95	1.97	105.96	62.98	0.00	83.75	28.93	28.93	43.36	12.53	0.54	16777214	0.0993
254.81	249.56	2.07	167.64	81.91	0.00	63.41	124.73	124.73	69.21	12.22	0.44	16777214	0.0672
430.77	425.56	2.12	355.35	70.20	0.00	88.90	331.94	331.94	90.20	11.07	0.35	16777214	0.0394
413.14	407.41	2.20	326.48	80.93	0.00	63.57	287.90	287.90	72.65	11.88	0.71	16777214	0.0412
500.65	495.29	2.17	415.24	80.05	0.00	60.63	374.67	374.67	68.87	12.22	0.45	16777214	0.0339
225.64	220.36	2.05	144.90	75.45	0.00	70.59	82.48	82.48	55.67	13.23	0.45	16777214	0.0761
216.70	211.39	2.11	145.19	66.19	0.00	75.87	75.66	75.66	47.92	12.52	0.45	16777214	0.0794
192.47	187.07	2.13	124.91	62.15	0.00	80.55	52.58	52.58	43.10	12.68	0.53	16777214	0.0897
415.47	410.25	2.08	336.73	73.51	0.00	80.38	311.04	311.04	87.08	11.44	0.40	16777214	0.0409
193.84	188.45	2.05	123.62	64.81	0.00	83.11	48.16	48.16	44.52	12.31	0.54	16777214	0.0890
383.57	378.23	2.21	303.43	74.79	0.00	74.18	275.13	275.13	83.34	11.56	0.39	16777214	0.0444
330.63	325.40	2.06	255.69	69.70	0.00	97.80	234.11	234.11	92.58	10.97	0.36	16777214	0.0516
386.32	381.01	2.21	310.05	70.96	0.00	94.50	285.53	285.53	92.39	11.09	0.36	16777214	0.0440
206.11	200.55	2.31	124.50	76.04	0.00	68.64	63.45	63.45	56.84	13.02	0.45	16777214	0.0837
229.29	224.06	2.03	148.36	75.69	0.00	69.92	86.49	86.49	55.85	12.99	0.45	16777214	0.0749
325.78	320.23	2.06	242.60	77.62	0.00	66.53	209.56	209.56	77.11	11.61	0.70	16777214	0.0524
440.71	435.58	2.04	363.46	72.12	0.00	92.88	339.11	339.11	92.30	11.16	0.35	16777214	0.0385
2160.34	2155.05	2.27	2145.30	9.75	0.00	518.70	2139.88	2139.88	2.42	6.64	0.30	16777214	0.0078
153.13	147.89	1.99	82.39	65.49	0.00	76.02	12.98	12.98	47.95	13.02	0.45	16777214	0.1134
470.93	465.62	2.15	395.96	69.64	0.00	100.13	373.74	373.74	91.34	11.00	0.36	16777214	0.0360
249.98	244.80	1.98	167.42	77.37	0.00	68.60	107.44	107.44	57.37	12.92	0.45	16777214	0.0685
416.25	411.03	2.03	330.70	80.33	0.00	65.52	277.51	277.51	62.70	13.09	0.45	16777214	0.0408
690.92	685.70	2.04	603.11	82.58	0.00	62.36	560.96	560.96	69.81	12.17	0.44	16777214	0.0245
357.48	352.16	2.11	276.34	75.82	0.00	71.14	246.45	246.45	79.95	11.46	0.39	16777214	0.0476
387.69	382.54	2.04	308.68	73.86	0.00	76.05	281.03	281.03	84.68	11.36	0.36	16777214	0.0439
385.57	380.40	1.98	299.11	81.28	0.00	63.02	258.38	258.38	70.88	12.01	0.44	16777214	0.0441
346.49	341.27	2.03	259.87	81.39	0.00	64.15	208.08	208.08	63.84	12.81	0.45	16777214	0.0492
313.52	308.10	2.03	229.11	78.98	0.00	65.67	194.36	194.36	73.82	11.73	0.64	16777214	0.0545
251.89	246.69	2.00	166.42	80.26	0.00	65.14	112.77	112.77	63.35	13.03	0.45	16777214	0.0680
577.44	572.23	2.03	490.19	82.03	0.00	63.22	450.39	450.39	69.87	11.90	0.44	16777214	0.0293
177.48	172.13	2.04	105.60	66.53	0.00	75.21	36.43	36.43	48.42	12.69	0.46	16777214	0.0975
447.64	442.41	2.03	360.29	82.11	0.00	65.32	308.70	308.70	63.62	12.79	0.46	16777214	0.0379
410.58	405.42	2.03	331.74	73.68	0.00	79.59	305.81	305.81	87.22	11.43	0.38	16777214	0.0414
217.67	212.43	2.05	143.68	68.74	0.00	72.02	77.40	77.40	50.25	13.01	0.44	16777214	0.0790
249.36	244.11	2.05	170.63	73.47	0.00	72.07	106.47	106.47	53.67	13.25	0.45	16777214	0.0687
202.86	197.49	2.04	133.47	64.02	0.00	78.16	62.48	62.48	45.04	12.47	0.53	16777214	0.0850
197.01	191.66	2.08	126.26	65.39	0.00	77.41	56.42	56.42	45.71	12.44	0.54	16777214	0.0875
322.61	317.44	2.08	247.24	70.19	0.00	94.32	224.93	224.93	91.86	10.94	0.36	16777214	0.0529
419.16	414.00	1.99	342.99	71.00	0.00	85.24	318.37	318.37	89.35	11.16	0.37	16777214	0.0405
377.40	372.28	2.03	302.82	69.45	0.00	89.26	279.36	279.36	91.33	11.07	0.35	16777214	0.0451
182.37	176.89	2.21	110.24	66.64	0.00	73.85	41.95	41.95	49.02	12.68	0.47	16777214	0.0948
454.06	448.88	2.03	379.08	69.80	0.00	95.07	357.23	357.23	90.57	10.94	0.38	16777214	0.0374
355.64	350.14	2.30	268.66	81.48	0.00	65.32	217.03	217.03	63.33	12.89	0.45	16777214	0.0479
452.89	447.72	2.05	376.40	71.30	0.00	93.20	354.55	354.55	90.52	11.09	0.38	16777214	0.0375
348.77	343.35	2.33	267.44	75.89	0.00	70.32	236.55	236.55	79.21	11.61	0.36	16777214	0.0489
180.99	175.70	2.01	110.00	65.70	0.00	74.87	43.15	43.15	47.80	12.60	0.54	16777214	0.0955
358.77	353.59	2.07	282.72	70.86	0.00	104.24	263.18	263.18	93.89	11.60	0.36	16777214	0.0474
298.71	293.55	1.97	212.68	80.86	0.00	65.59	156.51	156.51	60.54	13.32	0.45	16777214	0.0572
330.83	325.27	2.03	247.19	78.07	0.00	66.37	213.55	213.55	75.66	11.64	0.71	16777214	0.0516
202.40	197.17	2.03	129.40	67.76	0.00	74.32	61.08	61.08	49.52	12.90	0.45	16777214	0.0851
431.76	426.57	2.05	354.85	71.73	0.00	84.26	330.27	330.27	88.79	11.19	0.38	16777214	0.0393
430.99	425.78	2.04	355.70	70.07	0.00	88.68	332.12	332.12	91.00	11.02	0.35	16777214	0.0394
154.94	149.46	2.22	93.08	56.38	0.00	86.00	16.29	16.29	38.05	12.47	0.53	16777214	0.1123
219.12	213.79	2.07	147.10	66.68	0.00	77.57	77.54	77.54	46.43	12.59	0.53	16777214	0.0785
346.65	341.50	2.05	271.04	70.45	0.00	101.53	250.88	250.88	93.18	11.64	0.36	16777214	0.0491
653.79	648.36	1.97	568.33	80.02	0.00	64.73	532.19	532.19	73.24	11.72	0.72	16777214	0.0259
247.41	242.15	2.05	165.81	76.33	0.00	69.38	104.57	104.57	56.33	12.97	0.46	16777214	0.0693
257.96	252.72	2.05	170.99	81.73	0.00	62.89	128.52	128.52	70.11	12.06	0.45	16777214	0.0664
209.46	204.14	2.12	137.69	66.45	0.00	74.17	68.83	68.83	48.29	12.90	0.45	16777214	0.0822
219.61	214.37	2.04	144.96	69.40	0.00	75.73	75.54	75.54	49.93	12.91	0.45	16777214	0.0783
257.20	251.92	2.06	169.53	82.38	0.00	62.60	127.29	127.29	69.85	12.32	0.47	16777214	0.0666
323.17	317.80	2.03	240.83	76.96	0.00	67.10	206.76	206.76	76.94	11.55	0.60	16777214	0.0528
230.78	225.62	1.98	146.36	79.25	0.00	65.99	89.42	89.42	60.32	13.21	0.45	16777214	0.0744
505.59	500.33	2.08	418.08	82.24	0.00	62.87	375.84	375.84	69.92	12.15	0.44	16777214	0.0335
436.71	431.49	2.05	359.46	72.03	0.00	87.63	336.03	336.03	89.34	11.10	0.38	16777214	0.0389
454.76	449.36	2.31	379.60	69.75	0.00	98.77	358.89	358.89	91.54	11.48	0.36	16777214	0.0373
217.55	212.38	1.98	138.64	73.74	0.00	72.85	73.99	73.99	53.06	13.03	0.44	16777214	0.0790
1012.86	1007.32	2.04	930.09	77.22	0.00	66.84	896.58	896.58	76.57	11.68	0.70	16777214	0.0167
332.90	327.77	2.03	257.60	70.16	0.00	103.04	237.81	237.81	93.59	11.68	0.35	16777214	0.0512
389.26	383.72	2.04	302.53	81.19	0.00	63.58	261.88	261.88	71.20	12.03	0.70	16777214	0.0437
181.76	176.48	2.03	113.80	62.68	0.00	78.88	40.78	40.78	44.62	12.66	0.45	16777214	0.0951
467.65	462.51	2.02	392.23	70.28	0.00	95.45	370.61	370.61	90.76	10.93	0.39	16777214	0.0363
269.61	264.28	2.07	191.03	73.24	0.00	68.80	129.84	129.84	53.85	13.17	0.45	16777214	0.0635
451.15	445.90	2.05	363.83	82.06	0.00	64.36	311.74	311.74	63.81	12.78	0.45	16777214	0.0376
325.40	319.94	2.03	242.45	77.48	0.00	66.48	209.28	209.28	76.96	11.58	0.69	16777214	0.0524
324.47	318.96	2.10	241.67	77.28	0.00	66.40	208.11	208.11	77.17	11.75	0.61	16777214	0.0526
344.81	339.69	2.01	266.65	73.04	0.00	76.83	239.29	239.29	85.05	11.50	0.37	16777214	0.0494
355.42	350.05	2.20	278.56	71.48	0.00	80.87	252.48	252.48	88.30	11.38	0.35	16777214	0.0479
252.07	246.88	2.00	167.06	79.81	0.00	65.97	113.30	113.30	62.71	12.84	0.45	16777214	0.0680
323.63	318.04	2.19	241.95	76.08	0.00	64.39	210.14	210.14	76.30	11.54	0.60	16777214	0.0528
313.72	308.52	2.02	232.45	76.07	0.00	70.19	201.44	201.44	80.51	11.58	0.36	16777214	0.0544
364.12	359.03	2.00	288.28	70.74	0.00	83.87	263.18	263.18	89.66	11.21	0.36	16777214	0.0467
159.00	153.73	1.99	93.71	60.01	0.00	82.55	19.62	19.62	41.58	12.52	0.56	16777214	0.1091
297.98	292.82	2.05	220.69	72.12	0.00	83.32	195.53	195.53	89.55	11.28	0.35	16777214	0.0573
SCALE: 19
nvtx: 524288
edgefactor: 16
terasize: 1.34217727999999997e-04
A: 5.69999999999999951e-01
B: 1.90000000000000002e-01
C: 1.90000000000000002e-01
D: 5.00000000000000444e-02
generation_time: 0.00000000000000000e+00
construction_time: 8.12439349799999988e+00
nbfs: 100
min_time: 1.49877999901771558e-01
firstquartile_time: 2.23326500147581097e-01
median_time: 3.35566000044345891e-01
thirdquartile_time: 4.16607749998569532e-01
max_time: 2.15732199990749374e+00
mean_time: 3.51763030021190415e-01
stddev_time: 2.24615000792537128e-01
min_nedge: 1.00000000000000000e+00
firstquartile_nedge: 8.38851300000000000e+06
median_nedge: 8.38851300000000000e+06
thirdquartile_nedge: 8.38851300000000000e+06
max_nedge: 8.38851300000000000e+06
mean_nedge: 8.30462787999999989e+06
stddev_nedge: 8.38851200000000070e+05
min_TEPS: 4.63537663845675407e-01
firstquartile_TEPS: 2.03173061162743196e+07
median_TEPS: 2.56227791467399597e+07
thirdquartile_TEPS: 3.82631962023248896e+07
max_TEPS: 5.59689414423580617e+07
harmonic_mean_TEPS: 4.63536818084106557e+01
harmonic_stddev_TEPS: 4.65871172332581267e+01
