[BASH] Running the Hybrid graph500 for scale 14
file:/dev/null	benchmark:GRAPH500	vertices:16384	edges:524286	partitioning:LOW	platform:HYBRID	alpha:50	repeat:1	gpu_count:1	thread_count:1	thread_sched:GUIDED	thread_bind:false	gpu_graph_mem:DEVICE	gpu_par_randomized:false	sorted:false	edge_sort_key:id	edge_order:asc	separate_singletons:false	lambda:0Initializing the shares for Hybrid platform.
	time_init:170.30	time_par:5.37	rmt_vertex:68	rmt_edge:51	beta:2	pid0:2,50,66,26	pid1:98,50,2,26	
total	exec	init	comp	comm	finalize	cpu_comp	gpu_comp	gpu_total_comp	scatter	gather	aggr	trv_edges	exec_rate
30.75	29.71	0.79	21.25	8.45	0.00	2.55	20.80	20.80	2.67	1.07	0.11	524286	0.0176
38.83	37.79	0.78	30.83	6.96	0.00	2.34	30.83	30.83	3.69	0.74	0.11	524286	0.0139
40.86	39.80	0.80	31.66	8.13	0.00	2.16	31.66	31.66	3.35	0.78	0.12	524286	0.0132
20.86	19.85	0.77	12.31	7.53	0.00	2.85	11.15	11.15	2.29	0.83	0.11	524286	0.0264
15.48	14.38	0.79	8.33	6.05	0.00	6.19	8.00	8.00	0.21	0.83	0.10	524286	0.0365
13.79	12.75	0.78	6.67	6.07	0.00	4.63	5.00	5.00	0.21	0.80	0.11	524286	0.0411
28.12	27.09	0.79	18.52	8.56	0.00	2.13	18.26	18.26	2.89	0.76	0.10	524286	0.0194
13.89	12.91	0.78	7.00	5.84	0.00	2.83	5.49	5.49	2.10	0.85	0.08	524286	0.0406
18.28	17.37	0.71	11.09	6.27	0.00	1.70	10.71	10.71	2.46	0.62	0.08	524286	0.0302
21.80	20.99	0.61	15.26	5.72	0.00	1.56	15.20	15.20	2.89	0.59	0.08	524286	0.0250
25.38	24.57	0.61	19.01	5.56	0.00	1.71	19.01	19.01	3.26	0.60	0.08	524286	0.0213
11.74	10.75	0.80	5.58	5.16	0.00	2.40	4.19	4.19	1.87	0.66	0.08	524286	0.0488
10.48	9.68	0.60	5.11	4.57	0.00	2.37	3.72	3.72	1.76	0.71	0.08	524286	0.0541
12.75	11.96	0.61	6.83	5.12	0.00	1.92	5.89	5.89	2.16	0.67	0.08	524286	0.0438
13.61	12.81	0.60	7.47	5.34	0.00	1.69	6.90	6.90	2.32	0.64	0.08	524286	0.0409
13.92	12.91	0.81	7.42	5.48	0.00	1.99	6.50	6.50	2.14	0.65	0.08	524286	0.0406
11.17	10.38	0.60	5.53	4.84	0.00	2.56	4.20	4.20	1.69	0.66	0.08	524286	0.0505
17.59	16.77	0.61	10.56	6.21	0.01	1.80	9.94	9.94	2.47	0.67	0.08	524286	0.0313
26.57	25.76	0.61	20.38	5.38	0.00	1.86	20.20	20.20	3.12	0.58	0.08	524286	0.0203
14.15	13.36	0.60	7.99	5.37	0.00	1.73	7.20	7.20	2.37	0.67	0.08	524286	0.0393
22.53	21.74	0.59	17.16	4.57	0.00	2.15	17.16	17.16	3.50	0.46	0.08	524286	0.0241
15.46	14.67	0.60	8.59	6.07	0.00	1.89	7.99	7.99	2.36	0.65	0.08	524286	0.0357
28.53	27.73	0.60	22.90	4.83	0.00	1.96	22.90	22.90	3.51	0.46	0.08	524286	0.0189
15.05	14.24	0.61	8.34	5.90	0.00	2.05	7.52	7.52	2.23	0.67	0.08	524286	0.0368
10.48	9.59	0.70	5.84	3.74	0.00	4.48	3.29	3.29	0.11	0.68	0.08	524286	0.0547
16.77	15.94	0.63	9.79	6.15	0.00	2.10	9.05	9.05	2.08	0.65	0.09	524286	0.0329
12.91	12.12	0.59	6.37	5.75	0.00	2.76	5.22	5.22	1.52	0.63	0.08	524286	0.0432
39.58	38.81	0.59	32.94	5.87	0.00	1.80	32.94	32.94	3.49	0.51	0.08	524286	0.0135
15.61	14.71	0.71	10.15	4.56	0.00	1.66	10.15	10.15	3.19	0.68	0.08	524286	0.0356
15.62	14.85	0.58	10.36	4.49	0.00	1.61	10.33	10.33	3.33	0.51	0.08	524286	0.0353
10.01	9.24	0.58	4.63	4.60	0.00	2.81	2.87	2.87	1.52	0.72	0.08	524286	0.0567
17.48	16.69	0.60	11.33	5.36	0.00	1.75	10.64	10.64	2.32	0.66	0.08	524286	0.0314
19.28	18.48	0.61	13.29	5.19	0.00	1.63	13.26	13.26	3.12	0.57	0.08	524286	0.0284
13.28	12.51	0.59	7.32	5.18	0.00	1.88	6.39	6.39	2.24	0.69	0.08	524286	0.0419
14.77	13.98	0.60	8.09	5.88	0.00	1.61	7.66	7.66	2.42	0.68	0.08	524286	0.0375
15.05	14.26	0.60	8.24	6.01	0.00	2.10	7.37	7.37	2.13	0.68	0.08	524286	0.0368
14.98	14.18	0.61	8.52	5.61	0.00	1.91	7.71	7.71	2.21	0.65	0.08	524286	0.0370
30.14	29.34	0.60	23.56	5.77	0.00	2.37	23.56	23.56	3.79	0.51	0.08	524286	0.0179
11.26	10.47	0.60	5.41	5.05	0.00	1.92	4.35	4.35	2.20	0.75	0.07	524286	0.0501
9.80	9.03	0.58	4.74	4.28	0.00	3.14	2.63	2.63	1.09	0.80	0.07	524286	0.0581
16.11	15.33	0.60	10.76	4.56	0.00	2.31	10.76	10.76	3.79	0.51	0.07	524286	0.0342
11.35	10.57	0.59	5.26	5.31	0.00	2.01	4.23	4.23	2.13	0.68	0.08	524286	0.0496
12.27	11.43	0.60	6.31	5.12	0.00	1.95	5.30	5.30	2.19	0.67	0.08	524286	0.0459
10.11	9.31	0.61	5.38	3.93	0.00	3.53	3.15	3.15	0.71	0.68	0.08	524286	0.0563
20.67	19.88	0.59	14.74	5.13	0.00	1.67	14.74	14.74	3.30	0.58	0.08	524286	0.0264
10.13	9.23	0.71	4.76	4.47	0.00	2.83	2.99	2.99	1.40	0.66	0.08	524286	0.0568
10.38	9.59	0.60	4.84	4.74	0.00	2.42	3.33	3.33	1.83	0.72	0.08	524286	0.0547
11.58	10.79	0.60	5.79	5.00	0.00	1.92	4.74	4.74	2.28	0.73	0.08	524286	0.0486
9.62	8.83	0.60	4.98	3.85	0.00	3.28	2.89	2.89	0.74	0.68	0.08	524286	0.0594
10.74	9.95	0.60	6.29	3.65	0.00	4.98	2.78	2.78	0.11	0.93	0.08	524286	0.0527
12.62	11.81	0.62	6.56	5.24	0.00	2.17	5.48	5.48	1.99	0.65	0.08	524286	0.0444
10.34	9.54	0.60	5.82	3.72	0.00	4.50	3.56	3.56	0.11	0.70	0.08	524286	0.0549
15.03	14.22	0.62	8.65	5.56	0.00	1.97	7.85	7.85	2.25	0.65	0.08	524286	0.0369
11.19	10.39	0.60	5.35	5.03	0.00	2.69	3.93	3.93	1.55	0.65	0.08	524286	0.0505
29.74	28.92	0.62	23.93	4.99	0.00	2.27	23.93	23.93	3.64	0.46	0.08	524286	0.0181
20.19	19.39	0.60	14.28	5.11	0.00	1.66	14.28	14.28	3.32	0.57	0.08	524286	0.0270
12.45	11.66	0.60	6.49	5.17	0.00	2.03	5.45	5.45	2.11	0.68	0.08	524286	0.0450
13.72	12.71	0.60	7.20	5.50	0.00	2.01	6.27	6.27	2.20	0.67	0.29	524286	0.0412
11.88	11.07	0.61	5.82	5.25	0.00	2.47	4.55	4.55	1.76	0.63	0.08	524286	0.0474
28.41	27.61	0.60	22.80	4.82	0.00	2.03	22.80	22.80	3.47	0.44	0.08	524286	0.0190
13.70	12.84	0.67	7.43	5.40	0.00	2.07	6.47	6.47	2.12	0.65	0.08	524286	0.0408
25.09	24.29	0.61	18.72	5.56	0.00	1.72	18.72	18.72	3.31	0.59	0.08	524286	0.0216
25.55	24.70	0.66	19.01	5.68	0.00	1.70	18.92	18.92	3.24	0.73	0.08	524286	0.0212
9.68	8.90	0.59	5.01	3.88	0.00	3.35	2.66	2.66	0.72	0.79	0.08	524286	0.0589
10.75	9.96	0.60	5.02	4.94	0.00	2.00	3.89	3.89	2.16	0.75	0.07	524286	0.0526
9.76	8.99	0.58	4.44	4.54	0.00	2.55	2.78	2.78	1.60	0.89	0.08	524286	0.0583
11.23	10.45	0.59	5.49	4.96	0.00	1.82	4.54	4.54	2.22	0.75	0.07	524286	0.0502
13.54	12.25	1.09	6.92	5.33	0.00	2.13	5.86	5.86	2.05	0.65	0.08	524286	0.0428
10.76	9.95	0.61	5.32	4.62	0.00	2.96	3.76	3.76	1.29	0.66	0.09	524286	0.0527
16.73	15.95	0.59	9.91	6.03	0.00	1.96	9.16	9.16	2.32	0.66	0.08	524286	0.0329
11.22	10.41	0.61	5.64	4.76	0.00	3.05	4.00	4.00	1.36	0.72	0.08	524286	0.0504
12.68	11.87	0.61	6.26	5.60	0.00	2.36	5.07	5.07	1.84	0.65	0.09	524286	0.0442
17.95	17.16	0.59	10.83	6.32	0.00	2.01	10.22	10.22	2.13	0.66	0.08	524286	0.0306
43.63	42.83	0.60	37.36	5.46	0.00	2.29	37.36	37.36	3.69	0.63	0.08	524286	0.0122
10.08	9.23	0.66	4.60	4.62	0.00	2.72	2.90	2.90	1.60	0.74	0.08	524286	0.0568
9.95	9.18	0.59	4.73	4.44	0.00	2.46	3.18	3.18	1.72	0.75	0.08	524286	0.0571
10.00	9.22	0.60	4.59	4.62	0.00	2.56	3.03	3.03	1.64	0.73	0.08	524286	0.0569
9.53	8.76	0.58	5.65	3.10	0.00	4.47	2.24	2.24	0.11	0.79	0.08	524286	0.0599
11.77	10.99	0.59	5.35	5.63	0.00	2.26	4.18	4.18	1.94	0.65	0.08	524286	0.0477
10.86	10.05	0.61	5.48	4.56	0.00	3.02	3.84	3.84	1.24	0.66	0.08	524286	0.0522
34.63	33.82	0.62	28.95	4.86	0.00	2.03	28.95	28.95	3.48	0.44	0.08	524286	0.0155
10.54	9.73	0.62	4.95	4.77	0.00	2.56	3.46	3.46	1.62	0.66	0.08	524286	0.0539
11.74	10.94	0.61	5.98	4.95	0.00	2.13	4.84	4.84	1.99	0.67	0.08	524286	0.0479
10.58	9.78	0.61	5.17	4.61	0.00	2.43	3.75	3.75	1.74	0.67	0.08	524286	0.0536
14.71	13.91	0.60	8.51	5.40	0.00	1.62	7.98	7.98	2.37	0.65	0.08	524286	0.0377
24.98	24.02	0.76	19.11	4.91	0.00	1.61	19.11	19.11	3.20	0.60	0.08	524286	0.0218
11.57	10.77	0.60	5.80	4.97	0.00	2.43	4.52	4.52	1.75	0.65	0.08	524286	0.0487
25.42	24.62	0.60	19.24	5.38	0.00	1.69	19.24	19.24	3.27	0.58	0.08	524286	0.0213
11.69	10.70	0.80	5.84	4.86	0.00	2.19	4.60	4.60	1.97	0.67	0.08	524286	0.0490
14.70	13.90	0.61	8.11	5.79	0.00	1.71	7.60	7.60	2.46	0.65	0.08	524286	0.0377
10.23	9.44	0.60	5.06	4.38	0.00	2.90	3.34	3.34	1.26	0.63	0.08	524286	0.0555
13.33	11.88	1.25	6.66	5.22	0.00	1.99	5.59	5.59	2.26	0.67	0.08	524286	0.0441
10.18	9.39	0.61	5.17	4.21	0.00	3.56	3.29	3.29	0.19	0.66	0.08	524286	0.0559
16.75	15.94	0.61	10.11	5.83	0.00	1.78	9.60	9.60	2.30	0.63	0.08	524286	0.0329
11.49	10.68	0.61	5.76	4.92	0.00	2.48	4.46	4.46	1.73	0.64	0.08	524286	0.0491
23.39	22.58	0.61	17.01	5.57	0.00	1.64	17.01	17.01	3.19	0.58	0.09	524286	0.0232
14.13	13.32	0.61	7.82	5.50	0.00	2.08	6.86	6.86	2.12	0.65	0.08	524286	0.0394
28.43	27.64	0.61	22.24	5.39	0.00	2.04	22.24	22.24	3.43	0.67	0.08	524286	0.0190
13.84	13.07	0.59	7.98	5.08	0.00	1.67	7.76	7.76	3.11	0.69	0.07	524286	0.0401
9.71	8.93	0.58	4.49	4.44	0.00	2.54	2.83	2.83	1.68	0.75	0.07	524286	0.0587
SCALE: 14
nvtx: 16384
edgefactor: 16
terasize: 4.19430399999999992e-06
A: 5.69999999999999951e-01
B: 1.90000000000000002e-01
C: 1.90000000000000002e-01
D: 5.00000000000000444e-02
generation_time: 0.00000000000000000e+00
construction_time: 2.51292084000000027e-01
nbfs: 100
min_time: 9.34000003337860131e-03
firstquartile_time: 1.09999999403953552e-02
median_time: 1.35930000543594345e-02
thirdquartile_time: 1.97717499434947978e-02
max_time: 4.34329999685287502e-02
mean_time: 1.63359499752521523e-02
stddev_time: 7.77714667433964529e-03
min_nedge: 2.62140000000000000e+05
firstquartile_nedge: 2.62140000000000000e+05
median_nedge: 2.62140000000000000e+05
thirdquartile_nedge: 2.62140000000000000e+05
max_nedge: 2.62140000000000000e+05
mean_nedge: 2.62140000000000000e+05
stddev_nedge: 0.00000000000000000e+00
min_TEPS: 6.03550296295316517e+06
firstquartile_TEPS: 1.45661437530304417e+07
median_TEPS: 1.94720886673339009e+07
thirdquartile_TEPS: 2.44170171716883704e+07
max_TEPS: 2.80663810560153611e+07
harmonic_mean_TEPS: 1.60468170138329361e+07
harmonic_stddev_TEPS: 7.67798391256495146e+05
