[BASH] Running the Hybrid graph500 for scale 17
file:/dev/null	benchmark:GRAPH500	vertices:131072	edges:4194302	partitioning:LOW	platform:HYBRID	alpha:50	repeat:1	gpu_count:1	thread_count:1	thread_sched:GUIDED	thread_bind:false	gpu_graph_mem:DEVICE	gpu_par_randomized:false	sorted:false	edge_sort_key:id	edge_order:asc	separate_singletons:false	lambda:0Initializing the shares for Hybrid platform.
	time_init:494.89	time_par:26.48	rmt_vertex:60	rmt_edge:51	beta:2	pid0:2,50,59,26	pid1:98,50,2,26	
total	exec	init	comp	comm	finalize	cpu_comp	gpu_comp	gpu_total_comp	scatter	gather	aggr	trv_edges	exec_rate
131.16	129.32	0.95	105.03	24.29	0.00	15.91	94.55	94.55	17.17	3.72	0.10	4194302	0.0324
80.56	78.72	0.97	58.01	20.71	0.00	20.94	54.25	54.25	25.11	3.16	0.10	4194302	0.0533
45.50	43.11	1.51	23.53	19.58	0.00	19.31	7.09	7.09	12.75	3.63	0.11	4194302	0.0973
43.55	41.71	0.97	25.25	16.45	0.00	23.21	6.11	6.11	9.04	3.70	0.11	4194302	0.1006
73.64	71.78	0.99	48.38	23.40	0.00	17.33	36.01	36.01	15.56	3.73	0.11	4194302	0.0584
64.69	62.78	1.03	38.72	24.05	0.00	16.42	26.51	26.51	16.39	3.71	0.10	4194302	0.0668
74.88	72.99	0.97	50.11	22.88	0.00	15.80	44.11	44.11	21.99	3.32	0.15	4194302	0.0575
43.48	41.64	0.96	21.76	19.87	0.00	19.18	5.53	5.53	13.09	3.64	0.10	4194302	0.1007
129.23	127.38	0.98	105.01	22.37	0.00	19.13	100.61	100.61	24.57	3.19	0.10	4194302	0.0329
44.87	43.03	0.96	22.81	20.21	0.00	18.81	6.90	6.90	13.44	3.67	0.10	4194302	0.0975
126.29	124.27	1.15	102.89	21.37	0.00	18.31	98.51	98.51	24.26	3.19	0.10	4194302	0.0338
52.21	50.37	0.97	26.04	24.32	0.00	15.89	15.13	15.13	16.96	3.65	0.10	4194302	0.0833
139.97	138.13	0.97	116.15	21.97	0.00	17.13	111.45	111.45	23.31	3.22	0.10	4194302	0.0304
64.45	62.60	0.96	38.24	24.36	0.00	14.89	31.08	31.08	19.32	3.49	0.11	4194302	0.0670
52.96	51.09	0.99	30.53	20.55	0.00	18.55	16.57	16.57	13.15	3.66	0.12	4194302	0.0821
64.90	63.04	0.98	41.92	21.12	0.00	18.14	26.67	26.67	13.64	3.68	0.10	4194302	0.0665
42.92	41.08	0.97	23.08	17.99	0.00	21.60	5.42	5.42	10.79	3.57	0.11	4194302	0.1021
245.31	243.26	0.99	221.54	21.70	0.00	19.40	217.71	217.71	24.39	3.27	0.29	4194302	0.0172
54.12	52.08	0.95	28.39	23.68	0.00	16.58	16.94	16.94	16.12	3.69	0.31	4194302	0.0805
76.32	74.40	0.87	49.98	24.41	0.00	14.96	41.95	41.95	18.94	3.46	0.28	4194302	0.0564
95.43	93.35	1.04	71.90	21.44	0.00	18.71	67.51	67.51	24.52	3.21	0.28	4194302	0.0449
51.68	49.63	0.97	26.36	23.26	0.00	15.63	14.88	14.88	16.46	3.64	0.29	4194302	0.0845
47.67	45.62	0.96	22.20	23.41	0.00	17.13	8.88	8.88	15.41	3.94	0.31	4194302	0.0919
74.43	72.35	1.03	48.10	24.24	0.00	15.13	39.82	39.82	19.07	3.50	0.27	4194302	0.0580
69.07	67.08	0.96	46.30	20.76	0.00	21.44	42.46	42.46	25.02	3.16	0.26	4194302	0.0625
70.64	68.32	0.97	45.27	23.04	0.00	16.11	39.68	39.68	21.62	3.39	0.59	4194302	0.0614
76.47	74.45	0.96	49.42	25.02	0.00	15.85	38.05	38.05	17.22	3.65	0.29	4194302	0.0563
101.85	99.88	0.91	75.10	24.77	0.00	15.63	64.44	64.44	17.92	3.64	0.29	4194302	0.0420
47.44	45.26	0.95	24.31	20.94	0.00	20.16	8.02	8.02	13.24	3.89	0.35	4194302	0.0927
103.93	101.72	1.04	75.67	26.04	0.00	16.93	66.06	66.06	20.25	3.75	0.29	4194302	0.0412
100.03	97.74	1.12	71.71	26.03	0.00	16.62	62.99	62.99	20.75	3.75	0.30	4194302	0.0429
51.36	49.03	1.10	24.91	24.11	0.00	19.01	10.44	10.44	16.14	4.15	0.35	4194302	0.0855
106.00	103.92	1.02	79.14	24.77	0.00	15.79	70.88	70.88	19.30	3.44	0.29	4194302	0.0404
128.27	126.24	0.97	104.57	21.66	0.00	17.98	100.01	100.01	23.93	3.26	0.28	4194302	0.0332
53.44	51.39	0.97	27.31	24.08	0.00	16.45	15.38	15.38	16.44	3.70	0.30	4194302	0.0816
58.32	56.24	0.96	33.37	22.86	0.00	18.27	20.18	20.18	14.63	3.73	0.35	4194302	0.0746
165.72	163.72	0.95	141.76	21.95	0.00	18.27	137.56	137.56	24.03	3.19	0.28	4194302	0.0256
53.60	51.54	0.98	26.97	24.57	0.00	15.61	16.42	16.42	16.97	3.71	0.32	4194302	0.0814
106.09	104.10	0.95	81.22	22.87	0.00	15.95	75.20	75.20	21.49	3.31	0.28	4194302	0.0403
44.72	42.67	0.97	22.41	20.24	0.00	19.06	6.49	6.49	12.92	3.97	0.31	4194302	0.0983
87.73	85.82	0.87	61.44	24.38	0.00	14.92	53.52	53.52	19.02	3.42	0.28	4194302	0.0489
112.07	110.04	0.97	86.73	23.30	0.00	16.24	80.92	80.92	22.07	3.33	0.29	4194302	0.0381
44.33	42.28	0.96	22.64	19.63	0.00	19.55	6.34	6.34	12.40	3.62	0.32	4194302	0.0992
63.94	61.82	1.00	37.71	24.11	0.00	15.35	27.56	27.56	17.64	3.68	0.35	4194302	0.0678
165.30	163.36	0.90	141.76	21.60	0.00	18.59	137.25	137.25	23.96	3.21	0.27	4194302	0.0257
131.85	129.75	0.98	108.44	21.31	0.00	19.46	104.48	104.48	24.65	3.23	0.28	4194302	0.0323
72.86	70.82	0.97	47.11	23.70	0.00	15.53	40.60	40.60	20.64	3.37	0.27	4194302	0.0592
90.16	87.86	0.97	66.93	20.92	0.00	20.06	63.65	63.65	24.98	3.23	0.56	4194302	0.0477
173.23	171.28	0.90	149.90	21.38	0.00	20.40	146.35	146.35	24.58	3.17	0.28	4194302	0.0245
42.54	40.70	0.96	24.00	16.69	0.00	23.13	4.35	4.35	9.46	3.58	0.11	4194302	0.1031
137.56	135.62	0.88	112.92	22.69	0.00	15.94	106.90	106.90	21.38	3.30	0.28	4194302	0.0309
117.23	115.22	0.97	91.91	23.30	0.00	15.92	86.05	86.05	21.74	3.29	0.28	4194302	0.0364
63.44	61.38	0.97	36.81	24.55	0.00	15.10	29.42	29.42	19.22	3.46	0.34	4194302	0.0683
70.92	68.97	0.90	45.39	23.58	0.00	15.53	34.15	34.15	16.11	3.69	0.28	4194302	0.0608
128.61	126.59	0.97	105.11	21.47	0.00	18.34	100.80	100.80	24.40	3.19	0.28	4194302	0.0331
46.59	44.55	0.97	23.46	21.08	0.00	18.17	8.25	8.25	13.76	3.68	0.31	4194302	0.0942
50.11	48.04	0.95	25.05	22.99	0.00	16.42	12.71	12.71	15.58	3.80	0.34	4194302	0.0873
88.06	86.11	0.90	61.69	24.40	0.00	15.38	52.14	52.14	18.41	3.54	0.28	4194302	0.0487
70.61	68.60	0.98	47.10	21.49	0.00	17.65	42.23	42.23	23.79	3.23	0.27	4194302	0.0611
48.54	45.99	1.49	24.95	21.03	0.00	17.95	9.77	9.77	13.86	3.69	0.29	4194302	0.0912
54.63	52.03	1.43	27.57	24.46	0.00	19.65	11.52	11.52	12.54	3.61	0.40	4194302	0.0806
61.12	58.89	1.10	38.17	20.72	0.00	19.05	23.11	23.11	13.10	3.66	0.35	4194302	0.0712
112.11	110.17	0.89	85.80	24.36	0.00	15.19	78.32	78.32	19.14	3.40	0.29	4194302	0.0381
77.26	75.25	0.97	54.29	20.95	0.00	21.95	50.81	50.81	25.36	3.20	0.26	4194302	0.0557
53.11	51.05	0.97	27.91	23.13	0.00	17.19	15.06	15.06	15.34	3.73	0.32	4194302	0.0822
61.64	59.33	1.11	35.98	23.34	0.00	16.45	24.10	24.10	15.24	4.01	0.42	4194302	0.0707
141.72	139.72	0.94	115.82	23.89	0.00	15.12	107.37	107.37	18.97	3.47	0.29	4194302	0.0300
126.61	124.60	0.95	101.62	22.98	0.00	16.14	96.25	96.25	22.43	3.34	0.28	4194302	0.0337
69.69	67.70	0.96	45.74	21.96	0.00	17.18	40.66	40.66	23.50	3.23	0.26	4194302	0.0619
108.72	106.28	1.41	83.17	23.11	0.00	15.64	77.25	77.25	21.79	3.34	0.27	4194302	0.0395
50.46	48.42	0.96	24.94	23.47	0.00	15.44	14.51	14.51	16.45	3.65	0.31	4194302	0.0866
90.94	89.00	0.89	67.79	21.21	0.00	19.32	63.70	63.70	24.49	3.38	0.27	4194302	0.0471
48.01	45.98	0.96	21.86	24.12	0.00	16.88	8.64	8.64	15.88	3.73	0.31	4194302	0.0912
44.37	42.40	0.89	23.47	18.93	0.00	20.43	6.13	6.13	11.86	3.65	0.31	4194302	0.0989
136.56	134.60	0.91	113.02	21.57	0.00	22.48	109.91	109.91	25.51	3.13	0.28	4194302	0.0312
60.67	58.61	0.97	34.68	23.93	0.00	15.65	26.38	26.38	18.94	3.42	0.26	4194302	0.0716
67.88	65.85	0.98	44.71	21.13	0.00	19.40	40.85	40.85	24.80	3.23	0.28	4194302	0.0637
47.60	45.56	0.95	24.66	20.90	0.00	18.19	9.85	9.85	13.53	3.75	0.31	4194302	0.0921
43.48	41.49	1.12	24.12	17.36	0.00	22.33	5.82	5.82	9.97	3.69	0.10	4194302	0.1011
79.39	77.42	0.91	52.86	24.55	0.00	15.73	42.34	42.34	17.44	3.68	0.28	4194302	0.0542
72.51	70.50	0.97	49.34	21.15	0.00	18.92	45.01	45.01	24.50	3.21	0.26	4194302	0.0595
58.20	56.13	0.96	31.65	24.47	0.00	16.68	19.30	19.30	15.82	3.72	0.35	4194302	0.0747
50.39	48.26	0.96	27.42	20.83	0.00	20.46	11.38	11.38	12.65	3.58	0.40	4194302	0.0869
71.28	69.10	1.00	45.28	23.81	0.00	17.40	32.31	32.31	15.34	3.75	0.35	4194302	0.0607
104.65	102.69	0.90	78.34	24.35	0.00	15.08	70.11	70.11	19.15	3.43	0.29	4194302	0.0408
116.88	114.94	0.88	91.77	23.16	0.00	15.88	85.95	85.95	21.53	3.27	0.29	4194302	0.0365
54.24	52.20	0.97	27.57	24.63	0.00	15.91	16.82	16.82	16.52	3.79	0.32	4194302	0.0804
117.77	115.82	0.89	92.16	23.66	0.00	15.39	85.22	85.22	20.34	3.36	0.28	4194302	0.0362
71.87	69.84	0.97	48.76	21.07	0.00	18.87	44.32	44.32	24.06	3.19	0.28	4194302	0.0601
130.88	128.88	0.96	106.86	22.02	0.00	19.47	102.92	102.92	24.44	3.18	0.27	4194302	0.0325
42.45	40.62	0.97	26.35	14.26	0.00	25.90	3.62	3.62	6.36	3.99	0.10	4194302	0.1033
42.57	40.82	0.89	23.77	17.04	0.00	22.36	5.16	5.16	9.63	3.88	0.10	4194302	0.1027
57.32	55.22	0.91	34.05	21.17	0.00	18.11	19.41	19.41	13.87	3.69	0.31	4194302	0.0760
97.45	95.49	0.89	74.19	21.29	0.00	21.88	70.97	70.97	25.11	3.51	0.29	4194302	0.0439
83.93	81.93	0.96	60.78	21.14	0.00	22.39	57.46	57.46	25.33	3.13	0.27	4194302	0.0512
44.14	42.30	0.96	24.19	18.11	0.00	21.92	5.62	5.62	10.61	3.60	0.10	4194302	0.0991
172.63	170.69	0.89	149.08	21.61	0.00	20.07	145.29	145.29	24.56	3.20	0.29	4194302	0.0246
43.86	41.67	0.98	23.19	18.47	0.00	21.28	5.21	5.21	11.52	3.60	0.44	4194302	0.1006
103.16	101.21	0.91	76.76	24.43	0.00	14.84	68.54	68.54	19.19	3.44	0.28	4194302	0.0414
44.47	42.39	0.98	22.58	19.80	0.00	19.86	6.45	6.45	12.73	3.61	0.34	4194302	0.0990
SCALE: 17
nvtx: 131072
edgefactor: 16
terasize: 3.35544319999999993e-05
A: 5.69999999999999951e-01
B: 1.90000000000000002e-01
C: 1.90000000000000002e-01
D: 5.00000000000000444e-02
generation_time: 0.00000000000000000e+00
construction_time: 1.47553225000000010e+00
nbfs: 100
min_time: 4.15870001316070576e-02
firstquartile_time: 5.07850001752376545e-02
median_time: 6.99885001778602633e-02
thirdquartile_time: 1.05021499961614612e-01
max_time: 2.44248000144958483e-01
mean_time: 8.07534399902820194e-02
stddev_time: 3.82221723830261234e-02
min_nedge: 2.09713500000000000e+06
firstquartile_nedge: 2.09713500000000000e+06
median_nedge: 2.09713500000000000e+06
thirdquartile_nedge: 2.09713500000000000e+06
max_nedge: 2.09713500000000000e+06
mean_nedge: 2.09713500000000000e+06
stddev_nedge: 0.00000000000000000e+00
min_TEPS: 8.58608872439231351e+06
firstquartile_TEPS: 2.02844232419128083e+07
median_TEPS: 3.02053750125813074e+07
thirdquartile_TEPS: 4.23055597756215483e+07
max_TEPS: 5.04276575219026208e+07
harmonic_mean_TEPS: 2.59696057561432868e+07
harmonic_stddev_TEPS: 1.23538434743366204e+06
