[BASH] Running the Hybrid graph500 for scale 16
file:/dev/null	benchmark:GRAPH500	vertices:65536	edges:2097150	partitioning:HIGH	platform:HYBRID	alpha:50	repeat:1	gpu_count:1	thread_count:1	thread_sched:GUIDED	thread_bind:false	gpu_graph_mem:DEVICE	gpu_par_randomized:false	sorted:false	edge_sort_key:id	edge_order:asc	separate_singletons:false	lambda:0Initializing the shares for Hybrid platform.
	time_init:273.67	time_par:14.39	rmt_vertex:63	rmt_edge:51	beta:2	pid0:98,50,2,26	pid1:2,50,61,26	
total	exec	init	comp	comm	finalize	cpu_comp	gpu_comp	gpu_total_comp	scatter	gather	aggr	trv_edges	exec_rate
54.36	46.16	0.66	30.90	15.25	0.00	2.09	30.90	30.90	0.24	0.24	0.13	2097150	0.0454
36.94	28.72	0.70	20.84	7.88	0.00	2.93	20.84	20.84	0.28	0.22	0.15	2097150	0.0730
109.27	101.10	0.68	93.47	7.62	0.00	2.93	93.47	93.47	0.05	0.25	0.11	2097150	0.0207
29.20	20.99	0.68	14.65	6.33	0.00	3.20	14.06	14.06	0.32	0.21	0.12	2097150	0.0999
39.51	30.98	1.05	21.90	9.07	0.00	4.80	20.88	20.88	0.36	0.21	0.13	2097150	0.0677
39.68	31.50	0.70	24.45	7.04	0.00	1.58	24.45	24.45	0.22	0.22	0.12	2097150	0.0666
28.17	19.94	0.69	14.04	5.89	0.00	2.10	13.62	13.62	0.21	0.21	0.12	2097150	0.1052
55.82	47.67	0.70	40.05	7.61	0.00	1.81	40.00	40.00	0.05	0.23	0.12	2097150	0.0440
73.17	64.99	0.69	58.90	6.08	0.00	2.82	58.90	58.90	0.09	0.23	0.11	2097150	0.0323
27.18	18.95	0.70	13.24	5.71	0.00	1.87	12.81	12.81	0.28	0.38	0.12	2097150	0.1106
29.29	21.06	0.68	15.22	5.84	0.00	1.62	15.05	15.05	0.17	0.22	0.12	2097150	0.0996
27.19	19.01	0.69	13.05	5.96	0.00	3.29	12.07	12.07	0.38	0.20	0.12	2097150	0.1103
32.67	24.13	1.07	17.47	6.65	0.00	2.08	17.15	17.15	0.22	0.21	0.12	2097150	0.0869
50.15	41.92	0.73	34.97	6.95	0.00	1.82	34.89	34.89	0.05	0.23	0.12	2097150	0.0500
34.68	26.50	0.69	19.24	7.25	0.00	2.29	19.14	19.14	0.26	0.22	0.12	2097150	0.0791
31.48	23.10	0.89	16.41	6.68	0.00	2.66	16.09	16.09	0.22	0.22	0.12	2097150	0.0908
33.13	24.64	0.69	17.72	6.92	0.00	2.11	17.44	17.44	0.23	0.21	0.12	2097150	0.0851
34.87	26.68	0.70	19.40	7.27	0.00	2.17	19.18	19.18	0.23	0.21	0.12	2097150	0.0786
51.01	42.59	0.70	35.88	6.70	0.00	1.67	35.88	35.88	0.17	0.23	0.12	2097150	0.0492
136.81	128.57	0.79	125.53	3.04	0.00	64.11	125.53	125.53	0.04	0.45	0.12	2097150	0.0163
29.40	21.16	0.72	15.89	5.26	0.00	1.45	15.89	15.89	0.09	0.21	0.11	2097150	0.0991
24.90	16.74	0.68	11.26	5.47	0.00	2.68	10.26	10.26	0.33	0.20	0.12	2097150	0.1253
27.93	19.73	0.68	14.02	5.70	0.00	1.56	13.90	13.90	0.24	0.21	0.12	2097150	0.1063
34.06	25.87	0.69	20.37	5.50	0.00	1.53	20.37	20.37	0.11	0.25	0.12	2097150	0.0811
24.91	16.54	0.92	11.23	5.30	0.00	1.82	11.06	11.06	0.26	0.21	0.12	2097150	0.1268
24.34	16.15	0.69	10.75	5.39	0.00	2.53	10.26	10.26	0.35	0.20	0.12	2097150	0.1299
31.06	22.46	1.08	15.81	6.65	0.00	3.98	14.95	14.95	0.34	0.21	0.12	2097150	0.0934
31.66	23.48	0.67	16.75	6.73	0.00	2.22	16.70	16.70	0.24	0.20	0.12	2097150	0.0893
77.40	69.23	0.69	63.97	5.24	0.00	8.45	63.97	63.97	0.11	0.25	0.12	2097150	0.0303
24.45	16.29	0.71	10.87	5.42	0.00	2.42	9.88	9.88	0.25	0.21	0.12	2097150	0.1287
46.33	38.20	0.69	32.85	5.34	0.00	2.89	32.85	32.85	0.17	0.24	0.11	2097150	0.0549
28.61	20.43	0.70	14.48	5.94	0.00	1.93	14.37	14.37	0.23	0.20	0.12	2097150	0.1027
27.38	19.16	0.70	12.97	6.18	0.00	3.35	12.15	12.15	0.32	0.33	0.12	2097150	0.1094
27.56	19.32	0.69	13.59	5.73	0.00	1.97	13.16	13.16	0.23	0.20	0.12	2097150	0.1085
36.18	27.47	1.19	20.51	6.95	0.00	1.94	20.51	20.51	0.25	0.21	0.12	2097150	0.0764
50.27	42.11	0.69	35.63	6.47	0.00	1.61	35.56	35.56	0.05	0.22	0.11	2097150	0.0498
30.31	22.14	0.69	16.66	5.47	0.00	1.46	16.66	16.66	0.24	0.22	0.11	2097150	0.0947
47.67	39.53	0.69	34.34	5.19	0.00	2.88	34.34	34.34	0.24	0.24	0.12	2097150	0.0530
31.67	23.46	0.73	17.77	5.68	0.00	1.48	17.77	17.77	0.21	0.21	0.12	2097150	0.0894
28.71	20.53	0.69	14.78	5.74	0.00	1.74	14.75	14.75	0.24	0.26	0.11	2097150	0.1021
39.78	31.63	0.66	25.68	5.95	0.00	1.46	25.59	25.59	0.06	0.22	0.11	2097150	0.0663
24.65	16.24	0.97	10.87	5.36	0.00	2.46	9.92	9.92	0.30	0.20	0.11	2097150	0.1291
45.34	37.13	0.61	31.72	5.40	0.00	2.88	31.72	31.72	0.05	0.24	0.11	2097150	0.0565
31.49	23.41	0.61	17.57	5.83	0.00	1.52	17.57	17.57	0.19	0.21	0.11	2097150	0.0896
25.75	17.43	0.82	11.82	5.60	0.00	4.58	9.31	9.31	0.44	0.22	0.12	2097150	0.1203
24.53	16.48	0.60	11.18	5.29	0.00	1.90	10.56	10.56	0.11	0.20	0.12	2097150	0.1273
28.81	20.33	0.96	14.08	6.25	0.00	4.95	11.63	11.63	0.39	0.20	0.12	2097150	0.1031
28.34	20.21	0.63	13.53	6.67	0.00	3.44	12.42	12.42	0.34	0.20	0.12	2097150	0.1038
37.47	29.35	0.61	22.69	6.65	0.00	1.57	22.69	22.69	0.22	0.22	0.13	2097150	0.0714
32.91	24.79	0.59	19.58	5.19	0.00	1.78	19.50	19.50	0.04	0.21	0.11	2097150	0.0846
34.11	25.95	0.60	20.53	5.41	0.00	1.52	20.53	20.53	0.21	0.21	0.11	2097150	0.0808
31.52	23.39	0.61	18.50	4.89	0.00	1.54	18.43	18.43	0.05	0.22	0.11	2097150	0.0897
32.32	24.19	0.63	16.86	7.33	0.00	2.14	16.08	16.08	0.22	0.22	0.12	2097150	0.0867
32.31	24.14	0.65	16.85	7.29	0.00	2.26	16.35	16.35	0.24	0.21	0.12	2097150	0.0869
57.94	49.61	0.60	44.13	5.47	0.00	3.21	44.13	44.13	0.08	0.24	0.11	2097150	0.0423
28.00	19.61	0.90	14.55	5.05	0.00	1.41	14.55	14.55	0.25	0.21	0.12	2097150	0.1069
33.21	25.15	0.60	19.56	5.59	0.00	1.41	19.56	19.56	0.23	0.22	0.11	2097150	0.0834
47.47	39.40	0.62	33.72	5.68	0.00	2.25	33.72	33.72	0.04	0.23	0.11	2097150	0.0532
31.40	23.35	0.58	16.95	6.39	0.00	1.72	16.77	16.77	0.18	0.21	0.11	2097150	0.0898
33.57	24.92	1.16	17.93	6.99	0.00	1.92	17.76	17.76	0.24	0.22	0.12	2097150	0.0841
33.32	25.27	0.59	18.13	7.13	0.00	2.05	17.55	17.55	0.19	0.21	0.13	2097150	0.0830
52.82	44.57	0.80	37.90	6.66	0.00	1.68	37.90	37.90	0.12	0.23	0.11	2097150	0.0471
27.86	19.73	0.61	13.22	6.50	0.00	3.44	12.49	12.49	0.34	0.34	0.12	2097150	0.1063
28.26	20.13	0.61	14.05	6.08	0.00	1.77	13.78	13.78	0.23	0.20	0.12	2097150	0.1042
39.92	31.80	0.60	26.23	5.56	0.00	1.73	26.19	26.19	0.05	0.22	0.12	2097150	0.0659
24.56	16.30	0.81	11.08	5.21	0.00	1.96	10.15	10.15	0.08	0.20	0.11	2097150	0.1287
32.75	24.67	0.59	19.67	5.00	0.00	1.83	19.67	19.67	0.08	0.22	0.11	2097150	0.0850
25.11	17.00	0.61	11.34	5.65	0.00	3.58	9.90	9.90	0.35	0.21	0.12	2097150	0.1234
30.82	22.69	0.61	15.96	6.72	0.00	1.43	15.91	15.91	0.19	0.25	0.12	2097150	0.0924
35.27	27.23	0.57	19.16	8.06	0.00	4.97	17.47	17.47	0.35	0.21	0.12	2097150	0.0770
32.42	24.12	0.81	17.34	6.78	0.00	2.04	16.99	16.99	0.20	0.21	0.12	2097150	0.0869
31.58	23.51	0.58	17.04	6.46	0.00	1.90	17.04	17.04	0.24	0.25	0.12	2097150	0.0892
26.45	18.25	0.61	12.48	5.77	0.00	4.80	9.82	9.82	0.45	0.20	0.12	2097150	0.1149
35.31	27.22	0.60	21.38	5.84	0.00	1.43	21.35	21.35	0.06	0.22	0.12	2097150	0.0770
34.61	26.52	0.60	20.30	6.21	0.00	1.43	19.99	19.99	0.06	0.21	0.11	2097150	0.0791
29.63	21.26	0.86	16.28	4.97	0.00	1.45	16.28	16.28	0.25	0.21	0.12	2097150	0.0987
60.34	52.28	0.60	47.31	4.96	0.00	8.17	47.31	47.31	0.05	0.24	0.12	2097150	0.0401
26.80	18.67	0.61	13.06	5.60	0.00	1.54	12.99	12.99	0.25	0.21	0.11	2097150	0.1123
36.06	27.78	0.83	22.26	5.51	0.00	1.65	22.23	22.23	0.05	0.23	0.11	2097150	0.0755
32.03	23.92	0.63	18.07	5.85	0.00	1.51	17.74	17.74	0.05	0.24	0.12	2097150	0.0877
40.95	32.66	0.80	26.74	5.91	0.00	1.48	26.65	26.65	0.11	0.22	0.11	2097150	0.0642
37.87	29.82	0.60	24.34	5.47	0.00	1.57	24.34	24.34	0.15	0.22	0.11	2097150	0.0703
24.55	16.43	0.62	10.88	5.54	0.00	2.39	10.04	10.04	0.28	0.20	0.12	2097150	0.1276
38.67	30.60	0.60	25.18	5.41	0.00	2.11	25.18	25.18	0.05	0.23	0.11	2097150	0.0685
31.55	23.47	0.60	17.74	5.72	0.00	1.46	17.44	17.44	0.06	0.22	0.11	2097150	0.0893
27.01	18.70	0.81	12.67	6.02	0.00	2.70	11.78	11.78	0.27	0.21	0.12	2097150	0.1121
30.14	22.03	0.62	15.99	6.04	0.00	1.49	15.99	15.99	0.23	0.21	0.12	2097150	0.0952
69.81	61.78	0.57	55.39	6.38	0.00	2.92	55.39	55.39	0.05	0.24	0.12	2097150	0.0339
51.37	43.25	0.60	38.18	5.07	0.00	3.55	38.18	38.18	0.18	0.23	0.12	2097150	0.0485
32.55	24.42	0.62	19.54	4.86	0.00	1.87	19.54	19.54	0.07	0.22	0.11	2097150	0.0859
30.05	21.93	0.60	16.37	5.56	0.00	1.44	16.17	16.17	0.06	0.21	0.11	2097150	0.0956
25.15	17.08	0.61	11.32	5.75	0.00	2.84	10.56	10.56	0.37	0.20	0.12	2097150	0.1228
61.61	53.25	0.91	47.46	5.78	0.00	3.10	47.46	47.46	0.06	0.24	0.12	2097150	0.0394
29.38	21.23	0.62	16.15	5.07	0.00	1.46	16.15	16.15	0.25	0.21	0.11	2097150	0.0988
26.70	18.58	0.60	12.57	6.00	0.00	2.03	11.94	11.94	0.23	0.21	0.12	2097150	0.1129
31.56	23.41	0.67	17.34	6.06	0.00	1.52	17.34	17.34	0.14	0.21	0.12	2097150	0.0896
43.66	35.32	0.81	30.32	4.99	0.00	3.27	30.32	30.32	0.19	0.24	0.11	2097150	0.0594
26.58	18.49	0.60	12.44	6.04	0.00	2.14	11.80	11.80	0.23	0.21	0.12	2097150	0.1134
26.34	18.19	0.64	12.23	5.96	0.00	2.96	11.56	11.56	0.28	0.20	0.12	2097150	0.1153
27.25	18.79	0.97	13.37	5.41	0.00	1.56	13.37	13.37	0.34	0.21	0.12	2097150	0.1116
SCALE: 16
nvtx: 65536
edgefactor: 16
terasize: 1.67772159999999997e-05
A: 5.69999999999999951e-01
B: 1.90000000000000002e-01
C: 1.90000000000000002e-01
D: 5.00000000000000444e-02
generation_time: 0.00000000000000000e+00
construction_time: 8.20091582999999957e-01
nbfs: 100
min_time: 1.68390002250671383e-02
firstquartile_time: 2.06567499339580518e-02
median_time: 2.46720000505447380e-02
thirdquartile_time: 3.21569999456405645e-02
max_time: 1.29357000112533566e-01
mean_time: 2.95876699995994523e-02
stddev_time: 1.66334906644428453e-02
min_nedge: 1.00000000000000000e+00
firstquartile_nedge: 1.04856600000000000e+06
median_nedge: 1.04856600000000000e+06
thirdquartile_nedge: 1.04856600000000000e+06
max_nedge: 1.04856600000000000e+06
mean_nedge: 1.03808034999999998e+06
stddev_nedge: 1.04856500000000000e+05
min_TEPS: 7.73054414627777664e+00
firstquartile_TEPS: 3.38253773941629976e+07
median_TEPS: 4.33901676503462344e+07
thirdquartile_TEPS: 5.13137344230827019e+07
max_TEPS: 6.22700864650543258e+07
harmonic_mean_TEPS: 7.73038289202297392e+02
harmonic_stddev_TEPS: 7.76916343267385628e+02
