[BASH] Running the Hybrid graph500 for scale 20
file:/dev/null	benchmark:GRAPH500	vertices:1048576	edges:33554430	partitioning:LOW	platform:HYBRID	alpha:50	repeat:1	gpu_count:1	thread_count:1	thread_sched:GUIDED	thread_bind:false	gpu_graph_mem:DEVICE	gpu_par_randomized:false	sorted:false	edge_sort_key:id	edge_order:asc	separate_singletons:false	lambda:0Initializing the shares for Hybrid platform.
	time_init:4992.27	time_par:237.55	rmt_vertex:53	rmt_edge:51	beta:2	pid0:1,50,52,26	pid1:99,50,1,26	
total	exec	init	comp	comm	finalize	cpu_comp	gpu_comp	gpu_total_comp	scatter	gather	aggr	trv_edges	exec_rate
574.76	565.52	3.58	418.33	147.18	0.00	137.69	349.59	349.59	143.44	21.77	0.19	33554430	0.0593
766.05	756.90	3.46	619.62	137.27	0.00	157.57	562.62	562.62	159.33	21.46	0.19	33554430	0.0443
794.04	784.33	3.72	636.67	147.66	0.00	130.97	532.10	532.10	119.30	24.17	0.58	33554430	0.0428
401.41	391.94	3.48	240.63	151.31	0.00	129.71	137.20	137.20	121.62	24.13	0.59	33554430	0.0856
472.86	463.35	3.46	328.00	135.34	0.00	144.42	201.27	201.27	101.70	24.16	0.58	33554430	0.0724
831.77	822.33	3.46	671.22	151.10	0.00	129.02	568.67	568.67	120.82	24.09	0.59	33554430	0.0408
570.01	560.54	3.51	409.22	151.31	0.00	130.54	333.86	333.86	138.04	22.73	0.57	33554430	0.0599
639.73	629.95	3.81	483.49	146.45	0.00	136.29	414.72	414.72	142.96	22.27	0.49	33554430	0.0533
418.51	408.71	3.46	256.54	152.17	0.00	127.89	156.52	156.52	122.89	24.10	0.85	33554430	0.0821
402.42	392.98	3.47	265.78	127.19	0.00	144.81	134.44	134.44	95.96	24.03	0.57	33554430	0.0854
639.96	630.24	3.46	501.72	128.51	0.00	206.50	457.06	457.06	175.98	21.17	0.73	33554430	0.0532
719.09	709.68	3.44	569.62	140.05	0.00	151.41	509.48	509.48	154.39	21.46	0.49	33554430	0.0473
688.46	678.70	3.74	549.52	129.17	0.00	219.82	507.61	507.61	179.05	21.10	0.63	33554430	0.0494
348.62	339.14	3.47	207.68	131.46	0.00	146.47	74.21	74.21	99.69	24.06	0.57	33554430	0.0989
336.61	327.05	3.59	218.42	108.62	0.00	172.42	59.96	59.96	77.21	22.89	0.55	33554430	0.1026
632.13	622.73	3.47	476.52	146.20	0.00	136.25	406.34	406.34	143.53	22.17	0.49	33554430	0.0539
596.94	587.09	3.54	439.15	147.93	0.00	133.71	367.46	367.46	139.15	22.28	0.83	33554430	0.0572
631.91	622.15	3.46	475.40	146.75	0.00	135.41	405.22	405.22	143.57	22.01	0.90	33554430	0.0539
746.03	736.46	3.55	596.95	139.49	0.00	153.59	537.85	537.85	156.84	21.31	0.49	33554430	0.0456
429.32	419.53	3.49	266.89	152.63	0.00	128.31	167.85	167.85	124.69	23.87	0.85	33554430	0.0800
383.53	374.02	3.53	250.03	123.99	0.00	147.96	115.44	115.44	93.13	23.72	0.57	33554430	0.0897
631.36	622.01	3.45	475.00	147.01	0.00	136.39	405.07	405.07	141.39	22.33	0.50	33554430	0.0539
628.36	619.00	3.46	490.14	128.85	0.00	200.52	444.11	444.11	176.19	20.72	0.42	33554430	0.0542
678.10	668.79	3.40	526.70	142.08	0.00	145.84	462.13	462.13	149.88	21.51	0.48	33554430	0.0502
810.22	800.62	3.71	664.25	136.36	0.00	168.58	610.55	610.55	163.89	21.75	0.48	33554430	0.0419
330.02	320.38	3.72	215.04	105.33	0.00	168.63	59.14	59.14	75.10	23.40	0.55	33554430	0.1047
610.27	600.79	3.47	449.89	150.89	0.00	134.84	380.87	380.87	140.06	22.02	0.58	33554430	0.0559
655.68	646.25	3.49	517.45	128.79	0.00	211.67	474.45	474.45	177.63	21.03	0.48	33554430	0.0519
1320.88	1311.45	3.45	1159.48	151.97	0.00	129.61	1071.28	1071.28	130.44	22.97	0.57	33554430	0.0256
496.63	486.87	3.46	333.74	153.12	0.00	129.05	247.19	247.19	130.97	23.03	0.84	33554430	0.0689
635.07	625.49	3.46	496.74	128.74	0.00	202.38	450.98	450.98	176.47	21.22	0.61	33554430	0.0536
827.26	817.88	3.51	687.48	130.40	0.00	185.48	638.95	638.95	171.61	21.12	0.48	33554430	0.0410
397.39	387.90	3.44	259.35	128.54	0.00	150.38	121.85	121.85	96.31	23.95	0.57	33554430	0.0865
329.95	320.51	3.46	215.58	104.93	0.00	168.99	59.80	59.80	75.30	22.88	0.57	33554430	0.1047
506.70	497.20	3.53	342.39	154.80	0.00	129.00	258.37	258.37	131.55	23.03	0.58	33554430	0.0675
621.26	611.50	3.46	464.55	146.94	0.00	136.19	393.03	393.03	140.57	22.08	0.84	33554430	0.0549
397.67	388.27	3.46	264.29	123.97	0.00	148.28	130.06	130.06	92.74	23.79	0.56	33554430	0.0864
545.22	535.88	3.46	398.48	137.39	0.00	161.62	341.97	341.97	161.72	21.54	0.48	33554430	0.0626
419.09	409.62	3.44	283.68	125.93	0.00	145.89	151.22	151.22	94.08	23.91	0.56	33554430	0.0819
668.71	659.26	3.48	515.47	143.78	0.00	142.48	448.89	448.89	147.14	21.62	0.49	33554430	0.0509
425.52	415.97	3.53	295.89	120.07	0.00	152.15	156.34	156.34	89.50	23.51	0.56	33554430	0.0807
546.67	537.21	3.48	383.52	153.68	0.00	131.08	305.19	305.19	133.12	22.89	0.58	33554430	0.0625
587.38	578.03	3.46	444.47	133.55	0.00	180.82	394.00	394.00	170.38	21.19	0.48	33554430	0.0580
677.93	668.43	3.48	517.08	151.35	0.00	140.67	457.60	457.60	147.22	21.95	0.49	33554430	0.0502
557.25	547.18	4.17	410.06	137.11	0.00	177.23	352.93	352.93	167.74	21.43	0.48	33554430	0.0613
500.02	490.33	3.71	352.52	137.80	0.00	142.02	226.94	226.94	104.56	24.28	0.58	33554430	0.0684
873.57	863.97	3.54	712.06	151.90	0.00	128.32	610.81	610.81	121.73	24.16	0.58	33554430	0.0388
703.56	694.05	3.51	564.34	129.70	0.00	221.77	524.62	524.62	180.44	20.59	0.48	33554430	0.0483
571.99	562.72	3.44	430.81	131.90	0.00	179.28	379.51	379.51	171.62	21.55	0.42	33554430	0.0596
360.82	351.02	3.73	235.64	115.37	0.00	167.30	81.65	81.65	83.45	23.08	0.57	33554430	0.0956
674.66	665.19	3.47	532.74	132.44	0.00	218.84	487.32	487.32	179.80	20.65	0.53	33554430	0.0504
489.05	479.39	3.43	327.30	152.08	0.00	127.67	239.75	239.75	131.44	22.93	0.83	33554430	0.0700
533.47	523.89	3.48	386.08	137.81	0.00	133.98	268.83	268.83	105.77	24.39	0.57	33554430	0.0640
579.56	570.14	3.46	436.69	133.45	0.00	176.42	385.66	385.66	170.79	21.75	0.54	33554430	0.0589
682.32	672.99	3.45	529.01	143.97	0.00	142.35	463.94	463.94	147.99	22.01	0.49	33554430	0.0499
492.66	482.64	3.79	330.56	152.07	0.00	128.11	244.04	244.04	130.70	22.91	0.83	33554430	0.0695
526.87	517.17	3.47	365.24	151.93	0.00	129.49	282.64	282.64	133.77	23.14	0.83	33554430	0.0649
549.99	540.66	3.46	404.11	136.54	0.00	163.11	347.99	347.99	163.27	21.62	0.42	33554430	0.0621
620.63	611.30	3.52	480.12	131.17	0.00	208.45	431.33	431.33	179.17	20.84	0.42	33554430	0.0549
628.55	618.93	3.71	471.27	147.66	0.00	138.87	401.88	401.88	141.85	22.10	0.50	33554430	0.0542
632.89	623.09	3.78	476.37	146.71	0.00	135.99	406.94	406.94	143.75	22.13	0.49	33554430	0.0539
410.71	401.12	3.62	247.61	153.50	0.00	130.32	144.45	144.45	123.01	24.02	0.58	33554430	0.0837
348.46	339.04	3.46	220.79	118.24	0.00	154.49	80.07	80.07	87.40	23.57	0.57	33554430	0.0990
433.56	424.07	3.53	296.77	127.29	0.00	152.12	158.89	158.89	95.06	23.69	0.57	33554430	0.0791
516.09	506.57	3.54	368.29	138.27	0.00	141.30	244.48	244.48	105.10	24.21	0.57	33554430	0.0662
544.80	535.45	3.47	397.41	138.04	0.00	161.22	340.96	340.96	162.70	21.46	0.48	33554430	0.0627
746.07	736.70	3.44	596.84	139.85	0.00	153.05	537.39	537.39	156.44	21.47	0.48	33554430	0.0455
626.68	617.42	3.45	488.01	129.41	0.00	199.85	442.08	442.08	177.37	20.96	0.41	33554430	0.0543
351.89	337.21	8.71	213.53	123.67	0.00	148.89	77.42	77.42	92.77	24.02	0.56	33554430	0.0995
754.89	745.56	3.46	605.43	140.12	0.00	154.04	547.27	547.27	156.33	21.43	0.48	33554430	0.0450
742.52	733.16	3.47	592.71	140.44	0.00	153.62	533.16	533.16	154.06	21.53	0.49	33554430	0.0458
823.38	813.65	3.78	678.23	135.42	0.00	170.67	625.80	625.80	166.99	22.00	0.47	33554430	0.0412
834.72	825.32	3.44	691.67	133.65	0.00	174.68	639.37	639.37	166.92	21.29	0.49	33554430	0.0407
313.72	304.31	3.46	205.90	98.40	0.00	173.65	48.11	48.11	68.21	23.00	0.56	33554430	0.1103
573.80	564.38	3.53	430.36	134.02	0.00	173.60	377.61	377.61	169.24	21.52	0.49	33554430	0.0595
860.60	850.67	3.71	698.94	151.73	0.00	129.19	597.83	597.83	121.06	24.51	0.74	33554430	0.0394
374.70	365.30	3.44	243.92	121.37	0.00	160.40	96.13	96.13	89.99	23.41	0.57	33554430	0.0919
583.80	574.30	3.46	432.80	141.50	0.00	137.65	313.94	313.94	108.05	24.50	0.57	33554430	0.0584
640.49	631.01	3.54	484.89	146.12	0.00	137.59	415.97	415.97	143.54	21.78	0.49	33554430	0.0532
642.93	633.24	3.47	504.52	128.71	0.00	207.02	459.76	459.76	176.00	21.37	0.74	33554430	0.0530
627.88	618.48	3.45	470.59	147.88	0.00	138.01	400.94	400.94	143.85	22.18	0.55	33554430	0.0543
835.62	825.95	3.70	692.26	133.69	0.00	176.29	640.82	640.82	166.14	21.41	0.54	33554430	0.0406
697.37	688.03	3.45	544.76	143.26	0.00	145.12	480.84	480.84	150.45	22.02	0.50	33554430	0.0488
802.84	793.17	3.78	656.46	136.70	0.00	166.27	601.87	601.87	163.74	21.75	0.48	33554430	0.0423
828.43	818.40	3.88	671.03	147.36	0.00	126.09	571.64	571.64	118.91	24.15	0.76	33554430	0.0410
485.70	476.05	3.44	324.84	151.20	0.00	130.11	236.01	236.01	130.68	22.97	0.83	33554430	0.0705
402.74	393.21	3.48	266.56	126.64	0.00	152.53	128.05	128.05	94.30	23.75	0.57	33554430	0.0853
312.70	303.26	3.49	206.48	96.77	0.00	175.22	44.75	44.75	66.57	23.11	0.56	33554430	0.1106
521.21	511.64	3.53	376.56	135.08	0.00	136.82	256.57	256.57	103.12	24.35	0.57	33554430	0.0656
576.58	567.05	3.46	416.24	150.80	0.00	131.91	341.50	341.50	138.23	22.61	0.60	33554430	0.0592
596.24	586.90	3.47	453.94	132.95	0.00	184.32	405.46	405.46	172.55	21.21	0.48	33554430	0.0572
683.44	673.86	3.44	522.71	151.13	0.00	130.55	423.11	423.11	121.40	24.27	0.75	33554430	0.0498
608.43	599.17	3.45	470.84	128.32	0.00	200.77	424.70	424.70	176.20	20.70	0.41	33554430	0.0560
780.90	771.66	3.38	636.35	135.30	0.00	167.55	581.07	581.07	164.33	21.72	0.41	33554430	0.0435
328.96	319.52	3.42	207.50	112.01	0.00	169.01	50.63	50.63	81.24	23.30	0.56	33554430	0.1050
342.71	333.32	3.46	223.38	109.94	0.00	164.50	71.96	71.96	79.56	23.27	0.56	33554430	0.1007
491.78	482.25	3.46	328.12	154.13	0.00	127.74	243.42	243.42	130.89	23.08	0.59	33554430	0.0696
577.73	568.31	3.46	434.68	133.62	0.00	175.37	382.72	382.72	169.66	21.31	0.49	33554430	0.0590
402.03	392.36	3.71	263.36	129.00	0.00	151.90	125.17	125.17	96.41	23.76	0.57	33554430	0.0855
407.99	398.56	3.46	246.23	152.32	0.00	129.84	145.44	145.44	122.04	24.04	0.58	33554430	0.0842
SCALE: 20
nvtx: 1048576
edgefactor: 16
terasize: 2.68435455999999995e-04
A: 5.69999999999999951e-01
B: 1.90000000000000002e-01
C: 1.90000000000000002e-01
D: 5.00000000000000444e-02
generation_time: 0.00000000000000000e+00
construction_time: 1.93582510779999986e+01
nbfs: 100
min_time: 3.06749999880790714e-01
firstquartile_time: 4.37400249928236007e-01
median_time: 5.79627000093460021e-01
thirdquartile_time: 6.75370250016450901e-01
max_time: 1.31490199995040902e+00
mean_time: 5.75848319983482404e-01
stddev_time: 1.67503780242087147e-01
min_nedge: 1.67770120000000000e+07
firstquartile_nedge: 1.67770120000000000e+07
median_nedge: 1.67770120000000000e+07
thirdquartile_nedge: 1.67770120000000000e+07
max_nedge: 1.67770120000000000e+07
mean_nedge: 1.67770120000000000e+07
stddev_nedge: 0.00000000000000000e+00
min_TEPS: 1.27591349017894398e+07
firstquartile_TEPS: 2.49995048522754684e+07
median_TEPS: 2.92951773388977870e+07
thirdquartile_TEPS: 3.99098472975059599e+07
max_TEPS: 5.46927856773264483e+07
harmonic_mean_TEPS: 2.91344290115863048e+07
harmonic_stddev_TEPS: 8.51736820733729983e+05
