[BASH] Running the Hybrid graph500 for scale 15
file:/dev/null	benchmark:GRAPH500	vertices:32768	edges:1048574	partitioning:HIGH	platform:HYBRID	alpha:50	repeat:1	gpu_count:1	thread_count:1	thread_sched:GUIDED	thread_bind:false	gpu_graph_mem:DEVICE	gpu_par_randomized:false	sorted:false	edge_sort_key:id	edge_order:asc	separate_singletons:false	lambda:0Initializing the shares for Hybrid platform.
	time_init:172.21	time_par:7.87	rmt_vertex:66	rmt_edge:51	beta:2	pid0:98,50,2,26	pid1:2,50,64,26	
total	exec	init	comp	comm	finalize	cpu_comp	gpu_comp	gpu_total_comp	scatter	gather	aggr	trv_edges	exec_rate
50.99	46.37	0.69	33.90	12.46	0.00	1.49	33.90	33.90	0.20	0.24	0.13	1048574	0.0226
22.06	17.43	0.72	11.59	5.84	0.00	3.53	10.71	10.71	0.29	0.20	0.10	1048574	0.0601
27.26	22.65	0.72	17.08	5.55	0.00	0.78	17.08	17.08	0.08	0.21	0.12	1048574	0.0463
48.08	43.46	0.77	36.48	6.98	0.00	1.07	36.48	36.48	0.05	0.21	0.10	1048574	0.0241
24.93	20.39	0.75	15.95	4.43	0.00	0.87	15.95	15.95	0.05	0.19	0.10	1048574	0.0514
18.53	14.10	0.66	8.98	5.12	0.00	2.58	8.66	8.66	0.23	0.18	0.10	1048574	0.0744
51.29	46.46	1.04	41.01	5.44	0.00	2.03	41.01	41.01	0.05	0.21	0.10	1048574	0.0226
16.81	11.96	1.04	7.77	4.18	0.00	1.70	7.77	7.77	0.19	0.18	0.10	1048574	0.0877
28.49	24.05	0.68	20.04	4.01	0.00	1.22	20.04	20.04	0.14	0.20	0.09	1048574	0.0436
16.99	12.56	0.66	8.25	4.31	0.00	3.53	6.68	6.68	0.28	0.18	0.10	1048574	0.0835
15.64	11.19	0.68	6.76	4.43	0.00	1.84	6.43	6.43	0.27	0.18	0.09	1048574	0.0937
15.29	10.82	0.66	6.70	4.10	0.00	2.53	5.78	5.78	0.25	0.18	0.10	1048574	0.0969
22.59	18.15	0.67	12.07	6.08	0.00	2.64	11.68	11.68	0.27	0.19	0.10	1048574	0.0578
18.23	13.78	0.68	9.37	4.40	0.00	1.51	9.37	9.37	0.20	0.19	0.10	1048574	0.0761
18.78	14.26	0.65	8.84	5.41	0.00	1.98	8.61	8.61	0.17	0.19	0.10	1048574	0.0735
21.73	17.25	0.66	11.60	5.64	0.00	2.41	11.60	11.60	0.21	0.20	0.11	1048574	0.0608
31.83	27.37	0.65	21.89	5.48	0.00	0.73	21.89	21.89	0.12	0.19	0.11	1048574	0.0383
28.78	24.31	0.65	17.84	6.46	0.00	0.96	17.84	17.84	0.11	0.19	0.11	1048574	0.0431
23.89	19.46	0.64	13.53	5.92	0.00	1.89	13.53	13.53	0.17	0.19	0.10	1048574	0.0539
24.01	19.53	0.66	14.14	5.38	0.00	1.01	14.14	14.14	0.12	0.20	0.10	1048574	0.0537
33.57	29.15	0.64	23.06	6.08	0.00	0.80	23.06	23.06	0.05	0.20	0.11	1048574	0.0360
25.55	21.09	0.66	14.45	6.63	0.00	1.45	14.45	14.45	0.13	0.19	0.12	1048574	0.0497
29.38	24.92	0.66	17.44	7.47	0.00	1.22	17.44	17.44	0.11	0.20	0.13	1048574	0.0421
35.82	31.34	0.64	23.19	8.14	0.00	0.97	23.19	23.19	0.13	0.20	0.13	1048574	0.0335
19.96	15.12	1.07	10.24	4.87	0.00	1.05	10.24	10.24	0.29	0.19	0.10	1048574	0.0694
27.02	22.53	0.67	17.91	4.61	0.00	0.86	17.91	17.91	0.10	0.20	0.12	1048574	0.0465
21.58	17.15	0.66	12.06	5.09	0.00	0.99	12.06	12.06	0.12	0.19	0.10	1048574	0.0611
34.87	30.43	0.67	25.43	4.99	0.00	0.94	25.43	25.43	0.11	0.19	0.10	1048574	0.0345
20.23	15.56	0.90	11.13	4.42	0.00	0.85	11.13	11.13	0.16	0.18	0.10	1048574	0.0674
18.29	13.82	0.66	8.75	5.06	0.00	1.57	8.57	8.57	0.18	0.18	0.10	1048574	0.0759
18.79	14.36	0.66	9.55	4.80	0.00	1.48	9.55	9.55	0.27	0.19	0.10	1048574	0.0730
19.73	15.31	0.66	10.66	4.64	0.00	1.52	10.66	10.66	0.20	0.19	0.10	1048574	0.0685
21.64	17.19	0.67	12.51	4.67	0.00	0.87	12.51	12.51	0.18	0.20	0.12	1048574	0.0610
18.94	14.17	0.97	9.16	5.00	0.00	2.58	8.68	8.68	0.19	0.18	0.10	1048574	0.0740
18.38	13.94	0.67	9.11	4.83	0.00	1.86	9.11	9.11	0.20	0.19	0.10	1048574	0.0752
19.01	14.57	0.67	9.42	5.14	0.00	1.13	9.34	9.34	0.04	0.19	0.10	1048574	0.0720
20.48	16.06	0.65	11.11	4.94	0.00	2.03	11.11	11.11	0.21	0.21	0.10	1048574	0.0653
39.51	35.08	0.67	30.32	4.75	0.00	1.63	30.32	30.32	0.08	0.21	0.09	1048574	0.0299
26.52	22.03	0.67	17.50	4.53	0.00	0.88	17.50	17.50	0.08	0.20	0.09	1048574	0.0476
26.26	21.81	0.67	16.82	4.99	0.00	0.99	16.82	16.82	0.13	0.19	0.10	1048574	0.0481
19.77	15.30	0.67	9.95	5.34	0.00	2.21	9.84	9.84	0.18	0.19	0.10	1048574	0.0685
19.80	15.38	0.66	9.89	5.48	0.00	1.41	9.89	9.89	0.32	0.20	0.10	1048574	0.0682
25.63	20.92	0.85	15.73	5.18	0.00	0.84	15.73	15.73	0.16	0.20	0.11	1048574	0.0501
21.83	17.37	0.66	11.65	5.72	0.00	1.83	11.65	11.65	0.21	0.19	0.10	1048574	0.0604
19.89	15.30	0.82	9.92	5.38	0.00	1.93	9.92	9.92	0.20	0.20	0.10	1048574	0.0685
21.12	16.65	0.67	11.65	4.99	0.00	1.00	11.65	11.65	0.24	0.19	0.10	1048574	0.0630
24.14	19.67	0.67	14.09	5.58	0.00	0.79	14.05	14.05	0.07	0.19	0.10	1048574	0.0533
22.21	17.76	0.64	12.50	5.26	0.00	1.54	12.50	12.50	0.17	0.19	0.11	1048574	0.0590
22.69	18.24	0.67	11.95	6.28	0.00	1.51	11.82	11.82	0.13	0.19	0.11	1048574	0.0575
25.40	20.89	0.66	14.54	6.35	0.00	1.81	14.54	14.54	0.16	0.19	0.11	1048574	0.0502
51.42	46.80	0.86	41.53	5.26	0.00	1.32	41.53	41.53	0.10	0.20	0.09	1048574	0.0224
19.71	15.24	0.67	10.65	4.58	0.00	0.81	10.65	10.65	0.08	0.18	0.09	1048574	0.0688
17.25	12.77	0.66	8.35	4.41	0.00	1.67	8.35	8.35	0.19	0.19	0.10	1048574	0.0821
20.02	15.57	0.68	10.78	4.79	0.00	1.61	10.78	10.78	0.21	0.18	0.10	1048574	0.0673
20.66	16.22	0.67	10.76	5.46	0.00	2.47	10.76	10.76	0.26	0.19	0.10	1048574	0.0646
21.27	16.77	0.67	10.85	5.92	0.00	1.35	10.76	10.76	0.14	0.19	0.11	1048574	0.0625
21.65	17.21	0.65	11.65	5.55	0.00	1.97	11.65	11.65	0.18	0.19	0.10	1048574	0.0609
27.25	22.77	0.69	16.74	6.03	0.00	0.76	16.74	16.74	0.04	0.20	0.11	1048574	0.0460
25.27	20.81	0.65	14.46	6.34	0.00	2.05	14.46	14.46	0.17	0.19	0.11	1048574	0.0504
31.09	26.64	0.66	19.34	7.29	0.00	0.96	19.34	19.34	0.12	0.19	0.13	1048574	0.0394
35.27	30.79	0.64	22.34	8.45	0.00	1.20	22.34	22.34	0.13	0.19	0.13	1048574	0.0341
23.35	18.52	1.06	13.72	4.79	0.00	0.80	13.72	13.72	0.10	0.19	0.09	1048574	0.0566
18.66	14.23	0.66	9.30	4.93	0.00	1.13	9.29	9.29	0.14	0.19	0.10	1048574	0.0737
22.61	18.16	0.67	12.05	6.10	0.00	2.48	12.01	12.01	0.24	0.19	0.10	1048574	0.0577
22.75	18.33	0.65	12.29	6.04	0.00	2.58	12.29	12.29	0.20	0.19	0.10	1048574	0.0572
24.29	19.80	0.68	14.00	5.80	0.00	1.46	14.00	14.00	0.14	0.19	0.11	1048574	0.0530
26.00	21.53	0.66	14.75	6.78	0.00	1.25	14.75	14.75	0.12	0.20	0.11	1048574	0.0487
28.03	23.57	0.68	17.20	6.36	0.00	0.79	17.13	17.13	0.05	0.20	0.10	1048574	0.0445
22.00	17.54	0.65	12.20	5.33	0.00	1.54	12.20	12.20	0.18	0.19	0.10	1048574	0.0598
22.00	17.56	0.65	11.65	5.91	0.00	1.55	11.65	11.65	0.16	0.19	0.12	1048574	0.0597
25.36	20.87	0.65	14.46	6.40	0.00	2.64	14.46	14.46	0.19	0.19	0.11	1048574	0.0502
25.49	21.00	0.65	14.58	6.41	0.00	2.41	14.58	14.58	0.18	0.20	0.14	1048574	0.0499
65.14	60.73	0.65	54.24	6.49	0.00	0.99	54.24	54.24	0.11	0.20	0.09	1048574	0.0173
26.57	22.12	0.66	17.55	4.56	0.00	0.89	17.55	17.55	0.10	0.19	0.13	1048574	0.0474
20.55	16.11	0.67	10.45	5.65	0.00	2.86	9.80	9.80	0.22	0.19	0.11	1048574	0.0651
23.00	18.52	0.66	13.09	5.42	0.00	2.02	13.09	13.09	0.18	0.20	0.10	1048574	0.0566
40.46	36.00	0.65	30.34	5.65	0.00	0.88	30.34	30.34	0.11	0.21	0.11	1048574	0.0291
26.15	21.68	0.66	14.78	6.89	0.00	1.20	14.78	14.78	0.10	0.19	0.11	1048574	0.0484
52.05	47.46	0.82	42.15	5.31	0.00	1.29	42.15	42.15	0.11	0.21	0.09	1048574	0.0221
17.31	12.87	0.66	8.37	4.49	0.00	1.08	8.04	8.04	0.05	0.19	0.10	1048574	0.0815
19.33	14.86	0.66	10.32	4.53	0.00	0.90	10.32	10.32	0.14	0.19	0.09	1048574	0.0705
21.08	16.65	0.67	11.67	4.98	0.00	0.98	11.67	11.67	0.13	0.19	0.10	1048574	0.0630
19.84	15.40	0.66	10.07	5.32	0.00	2.57	9.80	9.80	0.25	0.19	0.10	1048574	0.0681
21.39	16.92	0.66	11.26	5.65	0.00	1.83	11.26	11.26	0.22	0.19	0.10	1048574	0.0620
40.18	35.14	1.27	29.64	5.49	0.00	0.93	29.64	29.64	0.05	0.20	0.10	1048574	0.0298
22.67	17.99	0.84	13.16	4.83	0.00	0.84	13.16	13.16	0.13	0.19	0.10	1048574	0.0583
19.68	15.25	0.67	10.16	5.09	0.00	1.68	10.16	10.16	0.20	0.19	0.10	1048574	0.0688
30.75	26.30	0.67	21.04	5.25	0.00	0.87	21.04	21.04	0.10	0.19	0.10	1048574	0.0399
23.21	18.77	0.64	12.61	6.15	0.00	3.16	12.21	12.21	0.22	0.19	0.10	1048574	0.0559
27.66	23.22	0.66	17.42	5.80	0.00	0.79	17.42	17.42	0.12	0.19	0.11	1048574	0.0452
25.91	21.42	0.65	15.09	6.32	0.00	1.79	15.09	15.09	0.16	0.19	0.11	1048574	0.0490
26.29	21.83	0.66	15.97	5.85	0.00	0.97	15.97	15.97	0.13	0.19	0.10	1048574	0.0480
48.66	44.24	0.65	39.28	4.95	0.00	1.73	39.28	39.28	0.05	0.21	0.09	1048574	0.0237
31.62	27.20	0.67	23.19	4.00	0.00	2.13	23.19	23.19	0.07	0.20	0.09	1048574	0.0386
18.40	13.92	0.67	8.62	5.28	0.00	1.77	8.62	8.62	0.23	0.20	0.10	1048574	0.0753
29.26	24.82	0.67	19.85	4.96	0.00	0.81	19.85	19.85	0.08	0.19	0.10	1048574	0.0422
30.70	26.26	0.67	21.71	4.54	0.00	0.91	21.71	21.71	0.15	0.19	0.09	1048574	0.0399
19.29	14.82	0.67	10.79	4.03	0.00	0.76	10.79	10.79	0.03	0.19	0.09	1048574	0.0707
28.56	24.13	0.66	20.08	4.04	0.00	1.64	20.08	20.08	0.09	0.20	0.09	1048574	0.0435
15.07	10.65	0.65	6.46	4.18	0.00	1.09	6.42	6.42	0.17	0.18	0.09	1048574	0.0984
SCALE: 15
nvtx: 32768
edgefactor: 16
terasize: 8.38860799999999983e-06
A: 5.69999999999999951e-01
B: 1.90000000000000002e-01
C: 1.90000000000000002e-01
D: 5.00000000000000444e-02
generation_time: 0.00000000000000000e+00
construction_time: 3.59582000000000013e-01
nbfs: 100
min_time: 1.13039999008178703e-02
firstquartile_time: 1.61375000774860375e-02
median_time: 1.92975000143051148e-02
thirdquartile_time: 2.46085000038146970e-02
max_time: 6.13780000209808371e-02
mean_time: 2.20680100083351059e-02
stddev_time: 9.16955806871165742e-03
min_nedge: 5.24282000000000000e+05
firstquartile_nedge: 5.24282000000000000e+05
median_nedge: 5.24282000000000000e+05
thirdquartile_nedge: 5.24282000000000000e+05
max_nedge: 5.24282000000000000e+05
mean_nedge: 5.24282000000000000e+05
stddev_nedge: 0.00000000000000000e+00
min_TEPS: 8.54185538500414975e+06
firstquartile_TEPS: 2.20528582750737779e+07
median_TEPS: 2.76754588883564696e+07
thirdquartile_TEPS: 3.26752300886672698e+07
max_TEPS: 4.63802197983093560e+07
harmonic_mean_TEPS: 2.37575567439917848e+07
harmonic_stddev_TEPS: 9.92131893391746911e+05
