[BASH] Running the CPU only (default) graph500 for scale 14
file:(null)	benchmark:GRAPH500	vertices:16384	edges:524286	partitioning:RANDOM	platform:CPU	alpha:50	repeat:1	gpu_count:1	thread_count:2	thread_sched:GUIDED	thread_bind:false	gpu_graph_mem:DEVICE	gpu_par_randomized:false	sorted:false	edge_sort_key:id	edge_order:asc	separate_singletons:false	lambda:0	time_init:148.15	time_par:3.92	rmt_vertex:0	rmt_edge:0	beta:0	pid0:100,100,0,0	
total	exec	init	comp	comm	finalize	cpu_comp	gpu_comp	gpu_total_comp	scatter	gather	aggr	trv_edges	exec_rate
1.74	1.66	0.03	1.63	0.02	0.00	1.63	0.00	0.00	0.01	0.00	0.00	524286	0.3166
1.69	1.60	0.05	1.56	0.03	0.00	1.56	0.00	0.00	0.00	0.00	0.00	524286	0.3281
1.79	1.65	0.09	1.62	0.03	0.00	1.62	0.00	0.00	0.00	0.00	0.00	524286	0.3176
16.18	13.08	2.05	13.03	0.04	0.00	13.03	0.00	0.00	0.01	0.00	0.00	524286	0.0401
17.77	15.03	1.79	14.98	0.05	0.00	14.98	0.00	0.00	0.00	0.00	0.00	524286	0.0349
17.21	14.46	1.80	14.41	0.05	0.00	14.41	0.00	0.00	0.01	0.00	0.00	524286	0.0362
18.15	15.41	1.79	15.36	0.05	0.00	15.36	0.00	0.00	0.00	0.00	0.00	524286	0.0340
15.36	12.61	1.79	12.56	0.04	0.00	12.56	0.00	0.00	0.00	0.00	0.00	524286	0.0416
17.93	15.19	1.79	15.13	0.05	0.00	15.13	0.00	0.00	0.00	0.00	0.00	524286	0.0345
17.58	14.86	1.77	14.80	0.05	0.00	14.80	0.00	0.00	0.01	0.00	0.00	524286	0.0353
18.12	14.73	1.99	14.68	0.05	0.00	14.68	0.00	0.00	0.00	0.00	0.00	524286	0.0356
3.15	2.97	0.12	2.92	0.04	0.00	2.92	0.00	0.00	0.00	0.00	0.00	524286	0.1764
3.12	2.99	0.07	2.95	0.03	0.00	2.95	0.00	0.00	0.01	0.00	0.00	524286	0.1753
3.33	3.19	0.07	3.15	0.03	0.00	3.15	0.00	0.00	0.01	0.00	0.00	524286	0.1641
3.20	3.02	0.12	2.98	0.04	0.00	2.98	0.00	0.00	0.00	0.00	0.00	524286	0.1734
3.37	3.20	0.12	3.15	0.04	0.00	3.15	0.00	0.00	0.00	0.00	0.00	524286	0.1639
3.31	3.13	0.12	3.08	0.04	0.00	3.08	0.00	0.00	0.00	0.00	0.00	524286	0.1675
3.31	3.10	0.15	3.05	0.04	0.00	3.05	0.00	0.00	0.00	0.00	0.00	524286	0.1694
3.24	3.06	0.12	3.01	0.04	0.00	3.01	0.00	0.00	0.00	0.00	0.00	524286	0.1716
3.26	3.08	0.12	3.03	0.04	0.00	3.03	0.00	0.00	0.00	0.00	0.00	524286	0.1700
3.25	3.07	0.12	3.02	0.04	0.00	3.02	0.00	0.00	0.01	0.00	0.00	524286	0.1708
3.31	3.14	0.11	3.09	0.04	0.00	3.09	0.00	0.00	0.00	0.00	0.00	524286	0.1672
3.24	3.07	0.12	3.02	0.04	0.00	3.02	0.00	0.00	0.00	0.00	0.00	524286	0.1709
3.43	3.25	0.11	3.20	0.04	0.00	3.20	0.00	0.00	0.00	0.00	0.00	524286	0.1612
3.45	3.27	0.12	3.23	0.04	0.00	3.23	0.00	0.00	0.00	0.00	0.00	524286	0.1602
3.41	3.23	0.12	3.18	0.04	0.00	3.18	0.00	0.00	0.00	0.00	0.00	524286	0.1626
3.24	3.07	0.12	3.02	0.04	0.00	3.02	0.00	0.00	0.01	0.00	0.00	524286	0.1710
3.25	3.04	0.15	3.00	0.04	0.00	3.00	0.00	0.00	0.01	0.00	0.00	524286	0.1722
3.20	2.98	0.16	2.94	0.04	0.00	2.94	0.00	0.00	0.01	0.00	0.00	524286	0.1757
3.18	3.01	0.12	2.96	0.04	0.00	2.96	0.00	0.00	0.00	0.00	0.00	524286	0.1744
3.13	2.96	0.11	2.91	0.04	0.00	2.91	0.00	0.00	0.00	0.00	0.00	524286	0.1774
3.29	3.09	0.15	3.04	0.04	0.00	3.04	0.00	0.00	0.01	0.00	0.00	524286	0.1698
3.18	2.97	0.15	2.92	0.04	0.00	2.92	0.00	0.00	0.01	0.00	0.00	524286	0.1767
3.29	3.12	0.11	3.07	0.04	0.00	3.07	0.00	0.00	0.00	0.00	0.00	524286	0.1682
3.16	2.99	0.12	2.94	0.03	0.00	2.94	0.00	0.00	0.01	0.00	0.00	524286	0.1755
3.50	3.34	0.10	3.29	0.04	0.00	3.29	0.00	0.00	0.01	0.00	0.00	524286	0.1570
3.25	3.07	0.12	3.03	0.04	0.00	3.03	0.00	0.00	0.00	0.00	0.00	524286	0.1706
3.53	3.30	0.12	3.25	0.04	0.00	3.25	0.00	0.00	0.00	0.00	0.00	524286	0.1588
3.26	3.04	0.16	2.99	0.04	0.00	2.99	0.00	0.00	0.00	0.00	0.00	524286	0.1725
3.23	3.06	0.11	3.01	0.04	0.00	3.01	0.00	0.00	0.00	0.00	0.00	524286	0.1713
3.40	3.22	0.12	3.18	0.04	0.00	3.18	0.00	0.00	0.01	0.00	0.00	524286	0.1626
3.44	3.19	0.12	3.15	0.04	0.00	3.15	0.00	0.00	0.00	0.00	0.00	524286	0.1642
3.32	3.09	0.17	3.05	0.03	0.00	3.05	0.00	0.00	0.00	0.00	0.00	524286	0.1695
3.25	3.04	0.15	2.99	0.04	0.00	2.99	0.00	0.00	0.01	0.00	0.00	524286	0.1725
3.22	3.05	0.12	3.00	0.04	0.00	3.00	0.00	0.00	0.01	0.00	0.00	524286	0.1720
3.15	2.98	0.12	2.93	0.04	0.00	2.93	0.00	0.00	0.01	0.00	0.00	524286	0.1761
3.23	3.05	0.12	3.01	0.04	0.00	3.01	0.00	0.00	0.00	0.00	0.00	524286	0.1719
3.55	3.20	0.21	3.16	0.04	0.00	3.16	0.00	0.00	0.00	0.00	0.00	524286	0.1636
3.25	3.06	0.12	3.01	0.04	0.00	3.01	0.00	0.00	0.01	0.00	0.00	524286	0.1713
3.23	3.05	0.12	3.00	0.04	0.00	3.00	0.00	0.00	0.00	0.00	0.00	524286	0.1720
3.39	3.22	0.12	3.17	0.04	0.00	3.17	0.00	0.00	0.00	0.00	0.00	524286	0.1630
7.51	5.89	1.55	5.85	0.04	0.00	5.85	0.00	0.00	0.00	0.00	0.00	524286	0.0889
3.29	3.10	0.14	3.05	0.04	0.00	3.05	0.00	0.00	0.00	0.00	0.00	524286	0.1694
3.13	2.96	0.11	2.92	0.04	0.00	2.92	0.00	0.00	0.01	0.00	0.00	524286	0.1770
3.64	3.46	0.12	3.40	0.06	0.00	3.40	0.00	0.00	0.00	0.00	0.00	524286	0.1513
3.24	3.03	0.15	2.98	0.04	0.00	2.98	0.00	0.00	0.01	0.00	0.00	524286	0.1730
3.33	3.15	0.12	3.11	0.04	0.00	3.11	0.00	0.00	0.01	0.00	0.00	524286	0.1663
3.42	3.25	0.12	3.18	0.06	0.00	3.18	0.00	0.00	0.01	0.00	0.00	524286	0.1615
3.24	3.06	0.12	3.01	0.04	0.00	3.01	0.00	0.00	0.01	0.00	0.00	524286	0.1713
3.10	2.92	0.12	2.88	0.04	0.00	2.88	0.00	0.00	0.01	0.00	0.00	524286	0.1794
3.35	3.17	0.12	3.12	0.04	0.00	3.12	0.00	0.00	0.01	0.00	0.00	524286	0.1655
3.22	3.04	0.12	2.99	0.04	0.00	2.99	0.00	0.00	0.01	0.00	0.00	524286	0.1723
3.14	2.97	0.11	2.92	0.04	0.00	2.92	0.00	0.00	0.00	0.00	0.00	524286	0.1766
3.18	3.00	0.13	2.95	0.04	0.00	2.95	0.00	0.00	0.00	0.00	0.00	524286	0.1750
3.31	3.13	0.12	3.08	0.04	0.00	3.08	0.00	0.00	0.01	0.00	0.00	524286	0.1675
3.28	3.09	0.12	3.05	0.04	0.00	3.05	0.00	0.00	0.00	0.00	0.00	524286	0.1694
3.59	3.28	0.11	3.23	0.04	0.00	3.23	0.00	0.00	0.01	0.00	0.00	524286	0.1600
3.50	3.32	0.12	3.28	0.04	0.00	3.28	0.00	0.00	0.01	0.00	0.00	524286	0.1577
3.22	3.05	0.12	3.00	0.04	0.00	3.00	0.00	0.00	0.00	0.00	0.00	524286	0.1719
3.54	3.36	0.12	3.30	0.05	0.00	3.30	0.00	0.00	0.01	0.00	0.00	524286	0.1559
3.35	3.16	0.12	3.11	0.04	0.00	3.11	0.00	0.00	0.01	0.00	0.00	524286	0.1658
3.16	2.97	0.12	2.93	0.04	0.00	2.93	0.00	0.00	0.00	0.00	0.00	524286	0.1763
3.44	3.25	0.12	3.21	0.04	0.00	3.21	0.00	0.00	0.01	0.00	0.00	524286	0.1611
3.69	3.47	0.16	3.42	0.04	0.00	3.42	0.00	0.00	0.01	0.01	0.00	524286	0.1513
3.08	2.86	0.15	2.82	0.04	0.00	2.82	0.00	0.00	0.01	0.00	0.00	524286	0.1832
3.31	3.20	0.05	3.16	0.04	0.00	3.16	0.00	0.00	0.01	0.00	0.00	524286	0.1636
3.30	3.12	0.12	3.07	0.04	0.00	3.07	0.00	0.00	0.01	0.00	0.00	524286	0.1681
3.21	3.04	0.11	2.99	0.04	0.00	2.99	0.00	0.00	0.00	0.00	0.00	524286	0.1725
3.41	3.25	0.10	3.19	0.04	0.00	3.19	0.00	0.00	0.01	0.00	0.00	524286	0.1615
3.19	3.02	0.11	2.97	0.04	0.00	2.97	0.00	0.00	0.00	0.00	0.00	524286	0.1735
3.34	3.17	0.12	3.12	0.04	0.00	3.12	0.00	0.00	0.00	0.00	0.00	524286	0.1655
3.14	2.97	0.11	2.92	0.04	0.00	2.92	0.00	0.00	0.00	0.00	0.00	524286	0.1768
3.43	3.23	0.13	3.19	0.04	0.00	3.19	0.00	0.00	0.00	0.00	0.00	524286	0.1621
3.22	3.04	0.12	3.00	0.03	0.00	3.00	0.00	0.00	0.00	0.00	0.00	524286	0.1722
3.39	3.21	0.12	3.17	0.04	0.00	3.17	0.00	0.00	0.00	0.00	0.00	524286	0.1632
3.11	2.94	0.11	2.90	0.04	0.00	2.90	0.00	0.00	0.00	0.00	0.00	524286	0.1781
3.18	2.98	0.14	2.94	0.03	0.00	2.94	0.00	0.00	0.01	0.00	0.00	524286	0.1759
3.38	3.13	0.19	3.08	0.05	0.00	3.08	0.00	0.00	0.00	0.00	0.00	524286	0.1673
3.60	3.41	0.13	3.36	0.04	0.00	3.36	0.00	0.00	0.01	0.00	0.00	524286	0.1537
3.22	3.04	0.12	2.99	0.04	0.00	2.99	0.00	0.00	0.00	0.00	0.00	524286	0.1723
4.28	4.10	0.12	4.04	0.04	0.00	4.04	0.00	0.00	0.01	0.00	0.00	524286	0.1280
3.41	3.24	0.11	3.20	0.04	0.00	3.20	0.00	0.00	0.00	0.00	0.00	524286	0.1618
3.36	3.10	0.20	3.05	0.04	0.00	3.05	0.00	0.00	0.00	0.00	0.00	524286	0.1693
3.19	3.02	0.12	2.97	0.04	0.00	2.97	0.00	0.00	0.01	0.00	0.00	524286	0.1734
3.19	3.01	0.11	2.97	0.03	0.00	2.97	0.00	0.00	0.01	0.00	0.00	524286	0.1740
3.27	3.10	0.12	3.06	0.04	0.00	3.06	0.00	0.00	0.00	0.00	0.00	524286	0.1690
3.48	3.30	0.12	3.25	0.04	0.00	3.25	0.00	0.00	0.01	0.00	0.00	524286	0.1588
3.23	3.05	0.12	3.00	0.04	0.00	3.00	0.00	0.00	0.01	0.00	0.00	524286	0.1717
3.20	3.02	0.12	2.98	0.04	0.00	2.98	0.00	0.00	0.00	0.00	0.00	524286	0.1734
3.16	2.99	0.12	2.94	0.04	0.00	2.94	0.00	0.00	0.01	0.00	0.00	524286	0.1755
SCALE: 14
nvtx: 16384
edgefactor: 16
terasize: 4.19430399999999992e-06
A: 5.69999999999999951e-01
B: 1.90000000000000002e-01
C: 1.90000000000000002e-01
D: 5.00000000000000444e-02
generation_time: 0.00000000000000000e+00
construction_time: 2.49203500000000022e-01
nbfs: 100
min_time: 1.64899998903274541e-03
firstquartile_time: 3.14649997651576981e-03
median_time: 3.22950002551078766e-03
thirdquartile_time: 3.36649999022483812e-03
max_time: 1.72000000476837146e-02
mean_time: 4.28226000189781478e-03
stddev_time: 3.59966976196085184e-03
min_nedge: 2.62140000000000000e+05
firstquartile_nedge: 2.62140000000000000e+05
median_nedge: 2.62140000000000000e+05
thirdquartile_nedge: 2.62140000000000000e+05
max_nedge: 2.62140000000000000e+05
mean_nedge: 2.62140000000000000e+05
stddev_nedge: 0.00000000000000000e+00
min_TEPS: 1.52406976321666818e+07
firstquartile_TEPS: 7.82858461220256835e+07
median_TEPS: 8.15239181151805669e+07
thirdquartile_TEPS: 8.34707910120668113e+07
max_TEPS: 1.58969073222228199e+08
harmonic_mean_TEPS: 6.12153395365588963e+07
harmonic_stddev_TEPS: 5.17168771664857119e+06
