[BASH] Running the CPU only (default) graph500 for scale 18
file:(null)	benchmark:GRAPH500	vertices:262143	edges:8388606	partitioning:RANDOM	platform:CPU	alpha:50	repeat:1	gpu_count:1	thread_count:4	thread_sched:GUIDED	thread_bind:false	gpu_graph_mem:DEVICE	gpu_par_randomized:false	sorted:false	edge_sort_key:id	edge_order:asc	separate_singletons:false	lambda:0	time_init:871.24	time_par:88.30	rmt_vertex:0	rmt_edge:0	beta:0	pid0:100,100,0,0	
total	exec	init	comp	comm	finalize	cpu_comp	gpu_comp	gpu_total_comp	scatter	gather	aggr	trv_edges	exec_rate
81.92	77.89	2.12	77.82	0.06	0.00	77.82	0.00	0.00	0.01	0.00	0.00	8388606	0.1077
76.57	72.67	3.18	72.62	0.05	0.00	72.62	0.00	0.00	0.00	0.00	0.00	8388606	0.1154
53.28	39.33	13.27	39.29	0.03	0.00	39.29	0.00	0.00	0.00	0.00	0.00	8388606	0.2133
45.32	44.39	0.25	44.34	0.04	0.00	44.34	0.00	0.00	0.01	0.00	0.00	8388606	0.1890
40.75	39.85	0.22	39.80	0.03	0.00	39.80	0.00	0.00	0.01	0.00	0.00	8388606	0.2105
46.05	45.16	0.22	45.12	0.04	0.00	45.12	0.00	0.00	0.00	0.00	0.00	8388606	0.1857
56.63	55.68	0.22	55.64	0.04	0.00	55.64	0.00	0.00	0.01	0.00	0.00	8388606	0.1506
54.53	53.59	0.22	53.55	0.04	0.00	53.55	0.00	0.00	0.00	0.00	0.00	8388606	0.1565
42.25	41.25	0.23	41.21	0.03	0.00	41.21	0.00	0.00	0.01	0.00	0.00	8388606	0.2034
50.70	49.78	0.23	49.74	0.03	0.00	49.74	0.00	0.00	0.01	0.00	0.00	8388606	0.1685
53.30	52.35	0.23	52.29	0.05	0.00	52.29	0.00	0.00	0.00	0.00	0.00	8388606	0.1602
48.34	47.44	0.23	47.39	0.04	0.00	47.39	0.00	0.00	0.00	0.00	0.00	8388606	0.1768
57.62	56.69	0.24	56.65	0.03	0.00	56.65	0.00	0.00	0.00	0.00	0.00	8388606	0.1480
47.82	46.91	0.22	46.87	0.04	0.00	46.87	0.00	0.00	0.00	0.00	0.00	8388606	0.1788
44.78	43.79	0.24	43.74	0.03	0.00	43.74	0.00	0.00	0.00	0.00	0.00	8388606	0.1916
40.95	40.05	0.22	40.01	0.03	0.00	40.01	0.00	0.00	0.00	0.00	0.00	8388606	0.2094
50.81	49.60	0.22	49.56	0.04	0.00	49.56	0.00	0.00	0.00	0.00	0.00	8388606	0.1691
48.44	47.54	0.22	47.50	0.04	0.00	47.50	0.00	0.00	0.00	0.00	0.00	8388606	0.1765
52.06	51.11	0.23	51.07	0.04	0.00	51.07	0.00	0.00	0.00	0.00	0.00	8388606	0.1641
45.69	44.74	0.22	44.69	0.04	0.00	44.69	0.00	0.00	0.00	0.00	0.00	8388606	0.1875
50.06	49.14	0.22	49.08	0.06	0.00	49.08	0.00	0.00	0.01	0.00	0.00	8388606	0.1707
45.12	44.21	0.22	44.17	0.04	0.00	44.17	0.00	0.00	0.00	0.00	0.00	8388606	0.1897
70.56	68.45	0.23	68.39	0.05	0.00	68.39	0.00	0.00	0.01	0.00	0.00	8388606	0.1226
95.79	87.82	6.45	87.76	0.06	0.00	87.76	0.00	0.00	0.01	0.00	0.00	8388606	0.0955
66.78	55.36	10.74	55.30	0.05	0.00	55.30	0.00	0.00	0.01	0.00	0.00	8388606	0.1515
47.89	46.98	0.22	46.94	0.03	0.00	46.94	0.00	0.00	0.00	0.00	0.00	8388606	0.1786
42.64	41.71	0.24	41.67	0.04	0.00	41.67	0.00	0.00	0.00	0.00	0.00	8388606	0.2011
79.68	78.77	0.22	78.72	0.05	0.00	78.72	0.00	0.00	0.01	0.00	0.00	8388606	0.1065
48.61	47.63	0.29	47.59	0.03	0.00	47.59	0.00	0.00	0.00	0.00	0.00	8388606	0.1761
47.28	46.36	0.22	46.31	0.04	0.00	46.31	0.00	0.00	0.01	0.00	0.00	8388606	0.1809
80.80	74.31	2.27	74.24	0.06	0.00	74.24	0.00	0.00	0.00	0.00	0.00	8388606	0.1129
100.59	91.90	4.05	91.83	0.06	0.00	91.83	0.00	0.00	0.01	0.00	0.00	8388606	0.0913
122.24	113.38	5.94	113.31	0.06	0.00	113.31	0.00	0.00	0.01	0.00	0.00	8388606	0.0740
130.11	121.16	5.96	121.09	0.07	0.00	121.09	0.00	0.00	0.01	0.00	0.00	8388606	0.0692
119.27	109.08	5.94	109.00	0.07	0.00	109.00	0.00	0.00	0.01	0.00	0.00	8388606	0.0769
102.89	92.58	6.09	92.50	0.06	0.00	92.50	0.00	0.00	0.01	0.00	0.00	8388606	0.0906
101.77	92.62	6.09	92.55	0.06	0.00	92.55	0.00	0.00	0.01	0.00	0.00	8388606	0.0906
90.45	83.13	3.01	83.05	0.06	0.00	83.05	0.00	0.00	0.01	0.00	0.00	8388606	0.1009
108.68	98.35	6.08	98.28	0.06	0.00	98.28	0.00	0.00	0.01	0.00	0.00	8388606	0.0853
109.27	100.07	5.94	99.99	0.06	0.00	99.99	0.00	0.00	0.00	0.00	0.00	8388606	0.0838
120.37	113.79	3.47	113.73	0.06	0.00	113.73	0.00	0.00	0.01	0.00	0.00	8388606	0.0737
106.21	90.68	13.58	90.62	0.05	0.00	90.62	0.00	0.00	0.01	0.00	0.00	8388606	0.0925
67.95	65.07	2.13	65.02	0.05	0.00	65.02	0.00	0.00	0.01	0.00	0.00	8388606	0.1289
44.58	43.68	0.23	43.63	0.04	0.00	43.63	0.00	0.00	0.00	0.00	0.00	8388606	0.1921
69.24	67.13	0.22	67.07	0.05	0.00	67.07	0.00	0.00	0.01	0.00	0.00	8388606	0.1250
87.62	73.62	12.08	73.55	0.06	0.00	73.55	0.00	0.00	0.00	0.00	0.00	8388606	0.1140
87.74	83.66	2.15	83.59	0.06	0.00	83.59	0.00	0.00	0.01	0.00	0.00	8388606	0.1003
83.13	76.72	2.19	76.65	0.06	0.00	76.65	0.00	0.00	0.00	0.00	0.00	8388606	0.1093
113.57	103.42	5.95	103.34	0.07	0.00	103.34	0.00	0.00	0.01	0.00	0.00	8388606	0.0811
97.40	89.56	5.93	89.49	0.06	0.00	89.49	0.00	0.00	0.01	0.00	0.00	8388606	0.0937
87.97	82.73	2.13	82.66	0.06	0.00	82.66	0.00	0.00	0.01	0.00	0.00	8388606	0.1014
96.18	87.91	4.05	87.83	0.08	0.00	87.83	0.00	0.00	0.01	0.00	0.00	8388606	0.0954
109.74	100.43	5.95	100.35	0.07	0.00	100.35	0.00	0.00	0.01	0.00	0.00	8388606	0.0835
108.32	98.13	5.95	98.05	0.07	0.00	98.05	0.00	0.00	0.01	0.00	0.00	8388606	0.0855
90.74	82.38	5.59	82.30	0.07	0.00	82.30	0.00	0.00	0.01	0.01	0.00	8388606	0.1018
97.68	90.57	3.48	90.50	0.07	0.00	90.50	0.00	0.00	0.01	0.00	0.00	8388606	0.0926
69.19	63.20	4.05	63.13	0.06	0.00	63.13	0.00	0.00	0.01	0.00	0.00	8388606	0.1327
60.71	56.25	2.21	56.18	0.06	0.00	56.18	0.00	0.00	0.00	0.00	0.00	8388606	0.1491
46.46	42.56	2.12	42.49	0.06	0.00	42.49	0.00	0.00	0.00	0.00	0.00	8388606	0.1971
71.78	61.47	1.71	61.41	0.05	0.00	61.41	0.00	0.00	0.01	0.00	0.00	8388606	0.1365
66.68	57.00	8.28	56.96	0.04	0.00	56.96	0.00	0.00	0.00	0.00	0.00	8388606	0.1472
71.81	61.76	8.26	61.71	0.04	0.00	61.71	0.00	0.00	0.00	0.00	0.00	8388606	0.1358
73.39	61.76	9.82	61.72	0.03	0.00	61.72	0.00	0.00	0.01	0.00	0.00	8388606	0.1358
60.66	57.81	2.09	57.76	0.04	0.00	57.76	0.00	0.00	0.01	0.00	0.00	8388606	0.1451
41.76	30.94	0.21	30.90	0.03	0.00	30.90	0.00	0.00	0.01	0.00	0.00	8388606	0.2712
51.06	50.14	0.21	50.10	0.03	0.00	50.10	0.00	0.00	0.01	0.00	0.00	8388606	0.1673
41.40	40.52	0.21	40.48	0.03	0.00	40.48	0.00	0.00	0.00	0.00	0.00	8388606	0.2070
37.97	37.06	0.21	37.02	0.04	0.00	37.02	0.00	0.00	0.01	0.00	0.00	8388606	0.2264
36.81	35.91	0.23	35.87	0.03	0.00	35.87	0.00	0.00	0.01	0.00	0.00	8388606	0.2336
43.37	42.44	0.21	42.39	0.03	0.00	42.39	0.00	0.00	0.00	0.00	0.00	8388606	0.1977
52.57	51.56	0.22	51.52	0.04	0.00	51.52	0.00	0.00	0.00	0.00	0.00	8388606	0.1627
38.82	37.84	0.22	37.81	0.03	0.00	37.81	0.00	0.00	0.01	0.00	0.00	8388606	0.2217
31.31	30.38	0.23	30.34	0.04	0.00	30.34	0.00	0.00	0.00	0.00	0.00	8388606	0.2761
34.01	33.11	0.21	33.07	0.04	0.00	33.07	0.00	0.00	0.00	0.00	0.00	8388606	0.2534
45.85	33.94	11.24	33.89	0.04	0.00	33.89	0.00	0.00	0.00	0.00	0.00	8388606	0.2472
63.99	52.01	10.23	51.97	0.03	0.00	51.97	0.00	0.00	0.00	0.00	0.00	8388606	0.1613
74.26	68.54	2.93	68.49	0.04	0.00	68.49	0.00	0.00	0.00	0.00	0.00	8388606	0.1224
71.05	65.32	3.95	65.27	0.04	0.00	65.27	0.00	0.00	0.00	0.00	0.00	8388606	0.1284
46.96	38.89	7.38	38.84	0.04	0.00	38.84	0.00	0.00	0.00	0.00	0.00	8388606	0.2157
43.56	42.67	0.21	42.62	0.04	0.00	42.62	0.00	0.00	0.01	0.00	0.00	8388606	0.1966
55.59	54.71	0.21	54.67	0.04	0.00	54.67	0.00	0.00	0.00	0.00	0.00	8388606	0.1533
34.55	33.65	0.21	33.61	0.03	0.00	33.61	0.00	0.00	0.01	0.00	0.00	8388606	0.2493
36.47	35.60	0.21	35.56	0.03	0.00	35.56	0.00	0.00	0.00	0.00	0.00	8388606	0.2357
41.51	33.07	7.78	33.02	0.05	0.00	33.02	0.00	0.00	0.00	0.00	0.00	8388606	0.2537
33.68	32.78	0.21	32.75	0.03	0.00	32.75	0.00	0.00	0.00	0.00	0.00	8388606	0.2559
58.06	54.52	2.09	54.48	0.04	0.00	54.48	0.00	0.00	0.00	0.00	0.00	8388606	0.1539
77.62	73.74	2.08	73.70	0.04	0.00	73.70	0.00	0.00	0.00	0.00	0.00	8388606	0.1138
63.27	59.42	2.09	59.37	0.04	0.00	59.37	0.00	0.00	0.01	0.00	0.00	8388606	0.1412
56.14	49.85	3.35	49.80	0.04	0.00	49.80	0.00	0.00	0.00	0.00	0.00	8388606	0.1683
89.18	78.30	5.79	78.25	0.05	0.00	78.25	0.00	0.00	0.00	0.00	0.00	8388606	0.1071
95.15	85.57	5.80	85.52	0.04	0.00	85.52	0.00	0.00	0.01	0.00	0.00	8388606	0.0980
85.86	76.27	5.80	76.23	0.04	0.00	76.23	0.00	0.00	0.00	0.00	0.00	8388606	0.1100
71.76	64.04	3.92	63.99	0.05	0.00	63.99	0.00	0.00	0.01	0.00	0.00	8388606	0.1310
52.19	44.66	5.81	44.61	0.04	0.00	44.61	0.00	0.00	0.00	0.00	0.00	8388606	0.1878
37.73	34.38	1.66	34.32	0.05	0.00	34.32	0.00	0.00	0.01	0.00	0.00	8388606	0.2440
40.13	36.76	1.65	36.71	0.04	0.00	36.71	0.00	0.00	0.00	0.00	0.00	8388606	0.2282
42.31	38.83	1.67	38.79	0.04	0.00	38.79	0.00	0.00	0.01	0.00	0.00	8388606	0.2160
39.69	36.19	1.69	36.15	0.04	0.00	36.15	0.00	0.00	0.00	0.00	0.00	8388606	0.2318
45.95	42.23	1.68	42.13	0.09	0.00	42.13	0.00	0.00	0.00	0.00	0.00	8388606	0.1987
47.17	43.60	1.74	43.54	0.05	0.00	43.54	0.00	0.00	0.00	0.00	0.00	8388606	0.1924
SCALE: 18
nvtx: 262144
edgefactor: 16
terasize: 6.71088639999999987e-05
A: 5.69999999999999951e-01
B: 1.90000000000000002e-01
C: 1.90000000000000002e-01
D: 5.00000000000000444e-02
generation_time: 0.00000000000000000e+00
construction_time: 2.75536558200000004e+00
nbfs: 100
min_time: 3.06169999837875365e-02
firstquartile_time: 4.46469999253749916e-02
median_time: 5.62569999098777723e-02
thirdquartile_time: 8.35807500034570633e-02
max_time: 1.27118999958038326e-01
mean_time: 6.35353900051117138e-02
stddev_time: 2.41692910761369256e-02
min_nedge: 4.19425900000000000e+06
firstquartile_nedge: 4.19425900000000000e+06
median_nedge: 4.19425900000000000e+06
thirdquartile_nedge: 4.19425900000000000e+06
max_nedge: 4.19425900000000000e+06
mean_nedge: 4.19425900000000000e+06
stddev_nedge: 0.00000000000000000e+00
min_TEPS: 3.29947450922719240e+07
firstquartile_TEPS: 5.25900751902789026e+07
median_TEPS: 7.71573322182616889e+07
thirdquartile_TEPS: 9.50544828689370304e+07
max_TEPS: 1.36991181442367464e+08
harmonic_mean_TEPS: 6.60145314235507697e+07
harmonic_stddev_TEPS: 2.52388846971340710e+06
