[BASH] Running the CPU only (default) graph500 for scale 15
file:(null)	benchmark:GRAPH500	vertices:32768	edges:1048574	partitioning:RANDOM	platform:CPU	alpha:50	repeat:1	gpu_count:1	thread_count:4	thread_sched:GUIDED	thread_bind:false	gpu_graph_mem:DEVICE	gpu_par_randomized:false	sorted:false	edge_sort_key:id	edge_order:asc	separate_singletons:false	lambda:0	time_init:122.69	time_par:8.02	rmt_vertex:0	rmt_edge:0	beta:0	pid0:100,100,0,0	
total	exec	init	comp	comm	finalize	cpu_comp	gpu_comp	gpu_total_comp	scatter	gather	aggr	trv_edges	exec_rate
16.36	13.89	1.50	13.83	0.04	0.00	13.83	0.00	0.00	0.00	0.00	0.00	1048574	0.0755
17.57	15.16	1.43	15.11	0.05	0.00	15.11	0.00	0.00	0.00	0.00	0.00	1048574	0.0691
17.03	14.63	1.43	14.58	0.05	0.00	14.58	0.00	0.00	0.01	0.00	0.00	1048574	0.0717
17.42	15.04	1.43	14.98	0.04	0.00	14.98	0.00	0.00	0.01	0.00	0.00	1048574	0.0697
17.18	14.78	1.43	14.72	0.04	0.00	14.72	0.00	0.00	0.01	0.00	0.00	1048574	0.0709
17.78	15.38	1.43	15.32	0.05	0.00	15.32	0.00	0.00	0.01	0.00	0.00	1048574	0.0682
17.41	15.02	1.43	14.96	0.05	0.00	14.96	0.00	0.00	0.01	0.00	0.00	1048574	0.0698
17.02	14.63	1.43	14.58	0.04	0.00	14.58	0.00	0.00	0.01	0.00	0.00	1048574	0.0717
17.44	15.09	1.37	15.04	0.05	0.00	15.04	0.00	0.00	0.01	0.00	0.00	1048574	0.0695
17.51	15.15	1.38	15.10	0.05	0.00	15.10	0.00	0.00	0.01	0.00	0.00	1048574	0.0692
18.01	15.65	1.39	15.60	0.05	0.00	15.60	0.00	0.00	0.00	0.00	0.00	1048574	0.0670
15.84	13.49	1.38	13.43	0.05	0.00	13.43	0.00	0.00	0.00	0.00	0.00	1048574	0.0778
17.66	15.31	1.38	15.25	0.05	0.00	15.25	0.00	0.00	0.01	0.00	0.00	1048574	0.0685
16.42	14.08	1.36	14.04	0.04	0.00	14.04	0.00	0.00	0.01	0.00	0.00	1048574	0.0744
16.15	13.81	1.38	13.75	0.04	0.00	13.75	0.00	0.00	0.00	0.00	0.00	1048574	0.0760
15.93	13.53	1.42	13.47	0.06	0.00	13.47	0.00	0.00	0.00	0.00	0.00	1048574	0.0775
17.39	15.04	1.37	14.98	0.05	0.00	14.98	0.00	0.00	0.00	0.00	0.00	1048574	0.0697
17.71	15.25	1.49	15.19	0.05	0.00	15.19	0.00	0.00	0.00	0.00	0.00	1048574	0.0688
16.10	13.66	1.46	13.61	0.05	0.00	13.61	0.00	0.00	0.01	0.00	0.00	1048574	0.0768
17.88	15.71	1.17	15.65	0.06	0.00	15.65	0.00	0.00	0.01	0.00	0.00	1048574	0.0667
17.42	15.01	1.40	14.95	0.05	0.00	14.95	0.00	0.00	0.01	0.00	0.00	1048574	0.0699
16.49	14.01	1.50	13.96	0.04	0.00	13.96	0.00	0.00	0.00	0.00	0.00	1048574	0.0748
16.35	13.99	1.38	13.94	0.04	0.00	13.94	0.00	0.00	0.00	0.00	0.00	1048574	0.0749
17.32	14.94	1.41	14.88	0.05	0.00	14.88	0.00	0.00	0.00	0.00	0.00	1048574	0.0702
17.29	14.94	1.38	14.88	0.05	0.00	14.88	0.00	0.00	0.00	0.00	0.00	1048574	0.0702
18.13	15.00	2.16	14.95	0.05	0.00	14.95	0.00	0.00	0.00	0.00	0.00	1048574	0.0699
18.20	15.41	1.78	15.35	0.05	0.00	15.35	0.00	0.00	0.01	0.00	0.00	1048574	0.0680
17.98	15.15	1.82	15.08	0.07	0.00	15.08	0.00	0.00	0.01	0.00	0.00	1048574	0.0692
17.13	14.78	1.38	14.73	0.04	0.00	14.73	0.00	0.00	0.00	0.00	0.00	1048574	0.0710
16.21	13.84	1.39	13.78	0.04	0.00	13.78	0.00	0.00	0.00	0.00	0.00	1048574	0.0758
16.25	13.89	1.38	13.84	0.04	0.00	13.84	0.00	0.00	0.00	0.00	0.00	1048574	0.0755
16.38	14.03	1.38	13.97	0.05	0.00	13.97	0.00	0.00	0.00	0.00	0.00	1048574	0.0747
17.29	14.92	1.39	14.86	0.05	0.00	14.86	0.00	0.00	0.01	0.00	0.00	1048574	0.0703
15.84	13.48	1.38	13.43	0.05	0.00	13.43	0.00	0.00	0.01	0.00	0.00	1048574	0.0778
16.11	13.76	1.38	13.71	0.04	0.00	13.71	0.00	0.00	0.00	0.00	0.00	1048574	0.0762
17.38	15.03	1.38	14.97	0.05	0.00	14.97	0.00	0.00	0.01	0.00	0.00	1048574	0.0698
18.13	15.75	1.41	15.69	0.04	0.00	15.69	0.00	0.00	0.00	0.00	0.00	1048574	0.0666
17.43	15.08	1.38	15.02	0.05	0.00	15.02	0.00	0.00	0.00	0.00	0.00	1048574	0.0695
17.12	14.77	1.38	14.71	0.05	0.00	14.71	0.00	0.00	0.00	0.00	0.00	1048574	0.0710
47.89	40.07	4.66	40.01	0.05	0.00	40.01	0.00	0.00	0.01	0.00	0.00	1048574	0.0262
26.01	19.75	5.27	19.69	0.04	0.00	19.69	0.00	0.00	0.00	0.00	0.00	1048574	0.0531
17.09	14.29	1.80	14.23	0.05	0.00	14.23	0.00	0.00	0.00	0.00	0.00	1048574	0.0734
17.32	14.99	1.36	14.93	0.05	0.00	14.93	0.00	0.00	0.01	0.00	0.00	1048574	0.0700
16.17	13.81	1.39	13.76	0.04	0.00	13.76	0.00	0.00	0.00	0.00	0.00	1048574	0.0759
16.05	13.69	1.38	13.64	0.05	0.00	13.64	0.00	0.00	0.00	0.00	0.00	1048574	0.0766
17.42	15.08	1.37	15.00	0.06	0.00	15.00	0.00	0.00	0.01	0.00	0.00	1048574	0.0696
17.30	14.96	1.38	14.90	0.05	0.00	14.90	0.00	0.00	0.01	0.00	0.00	1048574	0.0701
16.18	13.83	1.38	13.78	0.05	0.00	13.78	0.00	0.00	0.01	0.00	0.00	1048574	0.0758
16.18	13.82	1.38	13.77	0.04	0.00	13.77	0.00	0.00	0.00	0.00	0.00	1048574	0.0759
16.08	13.71	1.39	13.66	0.04	0.00	13.66	0.00	0.00	0.00	0.00	0.00	1048574	0.0765
17.50	15.14	1.39	15.08	0.04	0.00	15.08	0.00	0.00	0.01	0.00	0.00	1048574	0.0693
17.71	15.32	1.38	15.26	0.05	0.00	15.26	0.00	0.00	0.00	0.00	0.00	1048574	0.0684
16.13	13.80	1.36	13.74	0.04	0.00	13.74	0.00	0.00	0.01	0.00	0.00	1048574	0.0760
16.22	13.87	1.38	13.80	0.05	0.00	13.80	0.00	0.00	0.00	0.00	0.00	1048574	0.0756
17.82	15.46	1.39	15.40	0.05	0.00	15.40	0.00	0.00	0.01	0.00	0.00	1048574	0.0678
16.27	13.90	1.39	13.85	0.04	0.00	13.85	0.00	0.00	0.00	0.00	0.00	1048574	0.0754
16.05	13.69	1.38	13.64	0.04	0.00	13.64	0.00	0.00	0.01	0.00	0.00	1048574	0.0766
17.79	15.43	1.38	15.37	0.05	0.00	15.37	0.00	0.00	0.00	0.00	0.00	1048574	0.0680
16.18	13.82	1.38	13.77	0.05	0.00	13.77	0.00	0.00	0.01	0.00	0.00	1048574	0.0759
17.39	15.03	1.38	14.98	0.05	0.00	14.98	0.00	0.00	0.00	0.00	0.00	1048574	0.0698
19.13	16.78	1.38	16.72	0.05	0.00	16.72	0.00	0.00	0.00	0.00	0.00	1048574	0.0625
17.54	15.16	1.38	15.10	0.05	0.00	15.10	0.00	0.00	0.00	0.00	0.00	1048574	0.0692
18.29	15.47	1.82	15.41	0.05	0.00	15.41	0.00	0.00	0.01	0.00	0.00	1048574	0.0678
17.65	15.33	1.36	15.27	0.05	0.00	15.27	0.00	0.00	0.01	0.00	0.00	1048574	0.0684
17.73	15.38	1.38	15.32	0.05	0.00	15.32	0.00	0.00	0.01	0.00	0.00	1048574	0.0682
16.42	14.04	1.41	13.99	0.04	0.00	13.99	0.00	0.00	0.00	0.00	0.00	1048574	0.0747
16.23	13.88	1.38	13.83	0.05	0.00	13.83	0.00	0.00	0.00	0.00	0.00	1048574	0.0755
16.97	14.61	1.39	14.55	0.05	0.00	14.55	0.00	0.00	0.00	0.00	0.00	1048574	0.0718
16.50	13.67	1.82	13.60	0.05	0.00	13.60	0.00	0.00	0.01	0.00	0.00	1048574	0.0767
16.09	13.73	1.38	13.68	0.05	0.00	13.68	0.00	0.00	0.00	0.00	0.00	1048574	0.0764
15.84	13.47	1.39	13.41	0.05	0.00	13.41	0.00	0.00	0.00	0.00	0.00	1048574	0.0779
15.81	13.44	1.39	13.39	0.04	0.00	13.39	0.00	0.00	0.00	0.00	0.00	1048574	0.0780
17.36	15.00	1.38	14.95	0.05	0.00	14.95	0.00	0.00	0.01	0.00	0.00	1048574	0.0699
17.30	14.95	1.38	14.89	0.05	0.00	14.89	0.00	0.00	0.00	0.00	0.00	1048574	0.0701
17.63	15.27	1.38	15.21	0.05	0.00	15.21	0.00	0.00	0.00	0.00	0.00	1048574	0.0687
17.87	15.52	1.38	15.46	0.05	0.00	15.46	0.00	0.00	0.01	0.00	0.00	1048574	0.0676
17.60	15.24	1.38	15.18	0.05	0.00	15.18	0.00	0.00	0.01	0.00	0.00	1048574	0.0688
16.31	13.94	1.39	13.89	0.05	0.00	13.89	0.00	0.00	0.00	0.00	0.00	1048574	0.0752
17.39	15.04	1.38	14.98	0.05	0.00	14.98	0.00	0.00	0.01	0.01	0.00	1048574	0.0697
17.57	15.21	1.39	15.15	0.05	0.00	15.15	0.00	0.00	0.00	0.00	0.00	1048574	0.0690
17.17	14.82	1.38	14.76	0.05	0.00	14.76	0.00	0.00	0.01	0.00	0.00	1048574	0.0707
17.23	14.39	1.83	14.32	0.05	0.00	14.32	0.00	0.00	0.01	0.00	0.00	1048574	0.0729
16.12	13.30	1.80	13.25	0.05	0.00	13.25	0.00	0.00	0.01	0.00	0.00	1048574	0.0788
17.99	15.66	1.36	15.60	0.04	0.00	15.60	0.00	0.00	0.00	0.00	0.00	1048574	0.0670
17.49	15.14	1.38	15.08	0.05	0.00	15.08	0.00	0.00	0.01	0.00	0.00	1048574	0.0693
17.33	14.96	1.38	14.90	0.05	0.00	14.90	0.00	0.00	0.01	0.00	0.00	1048574	0.0701
8.14	6.69	1.38	6.66	0.03	0.00	6.66	0.00	0.00	0.00	0.00	0.00	1048574	0.1567
2.29	2.19	0.05	2.15	0.03	0.00	2.15	0.00	0.00	0.01	0.00	0.00	1048574	0.4788
3.45	3.31	0.07	3.27	0.02	0.00	3.27	0.00	0.00	0.00	0.00	0.00	1048574	0.3172
2.28	2.14	0.08	2.11	0.03	0.00	2.11	0.00	0.00	0.00	0.00	0.00	1048574	0.4891
3.83	3.66	0.08	3.63	0.03	0.00	3.63	0.00	0.00	0.00	0.00	0.00	1048574	0.2864
3.13	3.00	0.05	2.97	0.03	0.00	2.97	0.00	0.00	0.00	0.00	0.00	1048574	0.3494
2.50	2.40	0.05	2.37	0.03	0.00	2.37	0.00	0.00	0.00	0.00	0.00	1048574	0.4373
3.35	3.24	0.04	3.20	0.03	0.00	3.20	0.00	0.00	0.00	0.00	0.00	1048574	0.3240
3.00	2.89	0.04	2.86	0.03	0.00	2.86	0.00	0.00	0.00	0.00	0.00	1048574	0.3623
3.24	2.40	0.78	2.36	0.03	0.00	2.36	0.00	0.00	0.00	0.00	0.00	1048574	0.4373
3.16	3.03	0.05	2.99	0.03	0.00	2.99	0.00	0.00	0.00	0.00	0.00	1048574	0.3462
2.48	2.37	0.05	2.34	0.03	0.00	2.34	0.00	0.00	0.00	0.00	0.00	1048574	0.4424
3.39	3.25	0.05	3.22	0.03	0.00	3.22	0.00	0.00	0.00	0.00	0.00	1048574	0.3227
2.35	2.24	0.05	2.21	0.02	0.00	2.21	0.00	0.00	0.00	0.00	0.00	1048574	0.4671
SCALE: 15
nvtx: 32768
edgefactor: 16
terasize: 8.38860799999999983e-06
A: 5.69999999999999951e-01
B: 1.90000000000000002e-01
C: 1.90000000000000002e-01
D: 5.00000000000000444e-02
generation_time: 0.00000000000000000e+00
construction_time: 2.47431834000000017e-01
nbfs: 100
min_time: 2.22100001573562623e-03
firstquartile_time: 1.51382500082254401e-02
median_time: 1.61795000433921816e-02
thirdquartile_time: 1.65769999176263796e-02
max_time: 4.47349999547004690e-02
mean_time: 1.46486800014972822e-02
stddev_time: 5.57041207904906098e-03
min_nedge: 5.24282000000000000e+05
firstquartile_nedge: 5.24282000000000000e+05
median_nedge: 5.24282000000000000e+05
thirdquartile_nedge: 5.24282000000000000e+05
max_nedge: 5.24282000000000000e+05
mean_nedge: 5.24282000000000000e+05
stddev_nedge: 0.00000000000000000e+00
min_TEPS: 1.17197272947557420e+07
firstquartile_TEPS: 3.17170006716528758e+07
median_TEPS: 3.25248466148335263e+07
thirdquartile_TEPS: 3.46850613589783013e+07
max_TEPS: 2.36056729529716134e+08
harmonic_mean_TEPS: 3.57903920316651314e+07
harmonic_stddev_TEPS: 1.36784752858690033e+06
