[BASH] Running the CPU only (default) graph500 for scale 19
file:(null)	benchmark:GRAPH500	vertices:524288	edges:16777214	partitioning:RANDOM	platform:CPU	alpha:50	repeat:1	gpu_count:1	thread_count:2	thread_sched:GUIDED	thread_bind:false	gpu_graph_mem:DEVICE	gpu_par_randomized:false	sorted:false	edge_sort_key:id	edge_order:asc	separate_singletons:false	lambda:0	time_init:3332.39	time_par:83.28	rmt_vertex:0	rmt_edge:0	beta:0	pid0:100,100,0,0	
total	exec	init	comp	comm	finalize	cpu_comp	gpu_comp	gpu_total_comp	scatter	gather	aggr	trv_edges	exec_rate
67.73	65.03	0.76	64.99	0.04	0.00	64.99	0.00	0.00	0.00	0.00	0.00	16777214	0.2580
66.02	63.25	0.79	63.20	0.04	0.00	63.20	0.00	0.00	0.00	0.00	0.00	16777214	0.2653
64.94	62.22	0.78	62.18	0.04	0.00	62.18	0.00	0.00	0.00	0.00	0.00	16777214	0.2696
65.74	62.91	0.78	62.87	0.04	0.00	62.87	0.00	0.00	0.01	0.00	0.00	16777214	0.2667
66.18	63.54	0.74	63.49	0.04	0.00	63.49	0.00	0.00	0.00	0.00	0.00	16777214	0.2641
79.85	77.10	0.73	77.06	0.04	0.00	77.06	0.00	0.00	0.01	0.00	0.00	16777214	0.2176
68.00	65.26	0.73	65.22	0.03	0.00	65.22	0.00	0.00	0.00	0.00	0.00	16777214	0.2571
72.38	69.63	0.76	69.59	0.04	0.00	69.59	0.00	0.00	0.01	0.00	0.00	16777214	0.2409
66.95	64.25	0.74	64.21	0.04	0.00	64.21	0.00	0.00	0.01	0.00	0.00	16777214	0.2611
69.58	66.97	0.75	66.92	0.04	0.00	66.92	0.00	0.00	0.00	0.00	0.00	16777214	0.2505
73.80	71.09	0.73	71.05	0.04	0.00	71.05	0.00	0.00	0.00	0.00	0.00	16777214	0.2360
66.06	63.30	0.75	63.26	0.04	0.00	63.26	0.00	0.00	0.00	0.00	0.00	16777214	0.2650
67.22	64.48	0.78	64.43	0.04	0.00	64.43	0.00	0.00	0.00	0.00	0.00	16777214	0.2602
67.55	64.85	0.75	64.81	0.04	0.00	64.81	0.00	0.00	0.00	0.00	0.00	16777214	0.2587
67.08	64.42	0.74	64.38	0.04	0.00	64.38	0.00	0.00	0.01	0.00	0.00	16777214	0.2604
66.64	63.96	0.75	63.91	0.04	0.00	63.91	0.00	0.00	0.00	0.00	0.00	16777214	0.2623
67.77	65.07	0.75	65.03	0.04	0.00	65.03	0.00	0.00	0.01	0.00	0.00	16777214	0.2578
70.90	68.19	0.75	68.15	0.04	0.00	68.15	0.00	0.00	0.01	0.00	0.00	16777214	0.2460
67.64	64.92	0.75	64.87	0.04	0.00	64.87	0.00	0.00	0.00	0.00	0.00	16777214	0.2584
69.08	66.38	0.78	66.32	0.05	0.00	66.32	0.00	0.00	0.00	0.00	0.00	16777214	0.2528
69.68	67.02	0.78	66.97	0.04	0.00	66.97	0.00	0.00	0.00	0.00	0.00	16777214	0.2503
79.19	76.52	0.77	76.47	0.04	0.00	76.47	0.00	0.00	0.01	0.00	0.00	16777214	0.2193
67.10	64.40	0.80	64.35	0.04	0.00	64.35	0.00	0.00	0.00	0.00	0.00	16777214	0.2605
66.75	64.03	0.79	63.98	0.04	0.00	63.98	0.00	0.00	0.01	0.00	0.00	16777214	0.2620
70.00	67.22	0.78	67.18	0.04	0.00	67.18	0.00	0.00	0.00	0.00	0.00	16777214	0.2496
72.96	70.19	0.76	70.14	0.04	0.00	70.14	0.00	0.00	0.01	0.00	0.00	16777214	0.2390
69.75	66.36	0.79	66.31	0.04	0.00	66.31	0.00	0.00	0.00	0.00	0.00	16777214	0.2528
70.08	67.26	0.79	67.20	0.04	0.00	67.20	0.00	0.00	0.01	0.00	0.00	16777214	0.2494
70.55	67.71	0.77	67.66	0.05	0.00	67.66	0.00	0.00	0.01	0.00	0.00	16777214	0.2478
82.87	80.10	0.78	80.05	0.04	0.00	80.05	0.00	0.00	0.00	0.00	0.00	16777214	0.2095
82.34	79.58	0.78	79.53	0.04	0.00	79.53	0.00	0.00	0.00	0.00	0.00	16777214	0.2108
70.87	67.86	0.83	67.81	0.04	0.00	67.81	0.00	0.00	0.01	0.00	0.00	16777214	0.2472
73.19	69.84	0.78	69.79	0.05	0.00	69.79	0.00	0.00	0.00	0.00	0.00	16777214	0.2402
85.25	71.14	12.25	71.10	0.03	0.00	71.10	0.00	0.00	0.00	0.00	0.00	16777214	0.2358
72.48	69.67	0.88	69.62	0.03	0.00	69.62	0.00	0.00	0.00	0.00	0.00	16777214	0.2408
68.73	65.93	0.79	65.88	0.04	0.00	65.88	0.00	0.00	0.01	0.00	0.00	16777214	0.2545
78.37	75.66	0.78	75.62	0.04	0.00	75.62	0.00	0.00	0.00	0.00	0.00	16777214	0.2217
73.20	70.56	0.78	70.50	0.05	0.00	70.50	0.00	0.00	0.00	0.00	0.00	16777214	0.2378
69.45	66.75	0.77	66.63	0.11	0.00	66.63	0.00	0.00	0.00	0.00	0.00	16777214	0.2513
65.95	63.21	0.76	63.16	0.04	0.00	63.16	0.00	0.00	0.01	0.00	0.00	16777214	0.2654
67.04	64.26	0.78	64.22	0.04	0.00	64.22	0.00	0.00	0.00	0.00	0.00	16777214	0.2611
69.82	67.02	0.77	66.97	0.05	0.00	66.97	0.00	0.00	0.01	0.00	0.00	16777214	0.2503
74.45	71.71	0.79	71.65	0.05	0.00	71.65	0.00	0.00	0.00	0.00	0.00	16777214	0.2340
68.71	64.97	1.77	64.93	0.03	0.00	64.93	0.00	0.00	0.00	0.00	0.00	16777214	0.2582
75.62	72.87	0.79	72.82	0.04	0.00	72.82	0.00	0.00	0.01	0.00	0.00	16777214	0.2302
68.65	65.90	0.79	65.86	0.04	0.00	65.86	0.00	0.00	0.01	0.00	0.00	16777214	0.2546
68.72	65.99	0.77	65.94	0.04	0.00	65.94	0.00	0.00	0.00	0.00	0.00	16777214	0.2543
74.74	71.99	0.80	71.94	0.04	0.00	71.94	0.00	0.00	0.00	0.00	0.00	16777214	0.2330
67.92	65.05	0.78	65.00	0.04	0.00	65.00	0.00	0.00	0.01	0.00	0.00	16777214	0.2579
85.42	82.59	0.78	82.54	0.04	0.00	82.54	0.00	0.00	0.00	0.00	0.00	16777214	0.2031
81.81	79.10	0.78	79.05	0.04	0.00	79.05	0.00	0.00	0.00	0.00	0.00	16777214	0.2121
67.81	65.10	0.78	65.05	0.04	0.00	65.05	0.00	0.00	0.00	0.00	0.00	16777214	0.2577
68.49	65.65	0.78	65.61	0.04	0.00	65.61	0.00	0.00	0.00	0.00	0.00	16777214	0.2556
66.43	63.67	0.78	63.62	0.04	0.00	63.62	0.00	0.00	0.00	0.00	0.00	16777214	0.2635
104.67	97.37	4.20	97.33	0.03	0.00	97.33	0.00	0.00	0.01	0.00	0.00	16777214	0.1723
117.47	110.45	3.69	110.41	0.04	0.00	110.41	0.00	0.00	0.00	0.00	0.00	16777214	0.1519
77.13	72.08	3.11	72.04	0.04	0.00	72.04	0.00	0.00	0.01	0.00	0.00	16777214	0.2328
67.38	64.67	0.79	64.61	0.05	0.00	64.61	0.00	0.00	0.00	0.00	0.00	16777214	0.2594
75.76	73.00	0.79	72.95	0.04	0.00	72.95	0.00	0.00	0.01	0.00	0.00	16777214	0.2298
68.59	65.55	1.09	65.50	0.04	0.00	65.50	0.00	0.00	0.00	0.00	0.00	16777214	0.2560
68.90	66.10	0.83	66.05	0.04	0.00	66.05	0.00	0.00	0.00	0.00	0.00	16777214	0.2538
70.20	67.17	0.72	67.12	0.04	0.00	67.12	0.00	0.00	0.00	0.00	0.00	16777214	0.2498
68.47	65.73	0.78	65.68	0.04	0.00	65.68	0.00	0.00	0.00	0.00	0.00	16777214	0.2553
78.90	76.06	0.79	76.01	0.04	0.00	76.01	0.00	0.00	0.00	0.00	0.00	16777214	0.2206
71.55	68.78	0.79	68.73	0.04	0.00	68.73	0.00	0.00	0.00	0.00	0.00	16777214	0.2439
127.12	123.11	0.83	123.05	0.04	0.00	123.05	0.00	0.00	0.00	0.00	0.00	16777214	0.1363
70.00	66.78	0.81	66.74	0.04	0.00	66.74	0.00	0.00	0.01	0.00	0.00	16777214	0.2512
111.12	104.87	2.95	104.83	0.03	0.00	104.83	0.00	0.00	0.00	0.00	0.00	16777214	0.1600
104.30	97.87	3.11	97.83	0.04	0.00	97.83	0.00	0.00	0.00	0.00	0.00	16777214	0.1714
80.88	75.82	3.11	75.78	0.04	0.00	75.78	0.00	0.00	0.01	0.00	0.00	16777214	0.2213
64.32	61.61	0.79	61.57	0.04	0.00	61.57	0.00	0.00	0.00	0.00	0.00	16777214	0.2723
66.24	63.59	0.78	63.55	0.03	0.00	63.55	0.00	0.00	0.00	0.00	0.00	16777214	0.2638
78.56	75.82	0.78	75.77	0.04	0.00	75.77	0.00	0.00	0.01	0.00	0.00	16777214	0.2213
67.83	65.15	0.78	65.10	0.04	0.00	65.10	0.00	0.00	0.00	0.00	0.00	16777214	0.2575
65.66	62.74	0.75	62.70	0.03	0.00	62.70	0.00	0.00	0.00	0.00	0.00	16777214	0.2674
69.87	67.18	0.74	67.14	0.04	0.00	67.14	0.00	0.00	0.00	0.00	0.00	16777214	0.2497
70.61	67.92	0.74	67.87	0.03	0.00	67.87	0.00	0.00	0.01	0.00	0.00	16777214	0.2470
67.43	64.68	0.79	64.63	0.04	0.00	64.63	0.00	0.00	0.00	0.00	0.00	16777214	0.2594
76.31	73.60	0.74	73.56	0.04	0.00	73.56	0.00	0.00	0.00	0.00	0.00	16777214	0.2279
71.16	68.40	0.79	68.35	0.04	0.00	68.35	0.00	0.00	0.01	0.00	0.00	16777214	0.2453
65.92	63.11	0.78	63.06	0.04	0.00	63.06	0.00	0.00	0.00	0.00	0.00	16777214	0.2659
66.83	64.12	0.78	64.07	0.04	0.00	64.07	0.00	0.00	0.00	0.00	0.00	16777214	0.2617
81.81	79.08	0.78	79.03	0.04	0.00	79.03	0.00	0.00	0.00	0.00	0.00	16777214	0.2122
68.14	65.40	0.78	65.36	0.03	0.00	65.36	0.00	0.00	0.00	0.00	0.00	16777214	0.2565
67.26	64.59	0.74	64.54	0.04	0.00	64.54	0.00	0.00	0.00	0.00	0.00	16777214	0.2598
69.79	67.06	0.77	67.01	0.04	0.00	67.01	0.00	0.00	0.00	0.00	0.00	16777214	0.2502
66.88	64.16	0.77	64.12	0.04	0.00	64.12	0.00	0.00	0.01	0.00	0.00	16777214	0.2615
66.16	63.45	0.78	63.41	0.03	0.00	63.41	0.00	0.00	0.00	0.00	0.00	16777214	0.2644
78.95	76.18	0.80	76.14	0.04	0.00	76.14	0.00	0.00	0.00	0.00	0.00	16777214	0.2202
74.05	71.26	0.78	71.22	0.04	0.00	71.22	0.00	0.00	0.00	0.00	0.00	16777214	0.2354
67.70	65.00	0.73	64.95	0.04	0.00	64.95	0.00	0.00	0.01	0.00	0.00	16777214	0.2581
67.92	65.15	0.79	65.11	0.04	0.00	65.11	0.00	0.00	0.00	0.00	0.00	16777214	0.2575
66.48	63.73	0.74	63.68	0.03	0.00	63.68	0.00	0.00	0.00	0.00	0.00	16777214	0.2633
66.87	64.13	0.78	64.08	0.04	0.00	64.08	0.00	0.00	0.00	0.00	0.00	16777214	0.2616
75.16	72.42	0.78	72.38	0.04	0.00	72.38	0.00	0.00	0.00	0.00	0.00	16777214	0.2317
66.39	63.70	0.78	63.66	0.03	0.00	63.66	0.00	0.00	0.00	0.00	0.00	16777214	0.2634
66.90	64.18	0.73	64.14	0.04	0.00	64.14	0.00	0.00	0.00	0.00	0.00	16777214	0.2614
66.93	64.19	0.80	64.15	0.03	0.00	64.15	0.00	0.00	0.01	0.00	0.00	16777214	0.2614
67.87	65.10	0.78	65.06	0.03	0.00	65.06	0.00	0.00	0.01	0.00	0.00	16777214	0.2577
68.03	65.26	0.79	65.22	0.04	0.00	65.22	0.00	0.00	0.00	0.00	0.00	16777214	0.2571
SCALE: 19
nvtx: 524288
edgefactor: 16
terasize: 1.34217727999999997e-04
A: 5.69999999999999951e-01
B: 1.90000000000000002e-01
C: 1.90000000000000002e-01
D: 5.00000000000000444e-02
generation_time: 0.00000000000000000e+00
construction_time: 7.09351999799999966e+00
nbfs: 100
min_time: 6.23999999165534974e-02
firstquartile_time: 6.52767499089241116e-02
median_time: 6.71555000245571132e-02
thirdquartile_time: 7.27177500128746157e-02
max_time: 1.23941000044345856e-01
mean_time: 7.07686399888992068e-02
stddev_time: 1.04053350332712277e-02
min_nedge: 1.00000000000000000e+00
firstquartile_nedge: 8.38851300000000000e+06
median_nedge: 8.38851300000000000e+06
thirdquartile_nedge: 8.38851300000000000e+06
max_nedge: 8.38851300000000000e+06
mean_nedge: 8.30462787999999989e+06
stddev_nedge: 8.38851200000000070e+05
min_TEPS: 1.19925646113134263e+01
firstquartile_TEPS: 1.16529581430427417e+08
median_TEPS: 1.25497834454676807e+08
thirdquartile_TEPS: 1.28711976456075415e+08
max_TEPS: 1.34431298256695867e+08
harmonic_mean_TEPS: 1.19924447088557804e+03
harmonic_stddev_TEPS: 1.20527387072809574e+03
