[BASH] Running the CPU only (default) graph500 for scale 20
file:(null)	benchmark:GRAPH500	vertices:1048576	edges:33554430	partitioning:RANDOM	platform:CPU	alpha:50	repeat:1	gpu_count:1	thread_count:1	thread_sched:GUIDED	thread_bind:false	gpu_graph_mem:DEVICE	gpu_par_randomized:false	sorted:false	edge_sort_key:id	edge_order:asc	separate_singletons:false	lambda:0	time_init:5189.60	time_par:141.77	rmt_vertex:0	rmt_edge:0	beta:0	pid0:100,100,0,0	
total	exec	init	comp	comm	finalize	cpu_comp	gpu_comp	gpu_total_comp	scatter	gather	aggr	trv_edges	exec_rate
217.58	209.75	2.87	209.70	0.04	0.00	209.70	0.00	0.00	0.01	0.00	0.00	33554430	0.1600
215.16	207.50	2.78	207.43	0.06	0.00	207.43	0.00	0.00	0.00	0.00	0.00	33554430	0.1617
239.91	232.29	2.78	232.22	0.05	0.00	232.22	0.00	0.00	0.00	0.00	0.00	33554430	0.1445
236.99	229.30	2.78	229.25	0.04	0.00	229.25	0.00	0.00	0.01	0.00	0.00	33554430	0.1463
258.38	250.70	2.78	250.65	0.04	0.00	250.65	0.00	0.00	0.00	0.00	0.00	33554430	0.1338
238.54	230.77	2.78	230.72	0.04	0.00	230.72	0.00	0.00	0.00	0.00	0.00	33554430	0.1454
221.62	213.91	2.78	213.86	0.04	0.00	213.86	0.00	0.00	0.00	0.00	0.00	33554430	0.1569
218.47	210.73	2.79	210.68	0.04	0.00	210.68	0.00	0.00	0.00	0.00	0.00	33554430	0.1592
233.68	226.02	2.78	225.98	0.04	0.00	225.98	0.00	0.00	0.00	0.00	0.00	33554430	0.1485
276.21	268.50	2.79	268.45	0.04	0.00	268.45	0.00	0.00	0.00	0.00	0.00	33554430	0.1250
214.26	206.55	2.78	206.50	0.05	0.00	206.50	0.00	0.00	0.00	0.00	0.00	33554430	0.1625
250.44	242.56	2.78	242.50	0.05	0.00	242.50	0.00	0.00	0.01	0.00	0.00	33554430	0.1383
222.50	214.77	2.82	214.73	0.04	0.00	214.73	0.00	0.00	0.00	0.00	0.00	33554430	0.1562
268.51	260.80	2.80	260.75	0.05	0.00	260.75	0.00	0.00	0.01	0.00	0.00	33554430	0.1287
217.22	209.36	2.83	209.31	0.04	0.00	209.31	0.00	0.00	0.01	0.00	0.00	33554430	0.1603
222.97	215.24	2.79	215.18	0.05	0.00	215.18	0.00	0.00	0.00	0.00	0.00	33554430	0.1559
224.13	216.29	2.83	216.24	0.05	0.00	216.24	0.00	0.00	0.01	0.00	0.00	33554430	0.1551
222.27	214.51	2.78	214.46	0.04	0.00	214.46	0.00	0.00	0.00	0.00	0.00	33554430	0.1564
218.81	210.99	2.79	210.94	0.04	0.00	210.94	0.00	0.00	0.00	0.00	0.00	33554430	0.1590
236.41	228.66	2.78	228.62	0.04	0.00	228.62	0.00	0.00	0.00	0.00	0.00	33554430	0.1467
217.65	209.90	2.78	209.86	0.04	0.00	209.86	0.00	0.00	0.00	0.00	0.00	33554430	0.1599
224.56	216.81	2.78	216.76	0.04	0.00	216.76	0.00	0.00	0.00	0.00	0.00	33554430	0.1548
263.69	256.07	2.78	256.02	0.04	0.00	256.02	0.00	0.00	0.01	0.00	0.00	33554430	0.1310
225.86	218.09	2.78	218.04	0.04	0.00	218.04	0.00	0.00	0.00	0.00	0.00	33554430	0.1539
217.46	209.81	2.79	209.77	0.04	0.00	209.77	0.00	0.00	0.00	0.00	0.00	33554430	0.1599
212.06	204.20	2.79	204.16	0.04	0.00	204.16	0.00	0.00	0.00	0.00	0.00	33554430	0.1643
222.39	214.67	2.79	214.62	0.04	0.00	214.62	0.00	0.00	0.00	0.00	0.00	33554430	0.1563
211.13	203.35	2.79	203.30	0.04	0.00	203.30	0.00	0.00	0.00	0.00	0.00	33554430	0.1650
231.93	224.22	2.78	224.17	0.04	0.00	224.17	0.00	0.00	0.00	0.00	0.00	33554430	0.1496
231.14	223.33	2.79	223.28	0.04	0.00	223.28	0.00	0.00	0.01	0.00	0.00	33554430	0.1502
213.24	205.40	2.79	205.35	0.04	0.00	205.35	0.00	0.00	0.01	0.00	0.00	33554430	0.1634
216.37	208.63	2.79	208.58	0.04	0.00	208.58	0.00	0.00	0.01	0.00	0.00	33554430	0.1608
226.02	218.32	2.78	218.27	0.04	0.00	218.27	0.00	0.00	0.01	0.00	0.00	33554430	0.1537
269.98	261.51	2.82	261.46	0.04	0.00	261.46	0.00	0.00	0.00	0.00	0.00	33554430	0.1283
235.36	227.67	2.79	227.62	0.04	0.00	227.62	0.00	0.00	0.01	0.00	0.00	33554430	0.1474
225.36	217.53	2.90	217.48	0.05	0.00	217.48	0.00	0.00	0.01	0.00	0.00	33554430	0.1543
222.81	214.97	3.00	214.93	0.04	0.00	214.93	0.00	0.00	0.00	0.00	0.00	33554430	0.1561
220.41	212.54	2.78	212.49	0.05	0.00	212.49	0.00	0.00	0.01	0.00	0.00	33554430	0.1579
222.56	214.91	2.79	214.86	0.04	0.00	214.86	0.00	0.00	0.01	0.00	0.00	33554430	0.1561
223.45	215.66	2.82	215.61	0.05	0.00	215.61	0.00	0.00	0.00	0.00	0.00	33554430	0.1556
216.95	209.22	2.80	209.17	0.04	0.00	209.17	0.00	0.00	0.00	0.00	0.00	33554430	0.1604
232.33	224.61	2.79	224.55	0.05	0.00	224.55	0.00	0.00	0.00	0.00	0.00	33554430	0.1494
225.00	217.29	2.78	217.24	0.04	0.00	217.24	0.00	0.00	0.00	0.00	0.00	33554430	0.1544
228.01	220.11	2.87	220.06	0.04	0.00	220.06	0.00	0.00	0.01	0.00	0.00	33554430	0.1524
285.40	277.79	2.78	277.75	0.04	0.00	277.75	0.00	0.00	0.01	0.00	0.00	33554430	0.1208
264.51	256.48	2.78	256.43	0.04	0.00	256.43	0.00	0.00	0.01	0.00	0.00	33554430	0.1308
237.49	229.61	2.79	229.56	0.05	0.00	229.56	0.00	0.00	0.01	0.00	0.00	33554430	0.1461
211.27	203.55	2.78	203.50	0.04	0.00	203.50	0.00	0.00	0.00	0.00	0.00	33554430	0.1648
209.40	201.47	3.15	201.42	0.04	0.00	201.42	0.00	0.00	0.01	0.00	0.00	33554430	0.1666
222.60	214.84	2.84	214.80	0.04	0.00	214.80	0.00	0.00	0.01	0.00	0.00	33554430	0.1562
224.17	216.42	2.78	216.36	0.05	0.00	216.36	0.00	0.00	0.00	0.00	0.00	33554430	0.1550
234.15	226.33	2.83	226.28	0.04	0.00	226.28	0.00	0.00	0.00	0.00	0.00	33554430	0.1483
259.05	251.01	2.78	250.96	0.04	0.00	250.96	0.00	0.00	0.00	0.00	0.00	33554430	0.1337
218.31	210.24	2.82	210.19	0.04	0.00	210.19	0.00	0.00	0.01	0.01	0.00	33554430	0.1596
224.69	216.93	2.86	216.87	0.05	0.00	216.87	0.00	0.00	0.01	0.00	0.00	33554430	0.1547
234.77	227.00	2.79	226.95	0.04	0.00	226.95	0.00	0.00	0.00	0.00	0.00	33554430	0.1478
300.30	291.32	2.81	291.26	0.05	0.00	291.26	0.00	0.00	0.00	0.00	0.00	33554430	0.1152
222.76	214.92	2.84	214.87	0.04	0.00	214.87	0.00	0.00	0.01	0.00	0.00	33554430	0.1561
215.49	207.67	2.80	207.62	0.05	0.00	207.62	0.00	0.00	0.00	0.00	0.00	33554430	0.1616
266.59	258.88	2.78	258.84	0.03	0.00	258.84	0.00	0.00	0.01	0.00	0.00	33554430	0.1296
223.72	215.98	2.80	215.93	0.04	0.00	215.93	0.00	0.00	0.00	0.00	0.00	33554430	0.1554
240.70	232.95	2.79	232.90	0.04	0.00	232.90	0.00	0.00	0.01	0.00	0.00	33554430	0.1440
215.94	208.22	2.79	208.17	0.04	0.00	208.17	0.00	0.00	0.01	0.00	0.00	33554430	0.1612
223.15	215.44	2.78	215.40	0.04	0.00	215.40	0.00	0.00	0.00	0.00	0.00	33554430	0.1557
260.59	252.86	2.78	252.80	0.05	0.00	252.80	0.00	0.00	0.00	0.00	0.00	33554430	0.1327
220.50	212.61	2.79	212.56	0.04	0.00	212.56	0.00	0.00	0.01	0.00	0.00	33554430	0.1578
240.89	222.86	12.79	222.81	0.04	0.00	222.81	0.00	0.00	0.01	0.00	0.00	33554430	0.1506
213.93	206.21	2.78	206.16	0.05	0.00	206.16	0.00	0.00	0.01	0.00	0.00	33554430	0.1627
215.18	207.53	2.79	207.49	0.03	0.00	207.49	0.00	0.00	0.00	0.00	0.00	33554430	0.1617
214.23	206.61	2.78	206.57	0.04	0.00	206.57	0.00	0.00	0.00	0.00	0.00	33554430	0.1624
210.59	202.95	2.79	202.91	0.03	0.00	202.91	0.00	0.00	0.00	0.00	0.00	33554430	0.1653
212.13	204.43	2.79	204.38	0.04	0.00	204.38	0.00	0.00	0.00	0.00	0.00	33554430	0.1641
208.06	200.44	2.78	200.39	0.04	0.00	200.39	0.00	0.00	0.00	0.00	0.00	33554430	0.1674
207.89	200.23	2.78	200.18	0.04	0.00	200.18	0.00	0.00	0.01	0.00	0.00	33554430	0.1676
207.66	200.03	2.78	199.99	0.04	0.00	199.99	0.00	0.00	0.00	0.00	0.00	33554430	0.1677
240.30	232.60	2.79	232.55	0.05	0.00	232.55	0.00	0.00	0.00	0.00	0.00	33554430	0.1443
218.03	210.33	2.78	210.28	0.04	0.00	210.28	0.00	0.00	0.00	0.00	0.00	33554430	0.1595
255.43	247.73	2.78	247.69	0.04	0.00	247.69	0.00	0.00	0.00	0.00	0.00	33554430	0.1354
300.73	292.63	2.79	292.59	0.04	0.00	292.59	0.00	0.00	0.00	0.00	0.00	33554430	0.1147
213.81	206.07	2.79	206.03	0.04	0.00	206.03	0.00	0.00	0.00	0.00	0.00	33554430	0.1628
219.98	212.27	2.79	212.22	0.04	0.00	212.22	0.00	0.00	0.00	0.00	0.00	33554430	0.1581
213.59	205.83	2.78	205.79	0.04	0.00	205.79	0.00	0.00	0.00	0.00	0.00	33554430	0.1630
217.46	209.68	2.78	209.64	0.04	0.00	209.64	0.00	0.00	0.00	0.00	0.00	33554430	0.1600
215.70	208.01	2.78	207.96	0.04	0.00	207.96	0.00	0.00	0.00	0.00	0.00	33554430	0.1613
235.99	228.32	2.79	228.27	0.04	0.00	228.27	0.00	0.00	0.00	0.00	0.00	33554430	0.1470
229.45	221.74	2.78	221.69	0.04	0.00	221.69	0.00	0.00	0.01	0.00	0.00	33554430	0.1513
225.88	217.93	2.89	217.87	0.04	0.00	217.87	0.00	0.00	0.00	0.00	0.00	33554430	0.1540
214.99	207.28	2.79	207.23	0.04	0.00	207.23	0.00	0.00	0.00	0.00	0.00	33554430	0.1619
257.61	249.76	2.78	249.71	0.04	0.00	249.71	0.00	0.00	0.00	0.00	0.00	33554430	0.1343
296.81	288.84	2.89	288.79	0.04	0.00	288.79	0.00	0.00	0.00	0.00	0.00	33554430	0.1162
263.07	249.99	8.13	249.95	0.04	0.00	249.95	0.00	0.00	0.00	0.00	0.00	33554430	0.1342
237.16	229.46	2.78	229.41	0.04	0.00	229.41	0.00	0.00	0.01	0.00	0.00	33554430	0.1462
214.32	206.62	2.78	206.57	0.04	0.00	206.57	0.00	0.00	0.00	0.00	0.00	33554430	0.1624
214.94	207.29	2.78	207.25	0.04	0.00	207.25	0.00	0.00	0.00	0.00	0.00	33554430	0.1619
213.28	205.59	2.77	205.54	0.04	0.00	205.54	0.00	0.00	0.00	0.00	0.00	33554430	0.1632
263.81	256.12	2.77	256.08	0.04	0.00	256.08	0.00	0.00	0.00	0.00	0.00	33554430	0.1310
231.85	224.15	2.79	224.10	0.04	0.00	224.10	0.00	0.00	0.01	0.00	0.00	33554430	0.1497
259.17	251.25	2.79	251.20	0.05	0.00	251.20	0.00	0.00	0.01	0.00	0.00	33554430	0.1335
228.37	219.71	2.87	219.66	0.04	0.00	219.66	0.00	0.00	0.00	0.00	0.00	33554430	0.1527
283.79	271.44	7.42	271.40	0.04	0.00	271.40	0.00	0.00	0.01	0.00	0.00	33554430	0.1236
SCALE: 20
nvtx: 1048576
edgefactor: 16
terasize: 2.68435455999999995e-04
A: 5.69999999999999951e-01
B: 1.90000000000000002e-01
C: 1.90000000000000002e-01
D: 5.00000000000000444e-02
generation_time: 0.00000000000000000e+00
construction_time: 2.15826315780000009e+01
nbfs: 100
min_time: 2.02818999946117406e-01
firstquartile_time: 2.12067999958992004e-01
median_time: 2.19158000022172922e-01
thirdquartile_time: 2.34686500087380401e-01
max_time: 2.95424000024795519e-01
mean_time: 2.27026169997453731e-01
stddev_time: 2.17678331500954884e-02
min_nedge: 1.67770120000000000e+07
firstquartile_nedge: 1.67770120000000000e+07
median_nedge: 1.67770120000000000e+07
thirdquartile_nedge: 1.67770120000000000e+07
max_nedge: 1.67770120000000000e+07
mean_nedge: 1.67770120000000000e+07
stddev_nedge: 0.00000000000000000e+00
min_TEPS: 5.67896040896876082e+07
firstquartile_TEPS: 7.22029848254272044e+07
median_TEPS: 7.67384478345767856e+07
thirdquartile_TEPS: 7.94714745826123357e+07
max_TEPS: 8.27191338309385329e+07
harmonic_mean_TEPS: 7.38990223029713929e+07
harmonic_stddev_TEPS: 7.12131788966855616e+05
