[BASH] Running the CPU only (default) graph500 for scale 21
file:(null)	benchmark:GRAPH500	vertices:2097152	edges:67108862	partitioning:RANDOM	platform:CPU	alpha:50	repeat:1	gpu_count:1	thread_count:4	thread_sched:GUIDED	thread_bind:false	gpu_graph_mem:DEVICE	gpu_par_randomized:false	sorted:false	edge_sort_key:id	edge_order:asc	separate_singletons:false	lambda:0	time_init:5773.99	time_par:750.08	rmt_vertex:0	rmt_edge:0	beta:0	pid0:100,100,0,0	
total	exec	init	comp	comm	finalize	cpu_comp	gpu_comp	gpu_total_comp	scatter	gather	aggr	trv_edges	exec_rate
403.92	386.96	1.73	386.91	0.04	0.00	386.91	0.00	0.00	0.00	0.00	0.00	67108862	0.1734
390.50	368.39	14.37	368.33	0.05	0.00	368.33	0.00	0.00	0.01	0.00	0.00	67108862	0.1822
387.06	371.77	4.62	371.23	0.53	0.00	371.23	0.00	0.00	0.00	0.00	0.00	67108862	0.1805
462.26	435.76	5.92	435.70	0.06	0.00	435.70	0.00	0.00	0.01	0.00	0.00	67108862	0.1540
466.97	453.66	4.56	453.59	0.06	0.00	453.59	0.00	0.00	0.01	0.00	0.00	67108862	0.1479
484.05	463.34	4.69	463.26	0.08	0.00	463.26	0.00	0.00	0.01	0.00	0.00	67108862	0.1448
416.08	393.69	4.65	393.61	0.07	0.00	393.61	0.00	0.00	0.01	0.00	0.00	67108862	0.1705
449.70	436.49	4.62	436.41	0.07	0.00	436.41	0.00	0.00	0.01	0.00	0.00	67108862	0.1537
538.02	513.30	7.75	513.22	0.07	0.00	513.22	0.00	0.00	0.01	0.00	0.00	67108862	0.1307
468.66	450.65	10.18	450.58	0.06	0.00	450.58	0.00	0.00	0.01	0.00	0.00	67108862	0.1489
480.50	455.71	7.80	455.63	0.07	0.00	455.63	0.00	0.00	0.00	0.00	0.00	67108862	0.1473
493.18	473.41	4.63	473.34	0.07	0.00	473.34	0.00	0.00	0.01	0.00	0.00	67108862	0.1418
381.76	360.10	12.80	360.03	0.06	0.00	360.03	0.00	0.00	0.00	0.00	0.00	67108862	0.1864
503.46	488.17	4.63	488.10	0.06	0.00	488.10	0.00	0.00	0.01	0.00	0.00	67108862	0.1375
435.02	408.57	17.31	408.48	0.08	0.00	408.48	0.00	0.00	0.01	0.00	0.00	67108862	0.1643
251.08	240.96	4.61	240.90	0.06	0.00	240.90	0.00	0.00	0.01	0.00	0.00	67108862	0.2785
182.81	175.70	1.51	175.65	0.04	0.00	175.65	0.00	0.00	0.01	0.00	0.00	67108862	0.3820
180.02	173.04	1.52	173.00	0.04	0.00	173.00	0.00	0.00	0.00	0.00	0.00	67108862	0.3878
175.53	168.52	1.52	168.47	0.04	0.00	168.47	0.00	0.00	0.00	0.00	0.00	67108862	0.3982
213.85	206.39	1.52	206.34	0.04	0.00	206.34	0.00	0.00	0.01	0.00	0.00	67108862	0.3252
187.07	179.78	1.52	179.73	0.04	0.00	179.73	0.00	0.00	0.01	0.00	0.00	67108862	0.3733
213.10	205.85	1.52	205.80	0.04	0.00	205.80	0.00	0.00	0.01	0.00	0.00	67108862	0.3260
557.51	422.32	128.83	422.23	0.08	0.00	422.23	0.00	0.00	0.01	0.00	0.00	67108862	0.1589
196.02	185.72	4.53	185.67	0.04	0.00	185.67	0.00	0.00	0.01	0.00	0.00	67108862	0.3614
181.75	174.47	1.58	174.43	0.04	0.00	174.43	0.00	0.00	0.00	0.00	0.00	67108862	0.3846
186.51	178.96	2.10	178.91	0.04	0.00	178.91	0.00	0.00	0.01	0.00	0.00	67108862	0.3750
184.79	176.94	1.53	176.88	0.05	0.00	176.88	0.00	0.00	0.01	0.00	0.00	67108862	0.3793
185.35	175.04	4.58	174.99	0.04	0.00	174.99	0.00	0.00	0.00	0.00	0.00	67108862	0.3834
195.91	185.62	4.66	185.58	0.04	0.00	185.58	0.00	0.00	0.00	0.00	0.00	67108862	0.3615
194.06	186.42	2.21	186.37	0.04	0.00	186.37	0.00	0.00	0.00	0.00	0.00	67108862	0.3600
180.74	169.86	4.60	169.81	0.04	0.00	169.81	0.00	0.00	0.00	0.00	0.00	67108862	0.3951
218.09	204.65	7.72	204.59	0.04	0.00	204.59	0.00	0.00	0.01	0.00	0.00	67108862	0.3279
191.89	181.63	4.61	181.59	0.04	0.00	181.59	0.00	0.00	0.00	0.00	0.00	67108862	0.3695
191.24	184.22	1.52	184.18	0.04	0.00	184.18	0.00	0.00	0.00	0.00	0.00	67108862	0.3643
222.84	203.68	13.69	203.63	0.04	0.00	203.63	0.00	0.00	0.00	0.00	0.00	67108862	0.3295
195.71	185.40	4.58	185.35	0.03	0.00	185.35	0.00	0.00	0.00	0.00	0.00	67108862	0.3620
176.15	169.21	1.52	169.16	0.04	0.00	169.16	0.00	0.00	0.01	0.00	0.00	67108862	0.3966
188.70	181.68	1.53	181.63	0.04	0.00	181.63	0.00	0.00	0.00	0.00	0.00	67108862	0.3694
182.31	172.34	4.52	172.30	0.03	0.00	172.30	0.00	0.00	0.01	0.00	0.00	67108862	0.3894
222.05	211.58	4.72	211.53	0.04	0.00	211.53	0.00	0.00	0.01	0.00	0.00	67108862	0.3172
316.11	295.17	4.20	295.11	0.04	0.00	295.11	0.00	0.00	0.00	0.00	0.00	67108862	0.2274
201.45	192.48	1.51	192.42	0.05	0.00	192.42	0.00	0.00	0.00	0.00	0.00	67108862	0.3487
227.98	214.05	4.51	214.00	0.05	0.00	214.00	0.00	0.00	0.00	0.00	0.00	67108862	0.3135
447.63	418.32	20.55	418.25	0.06	0.00	418.25	0.00	0.00	0.00	0.00	0.00	67108862	0.1604
389.42	376.97	6.94	376.92	0.05	0.00	376.92	0.00	0.00	0.00	0.00	0.00	67108862	0.1780
385.53	372.32	7.63	372.27	0.04	0.00	372.27	0.00	0.00	0.00	0.00	0.00	67108862	0.1802
178.30	169.47	2.12	169.42	0.04	0.00	169.42	0.00	0.00	0.00	0.00	0.00	67108862	0.3960
279.75	270.17	1.52	270.10	0.05	0.00	270.10	0.00	0.00	0.01	0.00	0.00	67108862	0.2484
350.51	329.99	15.04	329.94	0.04	0.00	329.94	0.00	0.00	0.01	0.00	0.00	67108862	0.2034
323.81	307.28	1.50	307.23	0.04	0.00	307.23	0.00	0.00	0.01	0.00	0.00	67108862	0.2184
350.74	324.10	18.87	324.04	0.05	0.00	324.04	0.00	0.00	0.00	0.00	0.00	67108862	0.2071
323.86	310.72	4.55	310.65	0.06	0.00	310.65	0.00	0.00	0.01	0.00	0.00	67108862	0.2160
357.63	342.59	5.68	342.09	0.49	0.00	342.09	0.00	0.00	0.01	0.00	0.00	67108862	0.1959
365.53	347.82	6.03	347.74	0.06	0.00	347.74	0.00	0.00	0.01	0.00	0.00	67108862	0.1929
305.08	294.92	4.69	294.86	0.05	0.00	294.86	0.00	0.00	0.01	0.00	0.00	67108862	0.2275
298.68	285.53	4.81	284.58	0.05	0.00	284.58	0.00	0.00	0.01	0.00	0.00	67108862	0.2350
367.79	353.13	4.70	353.07	0.06	0.00	353.07	0.00	0.00	0.00	0.00	0.00	67108862	0.1900
367.67	349.08	10.70	349.02	0.05	0.00	349.02	0.00	0.00	0.00	0.00	0.00	67108862	0.1922
322.79	312.47	4.82	312.40	0.06	0.00	312.40	0.00	0.00	0.01	0.00	0.00	67108862	0.2148
312.90	297.94	4.59	297.88	0.05	0.00	297.88	0.00	0.00	0.01	0.01	0.00	67108862	0.2252
325.29	312.07	4.77	312.01	0.05	0.00	312.01	0.00	0.00	0.01	0.00	0.00	67108862	0.2150
312.36	299.96	6.93	299.90	0.05	0.00	299.90	0.00	0.00	0.00	0.00	0.00	67108862	0.2237
349.25	341.43	1.52	341.38	0.04	0.00	341.38	0.00	0.00	0.00	0.00	0.00	67108862	0.1966
350.49	321.45	11.49	321.40	0.05	0.00	321.40	0.00	0.00	0.00	0.00	0.00	67108862	0.2088
344.86	313.96	11.05	313.46	0.49	0.00	313.46	0.00	0.00	0.00	0.00	0.00	67108862	0.2138
338.25	317.46	5.94	317.39	0.06	0.00	317.39	0.00	0.00	0.01	0.00	0.00	67108862	0.2114
316.63	298.59	4.59	298.53	0.05	0.00	298.53	0.00	0.00	0.01	0.00	0.00	67108862	0.2248
371.03	360.80	4.79	360.73	0.06	0.00	360.73	0.00	0.00	0.01	0.00	0.00	67108862	0.1860
371.29	351.06	4.96	350.99	0.05	0.00	350.99	0.00	0.00	0.01	0.00	0.00	67108862	0.1912
352.63	335.58	6.13	335.52	0.06	0.00	335.52	0.00	0.00	0.01	0.00	0.00	67108862	0.2000
316.25	301.88	6.04	301.80	0.06	0.00	301.80	0.00	0.00	0.00	0.00	0.00	67108862	0.2223
295.64	270.93	6.24	270.87	0.06	0.00	270.87	0.00	0.00	0.01	0.00	0.00	67108862	0.2477
323.89	309.90	4.30	309.43	0.47	0.00	309.43	0.00	0.00	0.01	0.00	0.00	67108862	0.2165
342.38	330.65	4.80	330.59	0.05	0.00	330.59	0.00	0.00	0.01	0.00	0.00	67108862	0.2030
306.34	295.69	4.91	295.64	0.05	0.00	295.64	0.00	0.00	0.01	0.00	0.00	67108862	0.2270
310.10	302.98	1.66	302.93	0.05	0.00	302.93	0.00	0.00	0.00	0.00	0.00	67108862	0.2215
352.33	330.51	4.70	330.44	0.05	0.00	330.44	0.00	0.00	0.01	0.00	0.00	67108862	0.2030
353.47	339.52	4.32	339.46	0.06	0.00	339.46	0.00	0.00	0.01	0.00	0.00	67108862	0.1977
281.91	269.55	2.10	269.48	0.06	0.00	269.48	0.00	0.00	0.01	0.00	0.00	67108862	0.2490
348.44	325.17	4.61	325.11	0.05	0.00	325.11	0.00	0.00	0.01	0.00	0.00	67108862	0.2064
343.76	327.45	1.59	327.39	0.05	0.00	327.39	0.00	0.00	0.01	0.00	0.00	67108862	0.2049
283.18	263.71	4.66	262.78	0.93	0.00	262.78	0.00	0.00	0.00	0.00	0.00	67108862	0.2545
431.58	385.49	33.75	385.35	0.12	0.00	385.35	0.00	0.00	0.01	0.00	0.00	67108862	0.1741
311.91	289.79	6.72	289.72	0.06	0.00	289.72	0.00	0.00	0.00	0.00	0.00	67108862	0.2316
197.54	187.22	4.74	187.17	0.04	0.00	187.17	0.00	0.00	0.00	0.00	0.00	67108862	0.3584
208.04	201.03	1.51	200.98	0.04	0.00	200.98	0.00	0.00	0.00	0.00	0.00	67108862	0.3338
176.12	168.78	1.52	168.73	0.04	0.00	168.73	0.00	0.00	0.00	0.00	0.00	67108862	0.3976
171.32	164.20	1.58	164.16	0.03	0.00	164.16	0.00	0.00	0.01	0.00	0.00	67108862	0.4087
283.00	266.24	11.18	266.19	0.04	0.00	266.19	0.00	0.00	0.01	0.00	0.00	67108862	0.2521
176.41	169.35	1.50	169.31	0.03	0.00	169.31	0.00	0.00	0.01	0.00	0.00	67108862	0.3963
215.83	205.50	4.54	205.46	0.04	0.00	205.46	0.00	0.00	0.01	0.00	0.00	67108862	0.3266
187.78	180.84	1.52	180.80	0.03	0.00	180.80	0.00	0.00	0.00	0.00	0.00	67108862	0.3711
174.95	167.54	1.70	167.49	0.04	0.00	167.49	0.00	0.00	0.00	0.00	0.00	67108862	0.4006
182.62	175.59	1.52	175.56	0.03	0.00	175.56	0.00	0.00	0.00	0.00	0.00	67108862	0.3822
220.01	191.51	22.72	191.46	0.03	0.00	191.46	0.00	0.00	0.01	0.00	0.00	67108862	0.3504
183.59	176.54	1.54	176.49	0.04	0.00	176.49	0.00	0.00	0.01	0.00	0.00	67108862	0.3801
172.09	165.04	1.57	165.00	0.03	0.00	165.00	0.00	0.00	0.00	0.00	0.00	67108862	0.4066
186.98	176.96	4.58	176.91	0.04	0.00	176.91	0.00	0.00	0.00	0.00	0.00	67108862	0.3792
178.72	169.30	3.67	169.26	0.04	0.00	169.26	0.00	0.00	0.00	0.00	0.00	67108862	0.3964
201.78	191.82	4.45	191.78	0.03	0.00	191.78	0.00	0.00	0.00	0.00	0.00	67108862	0.3499
SCALE: 21
nvtx: 2097152
edgefactor: 16
terasize: 5.36870911999999989e-04
A: 5.69999999999999951e-01
B: 1.90000000000000002e-01
C: 1.90000000000000002e-01
D: 5.00000000000000444e-02
generation_time: 0.00000000000000000e+00
construction_time: 2.74339167440000011e+01
nbfs: 100
min_time: 1.65778999984264375e-01
firstquartile_time: 1.88961750015616409e-01
median_time: 3.00105500042438522e-01
thirdquartile_time: 3.55477000042796143e-01
max_time: 5.51155000030994380e-01
mean_time: 2.87578809998631557e-01
stddev_time: 1.00004196051013475e-01
min_nedge: 3.35540490000000000e+07
firstquartile_nedge: 3.35540490000000000e+07
median_nedge: 3.35540490000000000e+07
thirdquartile_nedge: 3.35540490000000000e+07
max_nedge: 3.35540490000000000e+07
mean_nedge: 3.35540490000000000e+07
stddev_nedge: 0.00000000000000000e+00
min_TEPS: 6.08795148336004913e+07
firstquartile_TEPS: 9.65692448529505879e+07
median_TEPS: 1.12623113011599511e+08
thirdquartile_TEPS: 1.80529628628011048e+08
max_TEPS: 2.02402288608237028e+08
harmonic_mean_TEPS: 1.16677751744503245e+08
harmonic_stddev_TEPS: 4.07785515301433112e+06
