[BASH] Running the CPU only (default) graph500 for scale 16
file:(null)	benchmark:GRAPH500	vertices:65536	edges:2097150	partitioning:RANDOM	platform:CPU	alpha:50	repeat:1	gpu_count:1	thread_count:4	thread_sched:GUIDED	thread_bind:false	gpu_graph_mem:DEVICE	gpu_par_randomized:false	sorted:false	edge_sort_key:id	edge_order:asc	separate_singletons:false	lambda:0	time_init:155.15	time_par:15.95	rmt_vertex:0	rmt_edge:0	beta:0	pid0:100,100,0,0	
total	exec	init	comp	comm	finalize	cpu_comp	gpu_comp	gpu_total_comp	scatter	gather	aggr	trv_edges	exec_rate
24.04	21.59	1.41	21.53	0.05	0.00	21.53	0.00	0.00	0.00	0.00	0.00	2097150	0.0971
23.50	20.92	1.49	20.86	0.05	0.00	20.86	0.00	0.00	0.00	0.00	0.00	2097150	0.1003
22.53	19.96	1.49	19.90	0.05	0.00	19.90	0.00	0.00	0.01	0.00	0.00	2097150	0.1051
23.34	20.77	1.48	20.71	0.05	0.00	20.71	0.00	0.00	0.00	0.00	0.00	2097150	0.1010
22.67	20.14	1.46	20.08	0.05	0.00	20.08	0.00	0.00	0.01	0.00	0.00	2097150	0.1041
21.98	19.47	1.42	19.41	0.05	0.00	19.41	0.00	0.00	0.01	0.00	0.00	2097150	0.1077
22.94	20.41	1.43	20.31	0.10	0.00	20.31	0.00	0.00	0.01	0.00	0.00	2097150	0.1027
21.94	19.39	1.44	19.33	0.05	0.00	19.33	0.00	0.00	0.01	0.00	0.00	2097150	0.1082
14.08	12.48	1.46	12.44	0.03	0.00	12.44	0.00	0.00	0.00	0.00	0.00	2097150	0.1680
21.95	19.36	1.51	19.30	0.05	0.00	19.30	0.00	0.00	0.00	0.00	0.00	2097150	0.1083
22.20	19.60	1.51	19.54	0.06	0.00	19.54	0.00	0.00	0.01	0.00	0.00	2097150	0.1070
23.11	20.53	1.49	20.48	0.05	0.00	20.48	0.00	0.00	0.01	0.00	0.00	2097150	0.1021
22.20	19.63	1.49	19.55	0.06	0.00	19.55	0.00	0.00	0.01	0.00	0.00	2097150	0.1069
21.99	19.38	1.52	19.33	0.05	0.00	19.33	0.00	0.00	0.00	0.00	0.00	2097150	0.1082
24.02	21.44	1.49	21.38	0.05	0.00	21.38	0.00	0.00	0.00	0.00	0.00	2097150	0.0978
23.46	20.89	1.49	20.84	0.05	0.00	20.84	0.00	0.00	0.00	0.00	0.00	2097150	0.1004
22.66	19.99	1.50	19.92	0.06	0.00	19.92	0.00	0.00	0.01	0.00	0.00	2097150	0.1049
23.90	21.39	1.42	21.33	0.05	0.00	21.33	0.00	0.00	0.00	0.00	0.00	2097150	0.0981
21.91	19.40	1.42	19.35	0.05	0.00	19.35	0.00	0.00	0.00	0.00	0.00	2097150	0.1081
8.84	7.24	1.42	7.21	0.02	0.00	7.21	0.00	0.00	0.00	0.00	0.00	2097150	0.2897
22.10	19.15	1.86	19.09	0.05	0.00	19.09	0.00	0.00	0.01	0.00	0.00	2097150	0.1095
23.65	21.14	1.42	21.08	0.05	0.00	21.08	0.00	0.00	0.00	0.00	0.00	2097150	0.0992
22.11	19.59	1.44	19.53	0.05	0.00	19.53	0.00	0.00	0.00	0.00	0.00	2097150	0.1071
21.87	19.35	1.44	19.29	0.05	0.00	19.29	0.00	0.00	0.00	0.00	0.00	2097150	0.1084
21.98	19.47	1.42	19.41	0.05	0.00	19.41	0.00	0.00	0.00	0.00	0.00	2097150	0.1077
23.32	20.80	1.44	20.74	0.05	0.00	20.74	0.00	0.00	0.01	0.00	0.00	2097150	0.1008
24.92	22.39	1.45	22.33	0.05	0.00	22.33	0.00	0.00	0.01	0.00	0.00	2097150	0.0937
23.97	21.44	1.43	21.38	0.06	0.00	21.38	0.00	0.00	0.01	0.00	0.00	2097150	0.0978
22.86	20.34	1.43	20.28	0.05	0.00	20.28	0.00	0.00	0.01	0.00	0.00	2097150	0.1031
23.42	20.88	1.45	20.83	0.04	0.00	20.83	0.00	0.00	0.01	0.00	0.00	2097150	0.1004
22.39	19.85	1.44	19.79	0.05	0.00	19.79	0.00	0.00	0.00	0.00	0.00	2097150	0.1056
21.67	19.15	1.43	19.09	0.05	0.00	19.09	0.00	0.00	0.01	0.00	0.00	2097150	0.1095
21.30	18.75	1.45	18.70	0.04	0.00	18.70	0.00	0.00	0.01	0.00	0.00	2097150	0.1118
22.51	19.99	1.43	19.93	0.05	0.00	19.93	0.00	0.00	0.00	0.00	0.00	2097150	0.1049
22.23	19.72	1.42	19.66	0.05	0.00	19.66	0.00	0.00	0.01	0.00	0.00	2097150	0.1064
21.83	19.31	1.43	19.26	0.05	0.00	19.26	0.00	0.00	0.01	0.00	0.00	2097150	0.1086
22.50	19.99	1.43	19.93	0.05	0.00	19.93	0.00	0.00	0.00	0.00	0.00	2097150	0.1049
23.11	20.56	1.44	20.49	0.06	0.00	20.49	0.00	0.00	0.00	0.00	0.00	2097150	0.1020
22.50	19.46	1.90	19.40	0.05	0.00	19.40	0.00	0.00	0.01	0.00	0.00	2097150	0.1078
18.58	16.08	1.43	16.02	0.05	0.00	16.02	0.00	0.00	0.01	0.00	0.00	2097150	0.1305
18.98	16.47	1.44	16.42	0.04	0.00	16.42	0.00	0.00	0.00	0.00	0.00	2097150	0.1273
17.38	15.83	1.39	15.79	0.03	0.00	15.79	0.00	0.00	0.00	0.00	0.00	2097150	0.1325
13.08	11.85	0.10	11.79	0.05	0.00	11.79	0.00	0.00	0.00	0.00	0.00	2097150	0.1770
11.33	9.68	1.41	9.64	0.04	0.00	9.64	0.00	0.00	0.00	0.00	0.00	2097150	0.2165
5.70	5.48	0.07	5.45	0.03	0.00	5.45	0.00	0.00	0.00	0.00	0.00	2097150	0.3826
5.17	4.91	0.10	4.87	0.03	0.00	4.87	0.00	0.00	0.01	0.00	0.00	2097150	0.4271
5.81	5.54	0.11	5.51	0.02	0.00	5.51	0.00	0.00	0.00	0.00	0.00	2097150	0.3784
6.09	5.81	0.10	5.78	0.03	0.00	5.78	0.00	0.00	0.00	0.00	0.00	2097150	0.3607
4.92	4.69	0.10	4.66	0.03	0.00	4.66	0.00	0.00	0.00	0.00	0.00	2097150	0.4474
4.91	4.68	0.10	4.65	0.03	0.00	4.65	0.00	0.00	0.00	0.00	0.00	2097150	0.4482
4.95	4.72	0.10	4.68	0.03	0.00	4.68	0.00	0.00	0.00	0.00	0.00	2097150	0.4447
5.06	4.83	0.10	4.79	0.03	0.00	4.79	0.00	0.00	0.00	0.00	0.00	2097150	0.4346
4.97	4.72	0.10	4.68	0.02	0.00	4.68	0.00	0.00	0.01	0.00	0.00	2097150	0.4446
6.82	6.57	0.10	6.53	0.03	0.00	6.53	0.00	0.00	0.00	0.00	0.00	2097150	0.3193
5.17	4.96	0.07	4.92	0.03	0.00	4.92	0.00	0.00	0.00	0.00	0.00	2097150	0.4232
4.97	4.77	0.07	4.74	0.03	0.00	4.74	0.00	0.00	0.00	0.00	0.00	2097150	0.4395
4.86	4.66	0.07	4.62	0.03	0.00	4.62	0.00	0.00	0.00	0.00	0.00	2097150	0.4500
4.99	4.79	0.07	4.75	0.03	0.00	4.75	0.00	0.00	0.00	0.00	0.00	2097150	0.4379
4.99	4.79	0.07	4.75	0.03	0.00	4.75	0.00	0.00	0.00	0.00	0.00	2097150	0.4380
464.81	404.80	53.35	404.42	0.32	0.01	404.42	0.00	0.00	0.04	0.01	0.01	2097150	0.0052
47.58	41.50	3.73	41.40	0.08	0.00	41.40	0.00	0.00	0.01	0.00	0.00	2097150	0.0505
32.43	30.00	1.94	29.91	0.08	0.00	29.91	0.00	0.00	0.01	0.00	0.00	2097150	0.0699
6.60	6.29	0.16	6.25	0.03	0.00	6.25	0.00	0.00	0.00	0.00	0.00	2097150	0.3334
8.63	7.08	1.42	7.04	0.03	0.00	7.04	0.00	0.00	0.00	0.00	0.00	2097150	0.2964
5.09	4.83	0.11	4.79	0.03	0.00	4.79	0.00	0.00	0.00	0.00	0.00	2097150	0.4345
5.14	4.90	0.10	4.85	0.03	0.00	4.85	0.00	0.00	0.00	0.00	0.00	2097150	0.4284
5.10	4.86	0.11	4.83	0.03	0.00	4.83	0.00	0.00	0.01	0.00	0.00	2097150	0.4313
7.01	6.74	0.11	6.71	0.03	0.00	6.71	0.00	0.00	0.00	0.00	0.00	2097150	0.3111
5.78	5.52	0.11	5.48	0.03	0.00	5.48	0.00	0.00	0.01	0.00	0.00	2097150	0.3800
6.24	5.99	0.10	5.96	0.02	0.00	5.96	0.00	0.00	0.01	0.00	0.00	2097150	0.3499
5.10	4.85	0.11	4.81	0.03	0.00	4.81	0.00	0.00	0.01	0.00	0.00	2097150	0.4326
4.92	4.67	0.10	4.63	0.03	0.00	4.63	0.00	0.00	0.01	0.00	0.00	2097150	0.4487
5.51	5.23	0.11	5.20	0.03	0.00	5.20	0.00	0.00	0.00	0.00	0.00	2097150	0.4009
5.14	4.86	0.11	4.83	0.03	0.00	4.83	0.00	0.00	0.00	0.00	0.00	2097150	0.4314
5.05	4.82	0.10	4.78	0.03	0.00	4.78	0.00	0.00	0.00	0.00	0.00	2097150	0.4350
4.94	4.71	0.11	4.66	0.04	0.00	4.66	0.00	0.00	0.02	0.00	0.00	2097150	0.4456
5.57	5.29	0.11	5.26	0.03	0.00	5.26	0.00	0.00	0.00	0.00	0.00	2097150	0.3962
4.97	4.72	0.10	4.68	0.03	0.00	4.68	0.00	0.00	0.00	0.00	0.00	2097150	0.4446
5.04	4.80	0.10	4.76	0.03	0.00	4.76	0.00	0.00	0.00	0.00	0.00	2097150	0.4367
5.54	5.29	0.07	5.26	0.03	0.00	5.26	0.00	0.00	0.00	0.00	0.00	2097150	0.3966
6.07	5.79	0.08	5.75	0.03	0.00	5.75	0.00	0.00	0.00	0.00	0.00	2097150	0.3622
6.64	6.07	0.07	6.03	0.03	0.00	6.03	0.00	0.00	0.01	0.00	0.00	2097150	0.3457
8.19	7.92	0.07	7.89	0.03	0.00	7.89	0.00	0.00	0.01	0.00	0.00	2097150	0.2647
6.04	5.71	0.09	5.68	0.03	0.00	5.68	0.00	0.00	0.00	0.00	0.00	2097150	0.3675
9.74	8.35	1.25	8.31	0.04	0.00	8.31	0.00	0.00	0.01	0.00	0.00	2097150	0.2511
6.53	6.31	0.07	6.27	0.03	0.00	6.27	0.00	0.00	0.00	0.00	0.00	2097150	0.3326
4.81	4.59	0.08	4.56	0.03	0.00	4.56	0.00	0.00	0.00	0.00	0.00	2097150	0.4565
5.06	4.85	0.07	4.82	0.03	0.00	4.82	0.00	0.00	0.00	0.00	0.00	2097150	0.4321
5.17	4.96	0.07	4.93	0.03	0.00	4.93	0.00	0.00	0.00	0.00	0.00	2097150	0.4230
4.96	4.75	0.07	4.72	0.03	0.00	4.72	0.00	0.00	0.00	0.00	0.00	2097150	0.4414
4.91	4.68	0.10	4.65	0.03	0.00	4.65	0.00	0.00	0.01	0.00	0.00	2097150	0.4480
6.64	6.39	0.10	6.36	0.03	0.00	6.36	0.00	0.00	0.00	0.00	0.00	2097150	0.3280
5.20	5.00	0.07	4.96	0.03	0.00	4.96	0.00	0.00	0.00	0.00	0.00	2097150	0.4198
5.06	4.85	0.07	4.82	0.03	0.00	4.82	0.00	0.00	0.01	0.00	0.00	2097150	0.4322
5.09	4.87	0.07	4.84	0.03	0.00	4.84	0.00	0.00	0.00	0.00	0.00	2097150	0.4303
5.07	4.87	0.07	4.83	0.03	0.00	4.83	0.00	0.00	0.00	0.00	0.00	2097150	0.4309
5.15	4.95	0.07	4.91	0.03	0.00	4.91	0.00	0.00	0.00	0.00	0.00	2097150	0.4239
4.93	4.71	0.08	4.68	0.03	0.00	4.68	0.00	0.00	0.00	0.00	0.00	2097150	0.4453
6.07	5.85	0.07	5.81	0.03	0.00	5.81	0.00	0.00	0.00	0.00	0.00	2097150	0.3587
4.83	4.63	0.07	4.60	0.03	0.00	4.60	0.00	0.00	0.01	0.00	0.00	2097150	0.4527
SCALE: 16
nvtx: 65536
edgefactor: 16
terasize: 1.67772159999999997e-05
A: 5.69999999999999951e-01
B: 1.90000000000000002e-01
C: 1.90000000000000002e-01
D: 5.00000000000000444e-02
generation_time: 0.00000000000000000e+00
construction_time: 3.91614166000000041e-01
nbfs: 100
min_time: 4.67800003290176365e-03
firstquartile_time: 4.96975003182888002e-03
median_time: 8.24150002002716105e-03
thirdquartile_time: 2.13424999415874478e-02
max_time: 4.58152000069618204e-01
mean_time: 1.72257200008630769e-02
stddev_time: 4.53616773388101288e-02
min_nedge: 1.00000000000000000e+00
firstquartile_nedge: 1.04856600000000000e+06
median_nedge: 1.04856600000000000e+06
thirdquartile_nedge: 1.04856600000000000e+06
max_nedge: 1.04856600000000000e+06
mean_nedge: 1.03808034999999998e+06
stddev_nedge: 1.04856500000000000e+05
min_TEPS: 1.15486776242567544e+02
firstquartile_TEPS: 4.93285329822825789e+07
median_TEPS: 1.55141427524132252e+08
thirdquartile_TEPS: 2.11756849515850037e+08
max_TEPS: 2.24148352420932859e+08
harmonic_mean_TEPS: 1.15464980305482131e+04
harmonic_stddev_TEPS: 1.16024548854870936e+04
