[BASH] Running the CPU only (default) graph500 for scale 17
file:(null)	benchmark:GRAPH500	vertices:131072	edges:4194302	partitioning:RANDOM	platform:CPU	alpha:50	repeat:1	gpu_count:1	thread_count:4	thread_sched:GUIDED	thread_bind:false	gpu_graph_mem:DEVICE	gpu_par_randomized:false	sorted:false	edge_sort_key:id	edge_order:asc	separate_singletons:false	lambda:0	time_init:169.35	time_par:11.81	rmt_vertex:0	rmt_edge:0	beta:0	pid0:100,100,0,0	
total	exec	init	comp	comm	finalize	cpu_comp	gpu_comp	gpu_total_comp	scatter	gather	aggr	trv_edges	exec_rate
13.61	13.15	0.10	13.11	0.03	0.00	13.11	0.00	0.00	0.00	0.00	0.00	4194302	0.3191
13.66	13.19	0.17	13.15	0.03	0.00	13.15	0.00	0.00	0.00	0.00	0.00	4194302	0.3180
15.23	14.74	0.16	14.70	0.04	0.00	14.70	0.00	0.00	0.00	0.00	0.00	4194302	0.2845
10.51	10.04	0.16	10.01	0.03	0.00	10.01	0.00	0.00	0.00	0.00	0.00	4194302	0.4176
38.46	34.51	1.89	34.43	0.07	0.00	34.43	0.00	0.00	0.01	0.00	0.00	4194302	0.1215
33.23	29.95	2.01	29.91	0.04	0.00	29.91	0.00	0.00	0.00	0.00	0.00	4194302	0.1400
26.03	22.30	2.50	22.25	0.04	0.00	22.25	0.00	0.00	0.00	0.00	0.00	4194302	0.1881
19.95	18.12	1.47	18.09	0.03	0.00	18.09	0.00	0.00	0.00	0.00	0.00	4194302	0.2314
11.96	11.52	0.12	11.49	0.03	0.00	11.49	0.00	0.00	0.01	0.00	0.00	4194302	0.3640
11.82	11.34	0.12	11.31	0.03	0.00	11.31	0.00	0.00	0.00	0.00	0.00	4194302	0.3698
12.72	12.29	0.12	12.25	0.03	0.00	12.25	0.00	0.00	0.00	0.00	0.00	4194302	0.3413
32.45	29.48	2.04	29.43	0.04	0.00	29.43	0.00	0.00	0.00	0.00	0.00	4194302	0.1423
30.12	26.50	2.38	26.46	0.03	0.00	26.46	0.00	0.00	0.00	0.00	0.00	4194302	0.1583
30.04	25.74	3.04	25.70	0.03	0.00	25.70	0.00	0.00	0.00	0.00	0.00	4194302	0.1629
27.74	24.55	1.90	24.50	0.03	0.00	24.50	0.00	0.00	0.00	0.00	0.00	4194302	0.1709
19.19	16.95	1.91	16.92	0.03	0.00	16.92	0.00	0.00	0.00	0.00	0.00	4194302	0.2474
14.25	13.76	0.16	13.71	0.04	0.00	13.71	0.00	0.00	0.00	0.00	0.00	4194302	0.3049
10.40	9.98	0.12	9.95	0.02	0.00	9.95	0.00	0.00	0.01	0.00	0.00	4194302	0.4204
34.70	31.49	1.95	31.45	0.04	0.00	31.45	0.00	0.00	0.00	0.00	0.00	4194302	0.1332
30.77	27.54	1.94	27.50	0.04	0.00	27.50	0.00	0.00	0.00	0.00	0.00	4194302	0.1523
29.35	25.94	2.25	25.90	0.04	0.00	25.90	0.00	0.00	0.01	0.00	0.00	4194302	0.1617
21.46	18.23	2.88	18.19	0.03	0.00	18.19	0.00	0.00	0.01	0.00	0.00	4194302	0.2301
14.29	13.80	0.16	13.76	0.03	0.00	13.76	0.00	0.00	0.00	0.00	0.00	4194302	0.3039
14.76	12.01	1.34	11.97	0.03	0.00	11.97	0.00	0.00	0.00	0.00	0.00	4194302	0.3492
16.25	14.04	1.91	14.00	0.03	0.00	14.00	0.00	0.00	0.00	0.00	0.00	4194302	0.2988
21.83	18.62	1.96	18.57	0.04	0.00	18.57	0.00	0.00	0.00	0.00	0.00	4194302	0.2253
18.63	16.42	1.89	16.38	0.03	0.00	16.38	0.00	0.00	0.00	0.00	0.00	4194302	0.2555
19.15	17.28	1.54	17.24	0.03	0.00	17.24	0.00	0.00	0.00	0.00	0.00	4194302	0.2427
10.59	10.14	0.14	10.11	0.02	0.00	10.11	0.00	0.00	0.00	0.00	0.00	4194302	0.4137
12.69	12.19	0.16	12.15	0.03	0.00	12.15	0.00	0.00	0.00	0.00	0.00	4194302	0.3440
13.91	12.90	0.65	12.87	0.03	0.00	12.87	0.00	0.00	0.00	0.00	0.00	4194302	0.3250
13.30	12.85	0.12	12.81	0.03	0.00	12.81	0.00	0.00	0.00	0.00	0.00	4194302	0.3264
11.76	11.31	0.12	11.27	0.03	0.00	11.27	0.00	0.00	0.00	0.00	0.00	4194302	0.3709
15.10	14.61	0.16	14.57	0.04	0.00	14.57	0.00	0.00	0.00	0.00	0.00	4194302	0.2870
13.02	12.53	0.16	12.49	0.03	0.00	12.49	0.00	0.00	0.00	0.00	0.00	4194302	0.3347
13.79	13.30	0.16	13.25	0.05	0.00	13.25	0.00	0.00	0.00	0.00	0.00	4194302	0.3154
12.63	12.15	0.16	12.11	0.03	0.00	12.11	0.00	0.00	0.00	0.00	0.00	4194302	0.3452
13.11	12.62	0.12	12.58	0.03	0.00	12.58	0.00	0.00	0.01	0.00	0.00	4194302	0.3324
10.50	10.07	0.12	10.03	0.04	0.00	10.03	0.00	0.00	0.00	0.00	0.00	4194302	0.4164
11.07	10.59	0.15	10.55	0.03	0.00	10.55	0.00	0.00	0.01	0.00	0.00	4194302	0.3961
12.74	12.23	0.15	12.19	0.03	0.00	12.19	0.00	0.00	0.00	0.00	0.00	4194302	0.3429
12.86	12.38	0.16	12.34	0.03	0.00	12.34	0.00	0.00	0.00	0.00	0.00	4194302	0.3387
10.39	9.90	0.16	9.87	0.03	0.00	9.87	0.00	0.00	0.01	0.00	0.00	4194302	0.4235
11.91	11.41	0.16	11.38	0.03	0.00	11.38	0.00	0.00	0.00	0.00	0.00	4194302	0.3675
10.91	10.43	0.16	10.38	0.04	0.00	10.38	0.00	0.00	0.00	0.00	0.00	4194302	0.4023
11.43	10.78	0.27	10.74	0.03	0.00	10.74	0.00	0.00	0.00	0.00	0.00	4194302	0.3892
14.88	13.45	0.18	13.41	0.04	0.00	13.41	0.00	0.00	0.00	0.00	0.00	4194302	0.3119
14.85	13.07	1.47	13.04	0.03	0.00	13.04	0.00	0.00	0.00	0.00	0.00	4194302	0.3209
10.46	10.00	0.16	9.97	0.03	0.00	9.97	0.00	0.00	0.00	0.00	0.00	4194302	0.4193
10.63	10.17	0.16	10.13	0.03	0.00	10.13	0.00	0.00	0.00	0.00	0.00	4194302	0.4124
13.14	12.64	0.17	12.60	0.03	0.00	12.60	0.00	0.00	0.00	0.00	0.00	4194302	0.3318
16.13	13.99	1.82	13.95	0.03	0.00	13.95	0.00	0.00	0.00	0.00	0.00	4194302	0.2998
11.34	10.87	0.16	10.83	0.03	0.00	10.83	0.00	0.00	0.00	0.00	0.00	4194302	0.3859
16.07	14.20	1.50	14.17	0.02	0.00	14.17	0.00	0.00	0.00	0.00	0.00	4194302	0.2953
10.85	10.41	0.12	10.38	0.03	0.00	10.38	0.00	0.00	0.01	0.00	0.00	4194302	0.4028
16.30	15.71	0.25	15.67	0.03	0.00	15.67	0.00	0.00	0.00	0.00	0.00	4194302	0.2670
17.75	17.26	0.16	17.22	0.03	0.00	17.22	0.00	0.00	0.00	0.00	0.00	4194302	0.2430
11.14	10.67	0.14	10.63	0.03	0.00	10.63	0.00	0.00	0.00	0.00	0.00	4194302	0.3932
10.42	9.95	0.16	9.92	0.03	0.00	9.92	0.00	0.00	0.00	0.00	0.00	4194302	0.4214
14.04	13.09	0.61	13.05	0.03	0.00	13.05	0.00	0.00	0.00	0.00	0.00	4194302	0.3205
12.20	11.73	0.16	11.69	0.03	0.00	11.69	0.00	0.00	0.00	0.00	0.00	4194302	0.3577
13.52	11.64	0.16	11.59	0.04	0.00	11.59	0.00	0.00	0.00	0.00	0.00	4194302	0.3604
16.65	14.44	1.89	14.41	0.03	0.00	14.41	0.00	0.00	0.00	0.00	0.00	4194302	0.2904
11.27	10.51	0.15	10.47	0.03	0.00	10.47	0.00	0.00	0.01	0.00	0.00	4194302	0.3990
13.12	12.67	0.12	12.63	0.03	0.00	12.63	0.00	0.00	0.00	0.00	0.00	4194302	0.3311
24.14	21.30	1.82	21.26	0.04	0.00	21.26	0.00	0.00	0.00	0.00	0.00	4194302	0.1970
17.12	15.31	1.49	15.28	0.03	0.00	15.28	0.00	0.00	0.00	0.00	0.00	4194302	0.2739
10.82	10.34	0.16	10.31	0.03	0.00	10.31	0.00	0.00	0.00	0.00	0.00	4194302	0.4057
10.49	10.05	0.14	10.01	0.03	0.00	10.01	0.00	0.00	0.00	0.00	0.00	4194302	0.4174
10.88	10.41	0.16	10.37	0.03	0.00	10.37	0.00	0.00	0.01	0.00	0.00	4194302	0.4030
13.34	12.85	0.13	12.82	0.03	0.00	12.82	0.00	0.00	0.00	0.00	0.00	4194302	0.3264
24.44	21.69	1.52	21.64	0.04	0.00	21.64	0.00	0.00	0.00	0.00	0.00	4194302	0.1934
18.91	16.67	1.90	16.63	0.03	0.00	16.63	0.00	0.00	0.00	0.00	0.00	4194302	0.2516
10.48	10.03	0.15	10.00	0.03	0.00	10.00	0.00	0.00	0.00	0.00	0.00	4194302	0.4181
59.71	53.42	4.59	53.38	0.03	0.00	53.38	0.00	0.00	0.01	0.00	0.00	4194302	0.0785
34.35	31.56	1.51	31.51	0.04	0.00	31.51	0.00	0.00	0.00	0.00	0.00	4194302	0.1329
28.57	25.39	1.93	25.35	0.04	0.00	25.35	0.00	0.00	0.00	0.00	0.00	4194302	0.1652
25.54	23.31	1.90	23.26	0.04	0.00	23.26	0.00	0.00	0.00	0.00	0.00	4194302	0.1800
12.50	12.01	0.15	11.97	0.03	0.00	11.97	0.00	0.00	0.00	0.00	0.00	4194302	0.3493
14.89	14.38	0.18	14.34	0.03	0.00	14.34	0.00	0.00	0.00	0.00	0.00	4194302	0.2917
11.84	11.37	0.15	11.33	0.03	0.00	11.33	0.00	0.00	0.00	0.00	0.00	4194302	0.3688
22.91	21.47	0.16	21.43	0.04	0.00	21.43	0.00	0.00	0.00	0.00	0.00	4194302	0.1953
14.13	12.41	1.41	12.37	0.03	0.00	12.37	0.00	0.00	0.01	0.00	0.00	4194302	0.3380
26.25	23.06	1.92	23.01	0.05	0.00	23.01	0.00	0.00	0.00	0.00	0.00	4194302	0.1819
20.70	18.45	1.90	18.41	0.03	0.00	18.41	0.00	0.00	0.00	0.00	0.00	4194302	0.2274
14.44	11.04	1.64	11.00	0.03	0.00	11.00	0.00	0.00	0.00	0.00	0.00	4194302	0.3799
12.15	11.66	0.15	11.62	0.03	0.00	11.62	0.00	0.00	0.00	0.00	0.00	4194302	0.3598
10.81	10.34	0.16	10.31	0.03	0.00	10.31	0.00	0.00	0.00	0.00	0.00	4194302	0.4056
12.87	12.41	0.12	12.37	0.03	0.00	12.37	0.00	0.00	0.00	0.00	0.00	4194302	0.3379
17.09	14.88	1.91	14.84	0.03	0.00	14.84	0.00	0.00	0.00	0.00	0.00	4194302	0.2819
16.05	13.86	1.90	13.82	0.03	0.00	13.82	0.00	0.00	0.00	0.00	0.00	4194302	0.3027
10.13	9.67	0.16	9.63	0.03	0.00	9.63	0.00	0.00	0.00	0.00	0.00	4194302	0.4337
13.26	12.77	0.16	12.74	0.03	0.00	12.74	0.00	0.00	0.00	0.00	0.00	4194302	0.3284
11.14	10.37	0.46	10.34	0.03	0.00	10.34	0.00	0.00	0.00	0.00	0.00	4194302	0.4043
12.06	10.44	0.16	10.41	0.03	0.00	10.41	0.00	0.00	0.00	0.00	0.00	4194302	0.4016
19.46	17.66	0.52	17.61	0.04	0.00	17.61	0.00	0.00	0.00	0.00	0.00	4194302	0.2375
13.92	12.05	1.55	12.02	0.03	0.00	12.02	0.00	0.00	0.00	0.00	0.00	4194302	0.3480
10.88	10.41	0.16	10.37	0.04	0.00	10.37	0.00	0.00	0.00	0.00	0.00	4194302	0.4028
11.46	10.97	0.17	10.93	0.03	0.00	10.93	0.00	0.00	0.00	0.00	0.00	4194302	0.3825
12.82	12.34	0.17	12.30	0.03	0.00	12.30	0.00	0.00	0.00	0.00	0.00	4194302	0.3400
SCALE: 17
nvtx: 131072
edgefactor: 16
terasize: 3.35544319999999993e-05
A: 5.69999999999999951e-01
B: 1.90000000000000002e-01
C: 1.90000000000000002e-01
D: 5.00000000000000444e-02
generation_time: 0.00000000000000000e+00
construction_time: 5.68557250000000014e-01
nbfs: 100
min_time: 9.82699990272522042e-03
firstquartile_time: 1.14377499818801888e-02
median_time: 1.33539999425411234e-02
thirdquartile_time: 1.87599999755620958e-02
max_time: 5.80040000081062310e-02
mean_time: 1.62239400029182412e-02
stddev_time: 7.67479252963092305e-03
min_nedge: 2.09713500000000000e+06
firstquartile_nedge: 2.09713500000000000e+06
median_nedge: 2.09713500000000000e+06
thirdquartile_nedge: 2.09713500000000000e+06
max_nedge: 2.09713500000000000e+06
mean_nedge: 2.09713500000000000e+06
stddev_nedge: 0.00000000000000000e+00
min_TEPS: 3.61550065462195575e+07
firstquartile_TEPS: 1.14769449697074607e+08
median_TEPS: 1.59919500471815377e+08
thirdquartile_TEPS: 1.89398224303848326e+08
max_TEPS: 2.13405415768694907e+08
harmonic_mean_TEPS: 1.29261757601592585e+08
harmonic_stddev_TEPS: 6.14557852275993582e+06
