[BASH] Running the GPU only graph500 for scale 17
file:/dev/null	benchmark:GRAPH500	vertices:131072	edges:4194302	partitioning:RANDOM	platform:GPU	alpha:50	repeat:1	gpu_count:1	thread_count:2	thread_sched:GUIDED	thread_bind:false	gpu_graph_mem:DEVICE	gpu_par_randomized:false	sorted:false	edge_sort_key:id	edge_order:asc	separate_singletons:false	lambda:0	time_init:684.43	time_par:40.31	rmt_vertex:0	rmt_edge:0	beta:0	pid0:100,100,0,0	
total	exec	init	comp	comm	finalize	cpu_comp	gpu_comp	gpu_total_comp	scatter	gather	aggr	trv_edges	exec_rate
485.23	466.77	0.62	227.38	239.38	0.00	0.00	227.38	227.38	0.00	0.00	0.16	4194302	0.0090
175.73	160.30	5.61	156.86	3.44	0.00	0.00	156.86	156.86	0.00	0.00	0.17	4194302	0.0262
212.16	186.97	1.07	175.39	11.57	0.00	0.00	175.39	175.39	0.00	0.00	0.19	4194302	0.0224
1059.81	1043.12	0.51	174.77	868.34	0.00	0.00	174.77	174.77	0.00	0.00	0.16	4194302	0.0040
188.75	176.75	0.90	173.09	3.65	0.00	0.00	173.09	173.09	0.00	0.00	0.17	4194302	0.0237
912.38	894.34	0.45	845.03	49.29	0.00	0.00	845.03	845.03	0.00	0.00	0.18	4194302	0.0047
171.51	161.69	0.40	159.36	2.31	0.00	0.00	159.36	159.36	0.00	0.00	0.17	4194302	0.0259
3513.88	3498.59	0.53	3448.69	49.89	0.00	0.00	3448.69	3448.69	0.00	0.00	2.58	4194302	0.0012
168.55	157.28	0.55	155.27	2.00	0.00	0.00	155.27	155.27	0.00	0.00	0.15	4194302	0.0267
271.59	252.80	0.65	181.39	70.92	0.00	0.00	181.39	181.39	0.00	0.00	0.17	4194302	0.0166
333.01	314.58	0.40	199.09	115.47	0.00	0.00	199.09	199.09	0.00	0.00	0.18	4194302	0.0133
233.56	219.93	0.61	217.95	1.97	0.00	0.00	217.95	217.95	0.00	0.00	0.16	4194302	0.0191
672.68	657.94	0.48	647.21	10.72	0.00	0.00	647.21	647.21	0.00	0.00	0.16	4194302	0.0064
216.08	195.98	0.95	168.58	27.39	0.00	0.00	168.58	168.58	0.00	0.00	0.19	4194302	0.0214
591.99	566.10	1.21	246.43	319.66	0.00	0.00	246.43	246.43	0.00	0.00	0.17	4194302	0.0074
249.99	228.70	1.93	227.49	1.19	0.00	0.00	227.49	227.49	0.00	0.00	0.18	4194302	0.0183
465.05	447.15	0.97	414.59	32.55	0.00	0.00	414.59	414.59	0.00	0.00	0.15	4194302	0.0094
167.24	157.58	0.47	155.61	1.96	0.00	0.00	155.61	155.61	0.00	0.00	0.18	4194302	0.0266
176.17	167.42	0.52	166.25	1.16	0.00	0.00	166.25	166.25	0.00	0.00	0.16	4194302	0.0251
184.79	164.54	0.43	157.86	6.67	0.00	0.00	157.86	157.86	0.00	0.00	0.14	4194302	0.0255
382.47	370.81	1.04	216.31	154.48	0.00	0.00	216.31	216.31	0.00	0.00	0.17	4194302	0.0113
179.01	169.94	0.38	167.57	2.36	0.00	0.00	167.57	167.57	0.00	0.00	0.15	4194302	0.0247
3471.16	3460.29	0.59	226.00	3234.28	0.00	0.00	226.00	226.00	0.00	0.00	0.15	4194302	0.0012
184.84	175.62	0.45	174.50	1.11	0.00	0.00	174.50	174.50	0.00	0.00	0.16	4194302	0.0239
756.25	743.82	0.88	676.48	67.34	0.00	0.00	676.48	676.48	0.00	0.00	0.20	4194302	0.0056
222.50	187.02	0.49	164.27	22.73	0.00	0.00	164.27	164.27	0.00	0.00	3.62	4194302	0.0224
1585.78	1565.15	0.60	218.00	1347.15	0.00	0.00	218.00	218.00	0.00	0.00	2.05	4194302	0.0027
255.46	234.79	0.59	207.77	27.00	0.00	0.00	207.77	207.77	0.00	0.00	0.17	4194302	0.0179
728.00	716.04	0.62	192.97	523.06	0.00	0.00	192.97	192.97	0.00	0.00	0.15	4194302	0.0059
177.00	159.05	0.42	158.20	0.84	0.00	0.00	158.20	158.20	0.00	0.00	0.18	4194302	0.0264
181.87	170.78	0.91	162.28	8.49	0.00	0.00	162.28	162.28	0.00	0.00	0.17	4194302	0.0246
452.54	443.22	0.59	402.49	40.71	0.00	0.00	402.49	402.49	0.00	0.00	0.20	4194302	0.0095
189.88	176.34	1.47	172.21	4.12	0.00	0.00	172.21	172.21	0.00	0.00	0.19	4194302	0.0238
379.38	369.75	0.70	264.72	105.02	0.00	0.00	264.72	264.72	0.00	0.00	0.20	4194302	0.0113
187.86	178.11	0.79	176.04	2.06	0.00	0.00	176.04	176.04	0.00	0.00	0.20	4194302	0.0235
970.96	957.54	0.60	201.80	755.73	0.00	0.00	201.80	201.80	0.00	0.00	0.18	4194302	0.0044
167.46	155.62	0.63	152.97	2.64	0.00	0.00	152.97	152.97	0.00	0.00	0.14	4194302	0.0270
227.75	201.90	1.46	197.20	4.69	0.00	0.00	197.20	197.20	0.00	0.00	0.16	4194302	0.0208
597.90	584.08	0.50	198.69	385.38	0.00	0.00	198.69	198.69	0.00	0.00	2.32	4194302	0.0072
271.37	246.83	0.76	235.17	11.65	0.00	0.00	235.17	235.17	0.00	0.00	2.83	4194302	0.0170
362.92	339.59	9.08	283.81	55.77	0.00	0.00	283.81	283.81	0.00	0.00	0.15	4194302	0.0124
229.67	220.98	0.61	209.54	11.43	0.00	0.00	209.54	209.54	0.00	0.00	0.17	4194302	0.0190
839.09	821.37	0.51	252.47	568.89	0.00	0.00	252.47	252.47	0.00	0.00	0.15	4194302	0.0051
216.10	196.69	0.75	195.66	1.02	0.00	0.00	195.66	195.66	0.00	0.00	0.18	4194302	0.0213
583.16	564.54	0.59	189.93	374.60	0.00	0.00	189.93	189.93	0.00	0.00	0.19	4194302	0.0074
177.46	164.17	0.45	161.99	2.17	0.00	0.00	161.99	161.99	0.00	0.00	0.24	4194302	0.0255
613.73	575.45	4.19	568.68	6.74	0.00	0.00	568.68	568.68	0.00	0.00	0.29	4194302	0.0073
267.80	247.95	0.60	182.00	65.94	0.00	0.00	182.00	182.00	0.00	0.00	0.17	4194302	0.0169
369.19	352.76	0.93	337.85	14.89	0.00	0.00	337.85	337.85	0.00	0.00	1.73	4194302	0.0119
167.12	157.38	0.99	155.45	1.92	0.00	0.00	155.45	155.45	0.00	0.00	0.17	4194302	0.0266
1251.50	1231.09	0.85	159.76	1071.32	0.00	0.00	159.76	159.76	0.00	0.00	0.19	4194302	0.0034
247.66	235.99	2.44	202.20	33.78	0.00	0.00	202.20	202.20	0.00	0.00	0.87	4194302	0.0178
197.00	179.34	0.60	171.11	8.22	0.00	0.00	171.11	171.11	0.00	0.00	0.17	4194302	0.0234
1116.69	1108.17	0.42	251.32	856.85	0.00	0.00	251.32	251.32	0.00	0.00	0.15	4194302	0.0038
198.42	168.42	0.85	166.81	1.60	0.00	0.00	166.81	166.81	0.00	0.00	5.15	4194302	0.0249
198.96	180.06	0.93	178.62	1.43	0.01	0.00	178.62	178.62	0.00	0.00	0.16	4194302	0.0233
912.21	899.75	0.48	845.28	54.47	0.00	0.00	845.28	845.28	0.00	0.00	0.17	4194302	0.0047
215.02	201.16	4.44	173.27	27.87	0.00	0.00	173.27	173.27	0.00	0.00	0.23	4194302	0.0209
427.02	415.72	1.58	348.10	67.61	0.00	0.00	348.10	348.10	0.00	0.00	0.15	4194302	0.0101
190.69	180.94	0.67	179.16	1.77	0.00	0.00	179.16	179.16	0.00	0.00	0.19	4194302	0.0232
183.96	171.13	0.52	169.78	1.35	0.00	0.00	169.78	169.78	0.00	0.00	3.40	4194302	0.0245
2261.05	2243.28	0.50	207.33	2035.93	0.00	0.00	207.33	207.33	0.00	0.00	0.21	4194302	0.0019
227.06	207.35	0.49	204.40	2.93	0.00	0.00	204.40	204.40	0.00	0.00	0.19	4194302	0.0202
440.59	431.60	0.94	255.14	176.45	0.00	0.00	255.14	255.14	0.00	0.00	0.16	4194302	0.0097
188.10	176.93	0.97	172.01	4.91	0.00	0.00	172.01	172.01	0.00	0.00	0.17	4194302	0.0237
460.06	450.78	0.51	390.96	59.81	0.00	0.00	390.96	390.96	0.00	0.00	0.19	4194302	0.0093
192.28	169.47	1.42	162.98	6.48	0.00	0.00	162.98	162.98	0.00	0.00	5.74	4194302	0.0247
247.76	211.94	0.45	205.05	6.88	0.00	0.00	205.05	205.05	0.00	0.00	7.79	4194302	0.0198
348.29	339.07	0.44	322.72	16.33	0.00	0.00	322.72	322.72	0.00	0.00	0.15	4194302	0.0124
166.65	156.71	0.35	155.71	0.98	0.00	0.00	155.71	155.71	0.00	0.00	0.16	4194302	0.0268
3435.05	3414.36	0.60	3336.49	77.86	0.00	0.00	3336.49	3336.49	0.00	0.00	0.18	4194302	0.0012
233.09	214.84	1.04	197.98	16.85	0.00	0.00	197.98	197.98	0.00	0.00	0.17	4194302	0.0195
183.82	172.90	0.39	171.73	1.16	0.00	0.00	171.73	171.73	0.00	0.00	0.15	4194302	0.0243
2835.85	2825.13	0.73	2816.44	8.68	0.00	0.00	2816.44	2816.44	0.00	0.00	0.24	4194302	0.0015
236.81	209.61	2.63	190.23	19.37	0.00	0.00	190.23	190.23	0.00	0.00	0.16	4194302	0.0200
182.89	169.28	1.13	162.70	6.57	0.00	0.00	162.70	162.70	0.00	0.00	0.15	4194302	0.0248
250.38	228.23	0.52	216.36	11.86	0.00	0.00	216.36	216.36	0.00	0.00	1.92	4194302	0.0184
420.85	410.13	0.50	248.67	161.44	0.00	0.00	248.67	248.67	0.00	0.00	0.17	4194302	0.0102
172.91	160.62	0.40	159.50	1.11	0.00	0.00	159.50	159.50	0.00	0.00	0.17	4194302	0.0261
432.92	422.04	0.86	355.14	66.89	0.00	0.00	355.14	355.14	0.00	0.00	0.17	4194302	0.0099
166.39	156.19	0.66	155.23	0.95	0.00	0.00	155.23	155.23	0.00	0.00	0.15	4194302	0.0269
210.47	191.01	0.81	188.20	2.79	0.00	0.00	188.20	188.20	0.00	0.00	0.17	4194302	0.0220
469.22	448.64	0.81	239.07	209.56	0.00	0.00	239.07	239.07	0.00	0.00	0.20	4194302	0.0093
387.10	366.51	1.23	175.64	190.86	0.00	0.00	175.64	175.64	0.00	0.00	10.16	4194302	0.0114
291.66	281.13	0.71	235.70	45.42	0.00	0.00	235.70	235.70	0.00	0.00	0.17	4194302	0.0149
170.98	160.33	0.36	159.30	1.02	0.00	0.00	159.30	159.30	0.00	0.00	0.16	4194302	0.0262
2221.48	2211.40	0.30	2201.99	9.40	0.00	0.00	2201.99	2201.99	0.00	0.00	0.17	4194302	0.0019
209.44	190.78	0.51	163.27	27.50	0.00	0.00	163.27	163.27	0.00	0.00	0.20	4194302	0.0220
178.78	167.37	0.93	156.02	11.34	0.00	0.00	156.02	156.02	0.00	0.00	0.18	4194302	0.0251
397.93	388.53	0.54	295.61	92.91	0.00	0.00	295.61	295.61	0.00	0.00	0.16	4194302	0.0108
188.11	176.21	3.22	173.74	2.47	0.00	0.00	173.74	173.74	0.00	0.00	0.18	4194302	0.0238
1086.11	1076.59	0.50	187.06	889.52	0.00	0.00	187.06	187.06	0.00	0.00	0.17	4194302	0.0039
190.62	178.38	0.43	177.22	1.15	0.00	0.00	177.22	177.22	0.00	0.00	0.20	4194302	0.0235
222.79	213.55	0.71	212.35	1.19	0.00	0.00	212.35	212.35	0.00	0.00	0.17	4194302	0.0196
443.27	430.15	0.92	360.05	70.09	0.00	0.00	360.05	360.05	0.00	0.00	0.17	4194302	0.0098
166.90	157.62	0.44	155.82	1.79	0.00	0.00	155.82	155.82	0.00	0.00	0.17	4194302	0.0266
180.53	162.95	0.72	161.83	1.11	0.00	0.00	161.83	161.83	0.00	0.00	0.16	4194302	0.0257
2296.84	2287.60	0.52	192.35	2095.23	0.00	0.00	192.35	192.35	0.00	0.00	0.17	4194302	0.0018
180.84	162.28	0.66	161.33	0.94	0.00	0.00	161.33	161.33	0.00	0.00	0.18	4194302	0.0258
1009.31	988.42	0.91	172.91	815.49	0.00	0.00	172.91	172.91	0.00	0.00	5.62	4194302	0.0042
SCALE: 17
nvtx: 131072
edgefactor: 16
terasize: 3.35544319999999993e-05
A: 5.69999999999999951e-01
B: 1.90000000000000002e-01
C: 1.90000000000000002e-01
D: 5.00000000000000444e-02
generation_time: 0.00000000000000000e+00
construction_time: 1.44831049999999983e+00
nbfs: 100
min_time: 1.56246000051498413e-01
firstquartile_time: 1.76466250047087658e-01
median_time: 2.29691000074148166e-01
thirdquartile_time: 5.40697499990463237e-01
max_time: 3.49912000000476819e+00
mean_time: 5.31047660010457001e-01
stddev_time: 7.12994861641154665e-01
min_nedge: 2.09713500000000000e+06
firstquartile_nedge: 2.09713500000000000e+06
median_nedge: 2.09713500000000000e+06
thirdquartile_nedge: 2.09713500000000000e+06
max_nedge: 2.09713500000000000e+06
mean_nedge: 2.09713500000000000e+06
stddev_nedge: 0.00000000000000000e+00
min_TEPS: 5.99332117788798991e+05
firstquartile_TEPS: 4.65168065968393814e+06
median_TEPS: 9.48675440213585272e+06
thirdquartile_TEPS: 1.21867127885788996e+07
max_TEPS: 1.34220075989707764e+07
harmonic_mean_TEPS: 3.94905233168470208e+06
harmonic_stddev_TEPS: 5.32878492596758064e+05
