[BASH] Running the GPU only graph500 for scale 16
file:/dev/null	benchmark:GRAPH500	vertices:65536	edges:2097150	partitioning:RANDOM	platform:GPU	alpha:50	repeat:1	gpu_count:1	thread_count:4	thread_sched:GUIDED	thread_bind:false	gpu_graph_mem:DEVICE	gpu_par_randomized:false	sorted:false	edge_sort_key:id	edge_order:asc	separate_singletons:false	lambda:0	time_init:397.70	time_par:19.76	rmt_vertex:0	rmt_edge:0	beta:0	pid0:100,100,0,0	
total	exec	init	comp	comm	finalize	cpu_comp	gpu_comp	gpu_total_comp	scatter	gather	aggr	trv_edges	exec_rate
205.61	195.57	0.41	191.61	3.95	0.00	0.00	191.61	191.61	0.00	0.00	0.10	2097150	0.0107
339.85	328.16	0.34	232.96	95.19	0.00	0.00	232.96	232.96	0.00	0.00	0.11	2097150	0.0064
97.22	91.16	0.94	85.91	5.23	0.00	0.00	85.91	85.91	0.00	0.00	0.13	2097150	0.0230
2267.60	2255.44	0.36	2200.65	54.78	0.00	0.00	2200.65	2200.65	0.00	0.00	2.57	2097150	0.0009
143.93	137.88	0.97	128.57	9.30	0.00	0.00	128.57	128.57	0.00	0.00	0.12	2097150	0.0152
94.56	88.45	0.68	86.23	2.20	0.00	0.00	86.23	86.23	0.00	0.00	0.17	2097150	0.0237
92.44	86.16	0.78	84.70	1.44	0.00	0.00	84.70	84.70	0.00	0.00	0.16	2097150	0.0243
438.72	433.21	0.39	342.39	90.81	0.00	0.00	342.39	342.39	0.00	0.00	0.18	2097150	0.0048
109.12	103.20	0.64	101.11	2.08	0.00	0.00	101.11	101.11	0.00	0.00	0.14	2097150	0.0203
124.68	112.00	0.76	94.47	17.52	0.00	0.00	94.47	94.47	0.00	0.00	8.99	2097150	0.0187
317.50	313.23	0.61	150.23	162.99	0.01	0.00	150.23	150.23	0.00	0.00	0.13	2097150	0.0067
95.94	89.98	0.52	88.30	1.66	0.00	0.00	88.30	88.30	0.00	0.00	0.14	2097150	0.0233
89.31	81.89	0.67	80.94	0.94	0.00	0.00	80.94	80.94	0.00	0.00	0.11	2097150	0.0256
95.37	89.57	0.48	87.88	1.68	0.00	0.00	87.88	87.88	0.00	0.00	0.13	2097150	0.0234
1400.05	1394.00	0.45	1379.08	14.91	0.00	0.00	1379.08	1379.08	0.00	0.00	0.14	2097150	0.0015
136.16	130.66	0.45	100.89	29.76	0.00	0.00	100.89	100.89	0.00	0.00	0.11	2097150	0.0161
94.02	87.76	0.88	84.99	2.76	0.00	0.00	84.99	84.99	0.00	0.00	0.11	2097150	0.0239
3298.87	3292.19	0.53	3276.53	15.65	0.00	0.00	3276.53	3276.53	0.00	0.00	0.20	2097150	0.0006
161.12	145.91	1.10	136.17	9.73	0.00	0.00	136.17	136.17	0.00	0.00	8.99	2097150	0.0144
487.32	481.83	0.89	478.30	3.53	0.00	0.00	478.30	478.30	0.00	0.00	0.10	2097150	0.0044
218.11	209.04	0.34	207.96	1.07	0.00	0.00	207.96	207.96	0.00	0.00	0.14	2097150	0.0100
234.03	220.04	8.90	181.46	38.58	0.00	0.00	181.46	181.46	0.00	0.00	0.11	2097150	0.0095
94.26	88.53	0.58	83.40	5.12	0.00	0.00	83.40	83.40	0.00	0.00	0.15	2097150	0.0237
80.66	77.76	0.65	76.82	0.93	0.00	0.00	76.82	76.82	0.00	0.00	0.12	2097150	0.0270
90.99	85.22	0.56	84.20	1.01	0.00	0.00	84.20	84.20	0.00	0.00	0.12	2097150	0.0246
89.47	82.52	0.45	81.10	1.41	0.00	0.00	81.10	81.10	0.00	0.00	0.12	2097150	0.0254
131.88	121.28	0.75	116.21	5.06	0.00	0.00	116.21	116.21	0.00	0.00	0.15	2097150	0.0173
831.61	825.61	0.43	174.44	651.16	0.00	0.00	174.44	174.44	0.00	0.00	0.13	2097150	0.0025
95.05	86.14	0.53	84.65	1.48	0.00	0.00	84.65	84.65	0.00	0.00	0.13	2097150	0.0243
99.72	92.97	0.70	91.67	1.28	0.00	0.00	91.67	91.67	0.00	0.00	0.11	2097150	0.0226
3322.40	3315.97	0.34	84.56	3231.40	0.00	0.00	84.56	84.56	0.00	0.00	0.17	2097150	0.0006
154.68	146.61	5.18	128.68	17.93	0.00	0.00	128.68	128.68	0.00	0.00	0.33	2097150	0.0143
103.05	98.32	0.83	87.55	10.76	0.00	0.00	87.55	87.55	0.00	0.00	0.12	2097150	0.0213
131.07	123.74	0.38	105.81	17.93	0.00	0.00	105.81	105.81	0.00	0.00	0.13	2097150	0.0169
531.75	525.95	0.39	512.14	13.80	0.00	0.00	512.14	512.14	0.00	0.00	0.10	2097150	0.0040
97.27	88.44	0.54	84.27	4.17	0.00	0.00	84.27	84.27	0.00	0.00	0.15	2097150	0.0237
96.28	90.19	0.66	88.44	1.74	0.00	0.00	88.44	88.44	0.00	0.00	0.14	2097150	0.0233
151.80	145.76	0.41	143.60	2.15	0.00	0.00	143.60	143.60	0.00	0.00	0.16	2097150	0.0144
172.13	165.34	0.60	96.06	69.26	0.00	0.00	96.06	96.06	0.00	0.00	0.15	2097150	0.0127
163.06	157.09	0.70	133.20	23.89	0.00	0.00	133.20	133.20	0.00	0.00	0.13	2097150	0.0133
85.66	82.25	0.39	81.14	1.11	0.00	0.00	81.14	81.14	0.00	0.00	0.14	2097150	0.0255
2290.60	2281.31	0.63	98.74	2182.56	0.00	0.00	98.74	98.74	0.00	0.00	0.13	2097150	0.0009
150.40	133.34	10.59	125.98	7.35	0.00	0.00	125.98	125.98	0.00	0.00	0.12	2097150	0.0157
92.02	86.09	0.74	83.12	2.95	0.00	0.00	83.12	83.12	0.00	0.00	0.14	2097150	0.0244
2331.70	2325.23	0.51	2263.38	61.84	0.00	0.00	2263.38	2263.38	0.00	0.00	0.14	2097150	0.0009
140.28	134.52	0.66	132.72	1.78	0.00	0.00	132.72	132.72	0.00	0.00	0.13	2097150	0.0156
102.08	96.10	0.67	93.39	2.70	0.00	0.00	93.39	93.39	0.00	0.00	0.18	2097150	0.0218
1435.68	1430.58	0.61	97.74	1332.83	0.00	0.00	97.74	97.74	0.00	0.00	0.13	2097150	0.0015
173.57	167.65	0.36	121.43	46.21	0.00	0.00	121.43	121.43	0.00	0.00	0.12	2097150	0.0125
92.17	83.39	0.46	81.54	1.84	0.00	0.00	81.54	81.54	0.00	0.00	0.13	2097150	0.0251
116.25	112.23	0.63	90.14	22.08	0.00	0.00	90.14	90.14	0.00	0.00	0.14	2097150	0.0187
280.46	274.19	0.54	97.60	176.58	0.00	0.00	97.60	97.60	0.00	0.00	0.14	2097150	0.0076
94.24	88.45	0.39	87.53	0.91	0.00	0.00	87.53	87.53	0.00	0.00	0.15	2097150	0.0237
96.50	86.18	0.62	84.66	1.50	0.00	0.00	84.66	84.66	0.00	0.00	0.13	2097150	0.0243
260.09	249.32	0.81	101.91	147.41	0.00	0.00	101.91	101.91	0.00	0.00	0.13	2097150	0.0084
103.98	97.68	0.53	82.59	15.08	0.00	0.00	82.59	82.59	0.00	0.00	0.12	2097150	0.0215
81.80	76.92	0.39	76.25	0.66	0.00	0.00	76.25	76.25	0.00	0.00	0.10	2097150	0.0273
88.48	83.19	0.35	82.29	0.89	0.00	0.00	82.29	82.29	0.00	0.00	0.12	2097150	0.0252
83.37	78.51	0.35	77.91	0.59	0.00	0.00	77.91	77.91	0.00	0.00	0.10	2097150	0.0267
422.30	283.70	5.91	245.72	37.86	0.02	0.00	245.72	245.72	0.00	0.02	8.95	2097150	0.0074
3637.05	3623.30	4.11	230.20	3393.08	0.00	0.00	230.20	230.20	0.00	0.00	0.14	2097150	0.0006
155.58	148.29	0.62	117.11	31.17	0.00	0.00	117.11	117.11	0.00	0.00	0.16	2097150	0.0141
103.24	97.46	0.41	88.05	9.40	0.00	0.00	88.05	88.05	0.00	0.00	0.14	2097150	0.0215
91.16	84.87	0.64	83.68	1.17	0.00	0.00	83.68	83.68	0.00	0.00	0.12	2097150	0.0247
298.92	292.85	0.60	128.44	164.39	0.00	0.00	128.44	128.44	0.00	0.00	0.13	2097150	0.0072
89.70	83.96	0.45	83.04	0.91	0.00	0.00	83.04	83.04	0.00	0.00	0.14	2097150	0.0250
85.15	79.13	0.68	77.73	1.40	0.00	0.00	77.73	77.73	0.00	0.00	0.11	2097150	0.0265
3533.56	3523.50	0.37	3451.05	72.43	0.00	0.00	3451.05	3451.05	0.00	0.00	0.15	2097150	0.0006
153.40	147.88	0.62	135.43	12.45	0.00	0.00	135.43	135.43	0.00	0.00	0.15	2097150	0.0142
107.42	87.42	10.56	84.06	3.36	0.00	0.00	84.06	84.06	0.00	0.00	0.12	2097150	0.0240
287.36	281.41	0.45	162.02	119.37	0.00	0.00	162.02	162.02	0.00	0.00	0.13	2097150	0.0075
96.31	87.49	0.62	86.09	1.39	0.00	0.00	86.09	86.09	0.00	0.00	0.15	2097150	0.0240
108.59	102.84	0.57	101.24	1.59	0.00	0.00	101.24	101.24	0.00	0.00	0.10	2097150	0.0204
1785.11	1778.49	0.55	1738.14	40.34	0.00	0.00	1738.14	1738.14	0.00	0.00	0.13	2097150	0.0012
91.13	82.44	0.46	80.62	1.81	0.00	0.00	80.62	80.62	0.00	0.00	0.14	2097150	0.0254
83.55	77.34	0.67	76.36	0.97	0.00	0.00	76.36	76.36	0.00	0.00	0.13	2097150	0.0271
97.59	91.77	0.42	89.47	2.29	0.00	0.00	89.47	89.47	0.00	0.00	0.13	2097150	0.0229
808.27	802.39	0.56	752.09	50.29	0.00	0.00	752.09	752.09	0.00	0.00	0.15	2097150	0.0026
133.81	127.91	1.27	111.76	16.13	0.00	0.00	111.76	111.76	0.00	0.00	0.17	2097150	0.0164
99.09	83.13	10.31	81.42	1.70	0.00	0.00	81.42	81.42	0.00	0.00	0.18	2097150	0.0252
1311.76	1304.81	0.50	1293.76	11.04	0.00	0.00	1293.76	1293.76	0.00	0.00	1.55	2097150	0.0016
136.47	129.90	0.50	110.19	19.70	0.00	0.00	110.19	110.19	0.00	0.00	0.60	2097150	0.0161
102.14	95.84	1.10	92.12	3.71	0.00	0.00	92.12	92.12	0.00	0.00	0.14	2097150	0.0219
357.85	348.37	0.63	344.07	4.28	0.00	0.00	344.07	344.07	0.00	0.00	0.14	2097150	0.0060
210.55	203.03	0.67	132.41	70.62	0.00	0.00	132.41	132.41	0.00	0.00	0.14	2097150	0.0103
98.79	93.45	0.43	91.61	1.82	0.00	0.00	91.61	91.61	0.00	0.00	0.14	2097150	0.0224
83.40	78.38	0.64	77.01	1.36	0.00	0.00	77.01	77.01	0.00	0.00	0.13	2097150	0.0268
389.55	383.59	0.55	264.08	119.50	0.00	0.00	264.08	264.08	0.00	0.00	0.13	2097150	0.0055
93.08	87.03	0.83	84.90	2.12	0.00	0.00	84.90	84.90	0.00	0.00	0.17	2097150	0.0241
90.14	83.73	0.63	82.61	1.12	0.00	0.00	82.61	82.61	0.00	0.00	0.13	2097150	0.0250
1479.06	1473.08	0.71	1457.51	15.56	0.00	0.00	1457.51	1457.51	0.00	0.00	0.12	2097150	0.0014
105.10	100.93	0.94	89.39	11.54	0.00	0.00	89.39	89.39	0.00	0.00	0.12	2097150	0.0208
87.84	80.96	0.37	80.04	0.91	0.00	0.00	80.04	80.04	0.00	0.00	0.12	2097150	0.0259
83.46	77.70	0.37	76.79	0.91	0.00	0.00	76.79	76.79	0.00	0.00	0.12	2097150	0.0270
124.77	118.51	0.50	109.02	9.48	0.00	0.00	109.02	109.02	0.00	0.00	0.12	2097150	0.0177
1539.48	1534.36	0.39	183.53	1350.82	0.00	0.00	183.53	183.53	0.00	0.00	0.12	2097150	0.0014
96.37	90.53	0.50	88.79	1.73	0.00	0.00	88.79	88.79	0.00	0.00	0.14	2097150	0.0232
89.16	83.21	0.67	81.76	1.44	0.00	0.00	81.76	81.76	0.00	0.00	0.15	2097150	0.0252
115.35	111.14	0.40	109.78	1.35	0.00	0.00	109.78	109.78	0.00	0.00	0.13	2097150	0.0189
511.77	503.05	3.51	117.59	385.45	0.00	0.00	117.59	117.59	0.00	0.00	0.12	2097150	0.0042
SCALE: 16
nvtx: 65536
edgefactor: 16
terasize: 1.67772159999999997e-05
A: 5.69999999999999951e-01
B: 1.90000000000000002e-01
C: 1.90000000000000002e-01
D: 5.00000000000000444e-02
generation_time: 0.00000000000000000e+00
construction_time: 5.83989917000000025e-01
nbfs: 100
min_time: 7.73070001006126439e-02
firstquartile_time: 8.86925000399351182e-02
median_time: 1.15935500025749205e-01
thirdquartile_time: 2.92488749951124227e-01
max_time: 3.62741199994087227e+00
mean_time: 4.37137480001449807e-01
stddev_time: 7.88055185910167877e-01
min_nedge: 1.00000000000000000e+00
firstquartile_nedge: 1.04856600000000000e+06
median_nedge: 1.04856600000000000e+06
thirdquartile_nedge: 1.04856600000000000e+06
max_nedge: 1.04856600000000000e+06
mean_nedge: 1.03808034999999998e+06
stddev_nedge: 1.04856500000000000e+05
min_TEPS: 2.07157713320119719e+00
firstquartile_TEPS: 3.74438688650292344e+06
median_TEPS: 9.35032409374971315e+06
thirdquartile_TEPS: 1.19258062890470307e+07
max_TEPS: 1.35636617464825194e+07
harmonic_mean_TEPS: 2.07140021811137444e+02
harmonic_stddev_TEPS: 2.08165596294949239e+02
