[BASH] Running the GPU only graph500 for scale 19
file:/dev/null	benchmark:GRAPH500	vertices:524288	edges:16777214	partitioning:RANDOM	platform:GPU	alpha:50	repeat:1	gpu_count:1	thread_count:4	thread_sched:GUIDED	thread_bind:false	gpu_graph_mem:DEVICE	gpu_par_randomized:false	sorted:false	edge_sort_key:id	edge_order:asc	separate_singletons:false	lambda:0	time_init:1690.29	time_par:238.68	rmt_vertex:0	rmt_edge:0	beta:0	pid0:100,100,0,0	
total	exec	init	comp	comm	finalize	cpu_comp	gpu_comp	gpu_total_comp	scatter	gather	aggr	trv_edges	exec_rate
823.52	778.56	0.50	773.64	4.91	0.00	0.00	773.64	773.64	0.00	0.00	0.53	16777214	0.0215
658.86	618.36	0.94	606.52	11.83	0.00	0.00	606.52	606.52	0.00	0.00	0.50	16777214	0.0271
668.72	623.84	0.95	615.48	8.34	0.00	0.00	615.48	615.48	0.00	0.00	8.00	16777214	0.0269
741.60	686.98	0.93	673.96	13.00	0.00	0.00	673.96	673.96	0.00	0.00	0.50	16777214	0.0244
683.58	644.18	1.38	641.85	2.32	0.00	0.00	641.85	641.85	0.00	0.00	0.56	16777214	0.0260
726.21	666.33	1.24	664.17	2.14	0.00	0.00	664.17	664.17	0.00	0.00	0.51	16777214	0.0252
714.70	655.80	0.95	650.83	4.95	0.00	0.00	650.83	650.83	0.00	0.00	0.50	16777214	0.0256
721.72	677.64	0.84	670.44	7.18	0.00	0.00	670.44	670.44	0.00	0.00	0.50	16777214	0.0248
664.34	627.78	1.44	625.85	1.92	0.00	0.00	625.85	625.85	0.00	0.00	0.48	16777214	0.0267
743.52	669.28	1.03	660.84	8.42	0.00	0.00	660.84	660.84	0.00	0.00	0.50	16777214	0.0251
729.70	677.03	0.87	664.71	12.30	0.00	0.00	664.71	664.71	0.00	0.00	0.50	16777214	0.0248
657.31	617.09	1.26	614.80	2.27	0.00	0.00	614.80	614.80	0.00	0.00	1.27	16777214	0.0272
673.52	624.41	10.72	621.56	2.82	0.00	0.00	621.56	621.56	0.00	0.00	0.57	16777214	0.0269
684.82	632.12	1.34	620.27	11.84	0.00	0.00	620.27	620.27	0.00	0.00	3.35	16777214	0.0265
815.82	774.44	0.72	760.71	13.71	0.00	0.00	760.71	760.71	0.00	0.00	0.83	16777214	0.0217
1063.80	1024.50	0.96	1020.03	4.45	0.00	0.00	1020.03	1020.03	0.00	0.00	0.56	16777214	0.0164
1050.97	1020.84	0.94	999.64	21.19	0.00	0.00	999.64	999.64	0.00	0.00	0.52	16777214	0.0164
692.73	637.09	0.96	632.05	5.02	0.00	0.00	632.05	632.05	0.00	0.00	7.13	16777214	0.0263
766.44	720.90	0.94	705.22	15.67	0.00	0.00	705.22	705.22	0.00	0.00	0.50	16777214	0.0233
725.49	679.99	0.88	662.97	17.00	0.00	0.00	662.97	662.97	0.00	0.00	0.50	16777214	0.0247
886.94	849.67	0.96	833.07	16.59	0.00	0.00	833.07	833.07	0.00	0.00	0.50	16777214	0.0197
726.14	666.47	0.90	655.80	10.65	0.00	0.00	655.80	655.80	0.00	0.00	0.49	16777214	0.0252
820.38	781.74	1.28	762.92	18.80	0.00	0.00	762.92	762.92	0.00	0.00	0.50	16777214	0.0215
1287.66	1233.42	0.88	1217.81	15.59	0.02	0.00	1217.81	1217.81	0.00	0.00	0.50	16777214	0.0136
671.46	615.25	0.94	613.73	1.51	0.00	0.00	613.73	613.73	0.00	0.00	0.41	16777214	0.0273
705.37	642.16	0.68	640.35	1.80	0.00	0.00	640.35	640.35	0.00	0.00	0.50	16777214	0.0261
654.95	615.73	0.97	613.99	1.72	0.00	0.00	613.99	613.99	0.00	0.00	0.52	16777214	0.0272
688.70	648.41	1.57	636.90	11.50	0.00	0.00	636.90	636.90	0.00	0.00	0.56	16777214	0.0259
911.61	872.69	1.27	852.24	20.43	0.00	0.00	852.24	852.24	0.00	0.00	0.49	16777214	0.0192
745.38	689.80	0.96	672.35	17.44	0.00	0.00	672.35	672.35	0.00	0.00	0.48	16777214	0.0243
810.98	772.89	0.90	763.28	9.59	0.00	0.00	763.28	763.28	0.00	0.00	10.51	16777214	0.0217
671.47	632.47	0.93	618.99	13.46	0.00	0.00	618.99	618.99	0.00	0.00	0.51	16777214	0.0265
663.45	626.47	0.88	624.01	2.44	0.00	0.00	624.01	624.01	0.00	0.00	0.57	16777214	0.0268
4602.82	4572.36	1.20	4570.79	1.56	0.00	0.00	4570.79	4570.79	0.00	0.00	0.72	16777214	0.0037
731.61	673.14	1.56	654.28	18.85	0.00	0.00	654.28	654.28	0.00	0.00	0.50	16777214	0.0249
1044.15	1014.31	1.00	1001.28	13.01	0.00	0.00	1001.28	1001.28	0.00	0.00	0.43	16777214	0.0165
733.81	676.91	0.59	670.05	6.84	0.00	0.00	670.05	670.05	0.00	0.00	0.51	16777214	0.0248
721.90	672.40	0.94	646.19	26.18	0.00	0.00	646.19	646.19	0.00	0.00	0.50	16777214	0.0250
678.23	641.93	0.92	638.55	3.36	0.00	0.00	638.55	638.55	0.00	0.00	0.48	16777214	0.0261
671.57	623.02	0.94	611.34	11.67	0.00	0.00	611.34	611.34	0.00	0.00	0.50	16777214	0.0269
667.07	612.51	0.96	611.15	1.35	0.00	0.00	611.15	611.15	0.00	0.00	0.42	16777214	0.0274
710.78	651.26	0.70	632.35	18.90	0.00	0.00	632.35	632.35	0.00	0.00	0.52	16777214	0.0258
696.75	654.39	0.91	649.80	4.58	0.00	0.00	649.80	649.80	0.00	0.00	0.81	16777214	0.0256
906.83	862.57	1.18	859.26	3.30	0.00	0.00	859.26	859.26	0.00	0.00	0.52	16777214	0.0195
688.36	651.17	10.12	649.37	1.78	0.00	0.00	649.37	649.37	0.00	0.00	0.44	16777214	0.0258
671.10	631.61	1.33	629.87	1.73	0.00	0.00	629.87	629.87	0.00	0.00	0.50	16777214	0.0266
700.97	635.62	0.93	633.21	2.40	0.00	0.00	633.21	633.21	0.00	0.00	0.51	16777214	0.0264
713.79	674.77	1.09	668.02	6.73	0.00	0.00	668.02	668.02	0.00	0.00	0.52	16777214	0.0249
655.97	616.91	0.95	614.95	1.94	0.00	0.00	614.95	614.95	0.00	0.00	0.50	16777214	0.0272
699.87	678.10	0.92	676.59	1.49	0.00	0.00	676.59	676.59	0.00	0.00	0.40	16777214	0.0247
739.30	679.22	0.66	669.24	9.97	0.00	0.00	669.24	669.24	0.00	0.00	0.56	16777214	0.0247
784.03	745.17	0.94	732.96	12.19	0.00	0.00	732.96	732.96	0.00	0.00	0.50	16777214	0.0225
682.60	642.73	0.95	640.35	2.37	0.00	0.00	640.35	640.35	0.00	0.00	0.57	16777214	0.0261
674.15	634.62	1.40	632.60	2.00	0.00	0.00	632.60	632.60	0.00	0.00	0.50	16777214	0.0264
693.94	638.33	0.95	614.22	24.08	0.00	0.00	614.22	614.22	0.00	0.00	0.50	16777214	0.0263
895.55	856.43	1.34	847.67	8.74	0.00	0.00	847.67	847.67	0.00	0.00	0.50	16777214	0.0196
721.76	659.67	0.97	642.51	17.15	0.00	0.00	642.51	642.51	0.00	0.00	0.52	16777214	0.0254
792.01	748.47	0.87	722.40	26.06	0.00	0.00	722.40	722.40	0.00	0.00	0.51	16777214	0.0224
692.49	648.96	0.79	645.31	3.63	0.00	0.00	645.31	645.31	0.00	0.00	7.32	16777214	0.0259
1060.20	1014.01	0.97	990.54	23.45	0.00	0.00	990.54	990.54	0.00	0.00	0.50	16777214	0.0165
725.18	674.89	0.83	672.48	2.40	0.00	0.00	672.48	672.48	0.00	0.00	0.57	16777214	0.0249
720.89	660.03	1.28	657.54	2.48	0.00	0.00	657.54	657.54	0.00	0.00	0.56	16777214	0.0254
671.55	280796740.50	1.21	635.29	-878430115397904570246721450850362009680739465579035292307786122965859086693229480732314285167421022868834492181740657880133929440261771535698505299745098149191128153033468586584168575867615850909812548470829044082436738406469937925052578883267499399820833378530041227582125875187105708542434638083129344.00	0.00	0.00	635.29	635.29	608947133148793713709325898739713266594948455709095100897845598502532385305838354263747951091240867860044659025734872170325782870566089795815721296183443336558730466310393657162131477011036316368896.00	0.00	0.46	16777214	0.0000
726.97	672.63	1.81	670.46	2.15	0.00	0.00	670.46	670.46	0.00	0.00	0.50	16777214	0.0249
666.06	626.87	0.93	625.06	1.79	0.00	0.00	625.06	625.06	0.00	0.00	0.50	16777214	0.0268
724.81	679.72	3.84	659.14	20.57	0.00	0.00	659.14	659.14	0.00	0.00	8.46	16777214	0.0247
998.83	952.35	0.91	929.19	23.15	0.00	0.00	929.19	929.19	0.00	0.00	0.42	16777214	0.0176
806.67	779.69	0.68	765.14	14.53	0.00	0.00	765.14	765.14	0.00	0.00	0.52	16777214	0.0215
1030.61	971.73	0.98	954.86	16.85	0.00	0.00	954.86	954.86	0.00	0.00	0.50	16777214	0.0173
1300.94	1254.77	0.97	1236.62	18.13	0.00	0.00	1236.62	1236.62	0.00	0.00	0.45	16777214	0.0134
1080.91	1042.18	0.67	1026.99	15.17	0.00	0.00	1026.99	1026.99	0.00	0.00	0.50	16777214	0.0161
706.91	647.36	0.89	645.34	2.00	0.00	0.00	645.34	645.34	0.00	0.00	0.50	16777214	0.0259
706.54	667.15	1.00	650.18	16.96	0.00	0.00	650.18	650.18	0.00	0.00	0.49	16777214	0.0251
693.17	640.60	0.94	636.47	4.11	0.00	0.00	636.47	636.47	0.00	0.00	0.43	16777214	0.0262
727.60	690.66	0.73	666.22	24.42	0.00	0.00	666.22	666.22	0.00	0.00	0.50	16777214	0.0243
707.23	647.62	0.90	636.31	11.30	0.00	0.00	636.31	636.31	0.00	0.00	0.50	16777214	0.0259
686.45	648.01	0.92	634.64	13.35	0.00	0.00	634.64	634.64	0.00	0.00	0.48	16777214	0.0259
702.19	673.62	0.87	665.74	7.85	0.00	0.00	665.74	665.74	0.00	0.00	0.52	16777214	0.0249
728.41	675.42	1.11	668.34	7.07	0.00	0.00	668.34	668.34	0.00	0.00	0.50	16777214	0.0248
727.12	679.72	0.86	667.17	12.53	0.00	0.00	667.17	667.17	0.00	0.00	0.50	16777214	0.0247
688.79	629.13	0.95	617.40	11.70	0.00	0.00	617.40	617.40	0.00	0.00	0.51	16777214	0.0267
669.35	623.27	0.91	621.50	1.75	0.00	0.00	621.50	621.50	0.00	0.00	0.52	16777214	0.0269
700.15	663.59	1.24	657.73	5.84	0.00	0.00	657.73	657.73	0.00	0.00	0.45	16777214	0.0253
660.53	621.95	0.67	617.91	4.03	0.00	0.00	617.91	617.91	0.00	0.00	0.50	16777214	0.0270
698.06	659.42	0.90	649.11	10.30	0.00	0.00	649.11	649.11	0.00	0.00	0.50	16777214	0.0254
677.07	638.02	1.33	635.93	2.06	0.00	0.00	635.93	635.93	0.00	0.00	0.50	16777214	0.0263
703.58	643.97	0.94	627.75	16.21	0.00	0.00	627.75	627.75	0.00	0.00	0.50	16777214	0.0261
684.38	624.88	0.96	623.17	1.69	0.00	0.00	623.17	623.17	0.00	0.00	0.50	16777214	0.0268
714.79	675.87	0.93	664.32	11.54	0.00	0.00	664.32	664.32	0.00	0.00	0.50	16777214	0.0248
708.00	658.83	10.71	647.40	11.41	0.00	0.00	647.40	647.40	0.00	0.00	0.56	16777214	0.0255
662.70	622.01	1.42	619.88	2.11	0.00	0.00	619.88	619.88	0.00	0.00	1.76	16777214	0.0270
672.89	627.29	10.75	615.69	11.59	0.00	0.00	615.69	615.69	0.00	0.00	0.45	16777214	0.0267
670.48	610.85	1.05	609.13	1.70	0.00	0.00	609.13	609.13	0.00	0.00	0.50	16777214	0.0275
660.81	618.47	0.91	613.19	5.26	0.00	0.00	613.19	613.19	0.00	0.00	0.50	16777214	0.0271
733.18	677.90	0.94	651.94	25.95	0.00	0.00	651.94	651.94	0.00	0.00	0.50	16777214	0.0247
718.65	674.39	0.89	661.71	12.67	0.00	0.00	661.71	661.71	0.00	0.00	4.89	16777214	0.0249
842.83	788.59	0.98	775.98	12.60	0.00	0.00	775.98	775.98	0.00	0.00	0.50	16777214	0.0213
665.21	629.76	0.93	618.49	11.26	0.00	0.00	618.49	618.49	0.00	0.00	0.56	16777214	0.0266
680.64	634.47	7.16	628.14	6.31	0.00	0.00	628.14	628.14	0.00	0.00	0.57	16777214	0.0264
685.49	629.94	1.73	622.24	7.69	0.00	0.00	622.24	622.24	0.00	0.00	0.50	16777214	0.0266
SCALE: 19
nvtx: 524288
edgefactor: 16
terasize: 1.34217727999999997e-04
A: 5.69999999999999951e-01
B: 1.90000000000000002e-01
C: 1.90000000000000002e-01
D: 5.00000000000000444e-02
generation_time: 0.00000000000000000e+00
construction_time: 5.92968266499999963e+00
nbfs: 100
min_time: 6.11894000053405773e-01
firstquartile_time: 6.36923000022769026e-01
median_time: 6.67469499945640532e-01
thirdquartile_time: 7.14228500038385339e-01
max_time: 2.80796741709999973e+05
mean_time: 2.80870640708998371e+03
stddev_time: 2.80795995285002100e+04
min_nedge: 1.00000000000000000e+00
firstquartile_nedge: 8.38851300000000000e+06
median_nedge: 8.38851300000000000e+06
thirdquartile_nedge: 8.38851300000000000e+06
max_nedge: 8.38851300000000000e+06
mean_nedge: 8.30462787999999989e+06
stddev_nedge: 8.38851200000000070e+05
min_TEPS: 2.18647816312560084e-01
firstquartile_TEPS: 1.21564806177523378e+07
median_TEPS: 1.26511107936123312e+07
thirdquartile_TEPS: 1.32030258969706390e+07
max_TEPS: 1.37090950381403565e+07
harmonic_mean_TEPS: 2.17058769207183602e+01
harmonic_stddev_TEPS: 2.16556611150460796e+01
