[BASH] Running the GPU only graph500 for scale 21
file:/dev/null	benchmark:GRAPH500	vertices:2097152	edges:67108862	partitioning:RANDOM	platform:GPU	alpha:50	repeat:1	gpu_count:1	thread_count:2	thread_sched:GUIDED	thread_bind:false	gpu_graph_mem:DEVICE	gpu_par_randomized:false	sorted:false	edge_sort_key:id	edge_order:asc	separate_singletons:false	lambda:0	time_init:6902.61	time_par:287.70	rmt_vertex:0	rmt_edge:0	beta:0	pid0:100,100,0,0	
total	exec	init	comp	comm	finalize	cpu_comp	gpu_comp	gpu_total_comp	scatter	gather	aggr	trv_edges	exec_rate
3624.65	3442.39	0.42	2846.95	595.41	0.00	0.00	2846.95	2846.95	0.00	0.00	2.38	67108862	0.0195
3687.12	3512.87	0.63	2860.18	652.66	0.00	0.00	2860.18	2860.18	0.00	0.00	2.43	67108862	0.0191
3234.31	3030.69	0.68	2898.81	131.88	0.00	0.00	2898.81	2898.81	0.00	0.00	1.42	67108862	0.0221
3031.00	2887.05	0.41	2711.36	175.67	0.00	0.00	2711.36	2711.36	0.00	0.00	1.45	67108862	0.0232
3444.98	3247.33	0.65	3149.97	97.35	0.00	0.00	3149.97	3149.97	0.00	0.00	7.06	67108862	0.0207
3279.54	3064.13	0.41	2929.96	134.16	0.00	0.00	2929.96	2929.96	0.00	0.00	6.97	67108862	0.0219
4069.09	3894.46	0.36	3048.92	845.52	0.00	0.00	3048.92	3048.92	0.00	0.00	2.67	67108862	0.0172
3916.78	3741.24	0.37	2797.15	944.09	0.04	0.00	2797.15	2797.15	0.00	0.00	2.41	67108862	0.0179
3576.27	3364.72	0.67	3281.14	83.57	0.00	0.00	3281.14	3281.14	0.00	0.00	7.00	67108862	0.0199
3166.42	2971.25	0.41	2933.82	37.42	0.00	0.00	2933.82	2933.82	0.00	0.00	1.41	67108862	0.0226
3144.78	2938.64	0.42	2867.18	71.45	0.00	0.00	2867.18	2867.18	0.00	0.00	1.39	67108862	0.0228
3883.41	3718.42	0.66	3481.45	236.96	0.00	0.00	3481.45	3481.45	0.00	0.00	1.56	67108862	0.0180
3735.30	3559.43	0.67	2673.76	885.67	0.00	0.00	2673.76	2673.76	0.00	0.00	2.49	67108862	0.0189
3893.53	3720.33	0.41	3050.61	669.68	0.00	0.00	3050.61	3050.61	0.00	0.00	1.45	67108862	0.0180
3722.65	3553.53	0.41	3287.81	265.69	0.00	0.00	3287.81	3287.81	0.00	0.00	1.46	67108862	0.0189
3920.67	3751.08	0.67	3452.87	298.20	0.00	0.00	3452.87	3452.87	0.00	0.00	2.68	67108862	0.0179
3556.19	3350.43	0.65	3254.28	96.15	0.00	0.00	3254.28	3254.28	0.00	0.00	1.41	67108862	0.0200
2842.28	2637.11	0.40	2628.82	8.28	0.00	0.00	2628.82	2628.82	0.00	0.00	1.41	67108862	0.0254
3129.94	2943.34	0.40	2820.53	122.80	0.00	0.00	2820.53	2820.53	0.00	0.00	1.40	67108862	0.0228
3659.41	3502.85	0.41	2828.07	674.77	0.00	0.00	2828.07	2828.07	0.00	0.00	1.66	67108862	0.0192
3839.18	3661.55	0.40	2626.73	1034.81	0.00	0.00	2626.73	2626.73	0.00	0.00	2.42	67108862	0.0183
3857.84	3684.44	0.63	3373.44	310.99	0.00	0.00	3373.44	3373.44	0.00	0.00	2.45	67108862	0.0182
3879.80	3711.15	0.40	3311.01	400.13	0.00	0.00	3311.01	3311.01	0.00	0.00	1.66	67108862	0.0181
3923.04	3746.22	0.40	2799.38	946.83	0.00	0.00	2799.38	2799.38	0.00	0.00	2.38	67108862	0.0179
3809.53	3633.84	0.66	2991.36	642.47	0.00	0.00	2991.36	2991.36	0.00	0.00	2.44	67108862	0.0185
3797.72	3627.21	0.50	3257.82	369.39	0.00	0.00	3257.82	3257.82	0.00	0.00	1.48	67108862	0.0185
3716.49	3540.03	0.66	2604.16	935.86	0.00	0.00	2604.16	2604.16	0.00	0.00	13.63	67108862	0.0190
2821.83	2604.67	0.51	2588.06	16.60	0.00	0.00	2588.06	2588.06	0.00	0.00	1.57	67108862	0.0258
3497.54	3212.11	0.79	3190.47	21.62	0.00	0.00	3190.47	3190.47	0.00	0.00	1.59	67108862	0.0209
3093.33	2895.04	0.76	2880.94	14.09	0.00	0.00	2880.94	2880.94	0.00	0.00	1.42	67108862	0.0232
3009.59	2837.85	18.52	2826.53	11.31	0.00	0.00	2826.53	2826.53	0.00	0.00	1.48	67108862	0.0236
4200.63	3964.21	10.55	3946.79	17.41	0.00	0.00	3946.79	3946.79	0.00	0.00	1.65	67108862	0.0169
3360.53	3121.77	0.79	3109.69	12.06	0.00	0.00	3109.69	3109.69	0.00	0.00	1.63	67108862	0.0215
4982.78	4793.80	0.90	4778.25	15.53	0.00	0.00	4778.25	4778.25	0.00	0.00	1.55	67108862	0.0140
3174.42	2876.28	0.65	2867.48	8.78	0.00	0.00	2867.48	2867.48	0.00	0.00	1.90	67108862	0.0233
3212.83	2934.22	0.76	2919.10	15.10	0.00	0.00	2919.10	2919.10	0.00	0.00	1.57	67108862	0.0229
3730.36	3575.04	1.11	3560.05	14.97	0.00	0.00	3560.05	3560.05	0.00	0.00	1.85	67108862	0.0188
3008.73	2830.95	10.96	2812.39	18.54	0.00	0.00	2812.39	2812.39	0.00	0.00	1.58	67108862	0.0237
3830.79	3602.86	0.79	3598.33	4.51	0.00	0.00	3598.33	3598.33	0.00	0.00	1.58	67108862	0.0186
3091.59	2793.90	0.87	2779.02	14.86	0.00	0.00	2779.02	2779.02	0.00	0.00	1.54	67108862	0.0240
4136.14	3960.98	1.01	3954.88	6.09	0.00	0.00	3954.88	3954.88	0.00	0.00	1.58	67108862	0.0169
3275.79	3060.00	0.86	3046.98	13.00	0.00	0.00	3046.98	3046.98	0.00	0.00	1.51	67108862	0.0219
3828.88	3540.71	1.16	3528.57	12.13	0.00	0.00	3528.57	3528.57	0.00	0.00	1.54	67108862	0.0190
3688.75	3363.32	0.83	3336.79	26.51	0.00	0.00	3336.79	3336.79	0.00	0.00	1.57	67108862	0.0200
3450.10	3146.99	1.00	3132.75	14.22	0.00	0.00	3132.75	3132.75	0.00	0.00	1.59	67108862	0.0213
3606.07	3378.28	8.76	3343.11	35.16	0.00	0.00	3343.11	3343.11	0.00	0.00	1.42	67108862	0.0199
3568.63	3335.21	0.40	3328.87	6.33	0.00	0.00	3328.87	3328.87	0.00	0.00	1.42	67108862	0.0201
4573.78	4361.16	0.86	4357.04	4.11	0.00	0.00	4357.04	4357.04	0.00	0.00	1.44	67108862	0.0154
3048.28	2832.71	0.53	2828.93	3.77	0.00	0.00	2828.93	2828.93	0.00	0.00	1.53	67108862	0.0237
3307.15	3098.10	0.59	3094.09	3.99	0.00	0.00	3094.09	3094.09	0.00	0.00	1.50	67108862	0.0217
3917.14	3710.79	0.61	3707.15	3.63	0.00	0.00	3707.15	3707.15	0.00	0.00	1.43	67108862	0.0181
2893.51	2691.72	0.49	2687.56	4.15	0.00	0.00	2687.56	2687.56	0.00	0.00	1.46	67108862	0.0249
3689.61	3486.78	0.68	3480.96	5.80	0.00	0.00	3480.96	3480.96	0.00	0.00	1.43	67108862	0.0192
3423.86	3214.63	0.53	3211.34	3.28	0.00	0.00	3211.34	3211.34	0.00	0.00	1.44	67108862	0.0209
4057.51	3856.26	0.59	3596.75	259.49	0.00	0.00	3596.75	3596.75	0.00	0.00	1.41	67108862	0.0174
4338.34	4151.77	0.40	3683.60	468.16	0.00	0.00	3683.60	3683.60	0.00	0.00	3.73	67108862	0.0162
4270.57	4079.14	0.65	2742.80	1336.33	0.00	0.00	2742.80	2742.80	0.00	0.00	1.48	67108862	0.0165
4122.59	3918.19	0.86	3889.54	28.64	0.00	0.00	3889.54	3889.54	0.00	0.00	1.47	67108862	0.0171
4818.57	4585.95	0.40	3006.86	1579.08	0.00	0.00	3006.86	3006.86	0.00	0.00	6.96	67108862	0.0146
3977.36	3767.67	0.69	3753.65	14.01	0.00	0.00	3753.65	3753.65	0.00	0.00	2.02	67108862	0.0178
5127.61	4915.76	0.92	3553.17	1362.59	0.00	0.00	3553.17	3553.17	0.00	0.00	1.47	67108862	0.0137
4016.80	3808.78	0.86	3388.06	420.70	0.00	0.00	3388.06	3388.06	0.00	0.00	1.46	67108862	0.0176
5049.82	4848.09	0.65	4435.15	412.93	0.00	0.00	4435.15	4435.15	0.00	0.00	6.95	67108862	0.0138
4036.35	3822.74	0.35	3704.24	118.49	0.00	0.00	3704.24	3704.24	0.00	0.00	1.46	67108862	0.0176
4935.32	4727.41	0.40	3494.71	1232.68	0.00	0.00	3494.71	3494.71	0.00	0.00	6.97	67108862	0.0142
4241.79	4052.55	0.37	2819.88	1232.67	0.00	0.00	2819.88	2819.88	0.00	0.00	1.46	67108862	0.0166
5038.46	4829.21	1.20	3483.19	1346.01	0.00	0.00	3483.19	3483.19	0.00	0.00	6.93	67108862	0.0139
4087.87	3880.35	0.50	3790.32	90.02	0.00	0.00	3790.32	3790.32	0.00	0.00	6.93	67108862	0.0173
5744.49	5518.43	0.41	4879.15	639.27	0.00	0.00	4879.15	4879.15	0.00	0.00	5.96	67108862	0.0122
4596.41	4373.64	0.86	3583.63	790.00	0.00	0.00	3583.63	3583.63	0.00	0.00	6.98	67108862	0.0153
3424.62	3207.83	0.41	2641.21	566.61	0.00	0.00	2641.21	2641.21	0.00	0.00	1.42	67108862	0.0209
4399.65	4219.56	0.41	2644.40	1575.14	0.00	0.00	2644.40	2644.40	0.00	0.00	6.94	67108862	0.0159
4436.17	4254.03	0.39	4228.03	25.99	0.00	0.00	4228.03	4228.03	0.00	0.00	1.41	67108862	0.0158
4951.48	4735.23	0.67	3437.08	1298.13	0.00	0.00	3437.08	3437.08	0.00	0.00	2.07	67108862	0.0142
5133.02	4936.43	0.85	4539.87	396.52	0.00	0.00	4539.87	4539.87	0.00	0.00	1.49	67108862	0.0136
4145.69	3938.57	0.64	3887.60	50.97	0.00	0.00	3887.60	3887.60	0.00	0.00	1.46	67108862	0.0170
3863.58	3653.38	0.85	3215.15	438.21	0.00	0.00	3215.15	3215.15	0.00	0.00	1.45	67108862	0.0184
5074.67	4878.71	0.70	4242.23	636.47	0.00	0.00	4242.23	4242.23	0.00	0.00	7.00	67108862	0.0138
4663.93	4457.41	2.05	3902.06	555.32	0.00	0.00	3902.06	3902.06	0.00	0.00	6.96	67108862	0.0151
4092.13	3877.72	0.93	3830.44	47.27	0.00	0.00	3830.44	3830.44	0.00	0.00	1.46	67108862	0.0173
5042.56	4831.92	0.75	4193.81	638.08	0.00	0.00	4193.81	4193.81	0.00	0.00	1.46	67108862	0.0139
3700.52	3500.38	0.85	3315.81	184.55	0.00	0.00	3315.81	3315.81	0.00	0.00	1.42	67108862	0.0192
3552.18	3374.26	0.68	3009.43	364.81	0.00	0.00	3009.43	3009.43	0.00	0.00	1.43	67108862	0.0199
4421.93	4198.00	0.85	3420.29	777.69	0.00	0.00	3420.29	3420.29	0.00	0.00	7.01	67108862	0.0160
4277.35	4054.02	0.41	3564.72	489.29	0.00	0.00	3564.72	3564.72	0.00	0.00	3.76	67108862	0.0166
4104.83	3894.27	0.85	3392.14	502.13	0.00	0.00	3392.14	3392.14	0.00	0.00	1.42	67108862	0.0172
5116.79	4926.76	0.41	3911.89	1014.83	0.00	0.00	3911.89	3911.89	0.00	0.00	1.49	67108862	0.0136
4014.39	3815.88	0.37	3702.50	113.37	0.00	0.00	3702.50	3702.50	0.00	0.00	1.46	67108862	0.0176
5040.61	4842.89	0.67	4553.38	289.50	0.00	0.00	4553.38	4553.38	0.00	0.00	3.72	67108862	0.0139
5235.59	5010.22	0.69	4074.91	935.31	0.00	0.00	4074.91	4074.91	0.00	0.00	6.94	67108862	0.0134
4684.77	4472.51	0.62	3626.19	846.31	0.00	0.00	3626.19	3626.19	0.00	0.00	6.95	67108862	0.0150
4050.44	3835.80	0.38	3323.08	512.71	0.00	0.00	3323.08	3323.08	0.00	0.00	1.42	67108862	0.0175
4717.46	4521.63	0.34	3839.84	681.78	0.00	0.00	3839.84	3839.84	0.00	0.00	7.00	67108862	0.0148
4072.83	3863.02	0.36	2638.07	1224.93	0.00	0.00	2638.07	2638.07	0.00	0.00	1.46	67108862	0.0174
3773.79	3570.07	0.38	3271.18	298.88	0.00	0.00	3271.18	3271.18	0.00	0.00	1.49	67108862	0.0188
4882.23	4673.44	0.66	4004.13	669.30	0.00	0.00	4004.13	4004.13	0.00	0.00	6.99	67108862	0.0144
4298.03	4080.39	0.40	3504.75	575.64	0.00	0.00	3504.75	3504.75	0.00	0.00	1.44	67108862	0.0164
4918.76	4711.60	0.39	3238.47	1473.12	0.00	0.00	3238.47	3238.47	0.00	0.00	6.94	67108862	0.0142
3593.28	3380.40	1.16	2945.78	434.62	0.00	0.00	2945.78	2945.78	0.00	0.00	1.43	67108862	0.0199
3949.59	3750.11	0.39	2998.75	751.35	0.00	0.00	2998.75	2998.75	0.00	0.00	1.42	67108862	0.0179
SCALE: 21
nvtx: 2097152
edgefactor: 16
terasize: 5.36870911999999989e-04
A: 5.69999999999999951e-01
B: 1.90000000000000002e-01
C: 1.90000000000000002e-01
D: 5.00000000000000444e-02
generation_time: 0.00000000000000000e+00
construction_time: 2.72359739939999983e+01
nbfs: 100
min_time: 2.60518099999427788e+00
firstquartile_time: 3.35435199996829025e+00
median_time: 3.71991050001978873e+00
thirdquartile_time: 4.18718424995243588e+00
max_time: 5.51884600007534054e+00
mean_time: 3.76371920000493487e+00
stddev_time: 6.48056870663939466e-01
min_nedge: 3.35540490000000000e+07
firstquartile_nedge: 3.35540490000000000e+07
median_nedge: 3.35540490000000000e+07
thirdquartile_nedge: 3.35540490000000000e+07
max_nedge: 3.35540490000000000e+07
mean_nedge: 3.35540490000000000e+07
stddev_nedge: 0.00000000000000000e+00
min_TEPS: 6.07990311734408513e+06
firstquartile_TEPS: 8.22294539625529945e+06
median_TEPS: 9.04063227021862194e+06
thirdquartile_TEPS: 1.02628906954205744e+07
max_TEPS: 1.28797381065168604e+07
harmonic_mean_TEPS: 8.91513080995946936e+06
harmonic_stddev_TEPS: 1.54278720134888019e+05
