[BASH] Running the GPU only graph500 for scale 15
file:/dev/null	benchmark:GRAPH500	vertices:32768	edges:1048574	partitioning:RANDOM	platform:GPU	alpha:50	repeat:1	gpu_count:1	thread_count:4	thread_sched:GUIDED	thread_bind:false	gpu_graph_mem:DEVICE	gpu_par_randomized:false	sorted:false	edge_sort_key:id	edge_order:asc	separate_singletons:false	lambda:0	time_init:275.93	time_par:5.60	rmt_vertex:0	rmt_edge:0	beta:0	pid0:100,100,0,0	
total	exec	init	comp	comm	finalize	cpu_comp	gpu_comp	gpu_total_comp	scatter	gather	aggr	trv_edges	exec_rate
135.08	130.42	0.50	116.92	13.49	0.00	0.00	116.92	116.92	0.00	0.00	0.11	1048574	0.0080
81.57	76.97	0.49	51.85	25.10	0.00	0.00	51.85	51.85	0.00	0.00	0.11	1048574	0.0136
49.51	46.39	0.49	40.31	6.07	0.00	0.00	40.31	40.31	0.00	0.00	0.10	1048574	0.0226
65.42	62.27	0.55	48.09	14.17	0.00	0.00	48.09	48.09	0.00	0.00	0.10	1048574	0.0168
74.32	68.85	0.52	42.38	26.47	0.00	0.00	42.38	42.38	0.00	0.00	0.10	1048574	0.0152
75.97	72.42	0.54	61.70	10.71	0.00	0.00	61.70	61.70	0.00	0.00	0.10	1048574	0.0145
65.86	60.47	0.48	44.22	16.24	0.00	0.00	44.22	44.22	0.00	0.00	0.11	1048574	0.0173
56.07	50.60	0.56	49.59	1.00	0.00	0.00	49.59	49.59	0.00	0.00	0.10	1048574	0.0207
51.78	46.26	0.57	42.15	4.10	0.00	0.00	42.15	42.15	0.00	0.00	0.11	1048574	0.0227
58.83	53.38	0.53	47.54	5.83	0.00	0.00	47.54	47.54	0.00	0.00	0.10	1048574	0.0196
55.79	52.63	0.52	48.71	3.91	0.00	0.00	48.71	48.71	0.00	0.00	0.11	1048574	0.0199
84.65	81.42	0.58	52.02	29.39	0.00	0.00	52.02	52.02	0.00	0.00	0.10	1048574	0.0129
57.49	53.89	0.53	45.87	8.00	0.00	0.00	45.87	45.87	0.00	0.00	0.10	1048574	0.0195
82.14	78.97	0.53	55.08	23.88	0.00	0.00	55.08	55.08	0.00	0.00	0.10	1048574	0.0133
52.51	48.88	0.56	47.81	1.06	0.00	0.00	47.81	47.81	0.00	0.00	0.11	1048574	0.0215
64.75	61.15	0.52	56.24	4.90	0.00	0.00	56.24	56.24	0.00	0.00	0.12	1048574	0.0171
54.70	48.62	0.73	42.62	5.99	0.00	0.00	42.62	42.62	0.00	0.00	2.41	1048574	0.0216
52.60	48.39	0.67	44.69	3.69	0.00	0.00	44.69	44.69	0.00	0.00	0.13	1048574	0.0217
54.40	48.65	0.66	47.41	1.23	0.00	0.00	47.41	47.41	0.00	0.00	0.19	1048574	0.0216
71.45	68.03	0.80	52.25	15.77	0.00	0.00	52.25	52.25	0.00	0.00	0.12	1048574	0.0154
46.71	41.15	0.52	40.21	0.93	0.00	0.00	40.21	40.21	0.00	0.00	0.10	1048574	0.0255
68.84	55.31	8.57	54.23	1.07	0.00	0.00	54.23	54.23	0.00	0.00	0.11	1048574	0.0190
52.47	47.10	0.48	42.51	4.57	0.00	0.00	42.51	42.51	0.00	0.00	0.11	1048574	0.0223
61.56	54.20	0.57	53.29	0.89	0.00	0.00	53.29	53.29	0.00	0.00	0.10	1048574	0.0193
62.35	55.02	0.49	44.82	10.19	0.00	0.00	44.82	44.82	0.00	0.00	0.10	1048574	0.0191
60.17	52.90	0.53	51.79	1.09	0.00	0.00	51.79	51.79	0.00	0.00	0.10	1048574	0.0198
61.10	56.51	0.50	42.35	14.14	0.00	0.00	42.35	42.35	0.00	0.00	0.14	1048574	0.0186
54.90	50.27	0.56	44.76	5.51	0.00	0.00	44.76	44.76	0.00	0.00	0.10	1048574	0.0209
65.25	51.49	0.47	40.34	11.14	0.00	0.00	40.34	40.34	0.00	0.00	9.33	1048574	0.0204
55.45	51.94	0.85	48.42	3.52	0.00	0.00	48.42	48.42	0.00	0.00	0.10	1048574	0.0202
53.22	50.05	0.55	42.87	7.16	0.00	0.00	42.87	42.87	0.00	0.00	0.10	1048574	0.0210
61.52	58.27	0.51	43.56	14.70	0.00	0.00	43.56	43.56	0.00	0.00	0.12	1048574	0.0180
57.31	53.91	0.76	42.27	11.63	0.00	0.00	42.27	42.27	0.00	0.00	0.10	1048574	0.0195
56.63	53.42	0.56	43.00	10.42	0.00	0.00	43.00	43.00	0.00	0.00	0.10	1048574	0.0196
65.94	60.37	0.59	48.23	12.14	0.00	0.00	48.23	48.23	0.00	0.00	0.12	1048574	0.0174
69.75	64.27	0.50	49.59	14.68	0.00	0.00	49.59	49.59	0.00	0.00	0.10	1048574	0.0163
94.78	89.26	0.58	80.47	8.78	0.00	0.00	80.47	80.47	0.00	0.00	0.10	1048574	0.0117
62.02	58.39	0.52	48.26	10.11	0.00	0.00	48.26	48.26	0.00	0.00	0.13	1048574	0.0180
73.39	63.49	0.60	60.62	2.87	0.00	0.00	60.62	60.62	0.00	0.00	6.38	1048574	0.0165
55.73	52.39	0.67	41.34	11.04	0.00	0.00	41.34	41.34	0.00	0.00	0.11	1048574	0.0200
61.75	58.18	0.51	50.14	8.03	0.00	0.00	50.14	50.14	0.00	0.00	0.10	1048574	0.0180
49.97	46.40	0.52	45.61	0.78	0.00	0.00	45.61	45.61	0.00	0.00	0.10	1048574	0.0226
49.57	45.91	0.60	42.86	3.04	0.00	0.00	42.86	42.86	0.00	0.00	0.10	1048574	0.0228
57.08	53.47	0.55	46.16	7.30	0.00	0.00	46.16	46.16	0.00	0.00	0.10	1048574	0.0196
62.12	60.22	0.54	46.76	13.45	0.00	0.00	46.76	46.76	0.00	0.00	0.10	1048574	0.0174
49.66	46.58	0.50	44.42	2.15	0.00	0.00	44.42	44.42	0.00	0.00	0.19	1048574	0.0225
51.11	47.49	0.54	39.72	7.76	0.00	0.00	39.72	39.72	0.00	0.00	0.10	1048574	0.0221
63.07	57.59	0.54	46.50	11.08	0.00	0.00	46.50	46.50	0.00	0.00	0.11	1048574	0.0182
52.42	46.90	0.58	46.08	0.82	0.00	0.00	46.08	46.08	0.00	0.00	0.10	1048574	0.0224
57.95	52.22	0.76	48.14	4.07	0.00	0.00	48.14	48.14	0.00	0.00	0.11	1048574	0.0201
49.26	43.78	0.53	42.85	0.92	0.00	0.00	42.85	42.85	0.00	0.00	0.11	1048574	0.0240
48.39	42.93	0.54	42.05	0.87	0.00	0.00	42.05	42.05	0.00	0.00	0.10	1048574	0.0244
69.06	65.86	0.49	44.83	21.02	0.00	0.00	44.83	44.83	0.00	0.00	0.12	1048574	0.0159
66.84	63.57	0.60	48.53	15.03	0.00	0.00	48.53	48.53	0.00	0.00	0.10	1048574	0.0165
71.98	68.83	0.53	54.50	14.31	0.00	0.00	54.50	54.50	0.00	0.00	0.10	1048574	0.0152
56.82	53.62	0.54	43.19	10.42	0.00	0.00	43.19	43.19	0.00	0.00	0.10	1048574	0.0196
62.59	59.43	0.53	48.95	10.47	0.00	0.00	48.95	48.95	0.00	0.00	0.10	1048574	0.0176
52.31	49.12	0.53	40.06	9.04	0.00	0.00	40.06	40.06	0.00	0.00	0.10	1048574	0.0213
70.60	60.76	0.55	48.46	12.29	0.00	0.00	48.46	48.46	0.00	0.00	6.75	1048574	0.0173
48.61	44.20	0.59	42.84	1.35	0.00	0.00	42.84	42.84	0.00	0.00	0.13	1048574	0.0237
71.31	63.73	1.12	62.26	1.46	0.00	0.00	62.26	62.26	0.00	0.00	1.50	1048574	0.0165
70.80	55.12	0.68	41.69	13.42	0.00	0.00	41.69	41.69	0.00	0.00	4.00	1048574	0.0190
58.59	55.35	0.59	44.70	10.63	0.00	0.00	44.70	44.70	0.00	0.00	0.12	1048574	0.0189
55.18	51.27	0.51	42.96	8.30	0.00	0.00	42.96	42.96	0.00	0.00	0.09	1048574	0.0205
48.59	44.70	0.48	43.97	0.72	0.00	0.00	43.97	43.97	0.00	0.00	0.09	1048574	0.0235
63.70	59.97	0.40	52.78	7.18	0.00	0.00	52.78	52.78	0.00	0.00	0.09	1048574	0.0175
50.60	47.06	0.41	45.81	1.24	0.00	0.00	45.81	45.81	0.00	0.00	0.13	1048574	0.0223
47.97	44.22	0.65	42.90	1.31	0.00	0.00	42.90	42.90	0.00	0.00	0.15	1048574	0.0237
60.00	56.08	0.59	47.03	9.04	0.00	0.00	47.03	47.03	0.00	0.00	0.14	1048574	0.0187
56.58	53.04	0.66	48.59	4.43	0.00	0.00	48.59	48.59	0.00	0.00	0.14	1048574	0.0198
68.75	64.78	0.64	46.22	18.54	0.00	0.00	46.22	46.22	0.00	0.00	0.14	1048574	0.0162
87.17	83.19	0.66	57.64	25.54	0.00	0.00	57.64	57.64	0.00	0.00	0.14	1048574	0.0126
71.83	67.83	0.69	52.87	14.95	0.00	0.00	52.87	52.87	0.00	0.00	0.14	1048574	0.0155
68.17	63.87	0.99	49.92	13.94	0.00	0.00	49.92	49.92	0.00	0.00	0.13	1048574	0.0164
65.05	60.98	0.72	46.18	14.79	0.00	0.00	46.18	46.18	0.00	0.00	0.13	1048574	0.0172
78.86	74.87	0.67	57.27	17.59	0.00	0.00	57.27	57.27	0.00	0.00	0.13	1048574	0.0140
68.64	64.60	0.72	42.26	22.32	0.00	0.00	42.26	42.26	0.00	0.00	0.14	1048574	0.0162
71.83	69.83	0.71	60.98	8.84	0.00	0.00	60.98	60.98	0.00	0.00	0.14	1048574	0.0150
84.07	80.06	0.70	67.79	12.26	0.00	0.00	67.79	67.79	0.00	0.00	0.14	1048574	0.0131
60.03	56.02	0.68	45.16	10.85	0.00	0.00	45.16	45.16	0.00	0.00	0.13	1048574	0.0187
47.47	43.06	0.64	41.84	1.21	0.00	0.00	41.84	41.84	0.00	0.00	0.16	1048574	0.0244
69.17	63.17	0.67	44.38	18.77	0.00	0.00	44.38	44.38	0.00	0.00	0.13	1048574	0.0166
64.56	60.95	0.72	48.36	12.57	0.00	0.00	48.36	48.36	0.00	0.00	0.14	1048574	0.0172
71.50	60.75	0.67	54.19	6.55	0.00	0.00	54.19	54.19	0.00	0.00	0.14	1048574	0.0173
53.55	49.94	0.69	43.87	6.05	0.00	0.00	43.87	43.87	0.00	0.00	0.14	1048574	0.0210
61.96	58.38	0.66	44.67	13.70	0.00	0.00	44.67	44.67	0.00	0.00	0.14	1048574	0.0180
51.35	47.76	0.68	46.65	1.10	0.00	0.00	46.65	46.65	0.00	0.00	0.15	1048574	0.0220
55.14	51.12	0.68	44.13	6.97	0.00	0.00	44.13	44.13	0.00	0.00	0.14	1048574	0.0205
65.08	61.14	0.65	56.44	4.69	0.00	0.00	56.44	56.44	0.00	0.00	0.14	1048574	0.0172
57.86	53.05	1.01	43.44	9.60	0.00	0.00	43.44	43.44	0.00	0.00	0.14	1048574	0.0198
56.34	49.39	0.69	48.29	1.08	0.00	0.00	48.29	48.29	0.00	0.00	0.16	1048574	0.0212
59.36	53.85	0.95	46.03	7.80	0.00	0.00	46.03	46.03	0.00	0.00	0.14	1048574	0.0195
57.79	51.42	0.66	44.64	6.76	0.00	0.00	44.64	44.64	0.00	0.00	0.18	1048574	0.0204
74.15	66.49	1.90	47.26	19.21	0.00	0.00	47.26	47.26	0.00	0.00	0.18	1048574	0.0158
74.51	67.72	0.98	51.86	15.84	0.00	0.00	51.86	51.86	0.00	0.00	0.17	1048574	0.0155
99.41	95.05	0.95	74.84	20.19	0.00	0.00	74.84	74.84	0.00	0.00	0.13	1048574	0.0110
69.27	65.36	0.66	50.02	15.32	0.00	0.00	50.02	50.02	0.00	0.00	0.14	1048574	0.0160
63.36	59.38	0.68	42.04	17.33	0.00	0.00	42.04	42.04	0.00	0.00	0.13	1048574	0.0177
77.04	73.14	0.64	54.90	18.23	0.00	0.00	54.90	54.90	0.00	0.00	0.14	1048574	0.0143
63.18	59.69	0.62	50.03	9.64	0.00	0.00	50.03	50.03	0.00	0.00	0.14	1048574	0.0176
SCALE: 15
nvtx: 32768
edgefactor: 16
terasize: 8.38860799999999983e-06
A: 5.69999999999999951e-01
B: 1.90000000000000002e-01
C: 1.90000000000000002e-01
D: 5.00000000000000444e-02
generation_time: 0.00000000000000000e+00
construction_time: 4.33410416000000021e-01
nbfs: 100
min_time: 4.16730000376701326e-02
firstquartile_time: 5.09147499650716776e-02
median_time: 5.68589999973773963e-02
thirdquartile_time: 6.48270000219345055e-02
max_time: 1.30910000026226048e-01
mean_time: 5.92366900014877004e-02
stddev_time: 1.27699762879517256e-02
min_nedge: 5.24282000000000000e+05
firstquartile_nedge: 5.24282000000000000e+05
median_nedge: 5.24282000000000000e+05
thirdquartile_nedge: 5.24282000000000000e+05
max_nedge: 5.24282000000000000e+05
mean_nedge: 5.24282000000000000e+05
stddev_nedge: 0.00000000000000000e+00
min_TEPS: 4.00490413180786185e+06
firstquartile_TEPS: 8.17265779672630876e+06
median_TEPS: 9.31169889869011194e+06
thirdquartile_TEPS: 1.03601786059560589e+07
max_TEPS: 1.25808556985596791e+07
harmonic_mean_TEPS: 8.85062956736496650e+06
harmonic_stddev_TEPS: 1.91759052241238154e+05
