[BASH] Running the GPU only graph500 for scale 20
file:/dev/null	benchmark:GRAPH500	vertices:1048576	edges:33554430	partitioning:RANDOM	platform:GPU	alpha:50	repeat:1	gpu_count:1	thread_count:4	thread_sched:GUIDED	thread_bind:false	gpu_graph_mem:DEVICE	gpu_par_randomized:false	sorted:false	edge_sort_key:id	edge_order:asc	separate_singletons:false	lambda:0	time_init:3001.56	time_par:111.57	rmt_vertex:0	rmt_edge:0	beta:0	pid0:100,100,0,0	
total	exec	init	comp	comm	finalize	cpu_comp	gpu_comp	gpu_total_comp	scatter	gather	aggr	trv_edges	exec_rate
1946.45	1830.77	0.89	1804.02	26.74	0.00	0.00	1804.02	1804.02	0.00	0.00	0.86	33554430	0.0183
1939.49	1858.77	0.89	1837.26	21.49	0.00	0.00	1837.26	1837.26	0.00	0.00	0.85	33554430	0.0181
1455.71	1377.87	0.88	1375.02	2.84	0.00	0.00	1375.02	1375.02	0.00	0.00	0.91	33554430	0.0244
1477.09	1406.61	1.09	1397.17	9.42	0.00	0.00	1397.17	1397.17	0.00	0.00	0.88	33554430	0.0239
1435.16	1357.70	0.88	1350.32	7.36	0.00	0.00	1350.32	1350.32	0.00	0.00	0.93	33554430	0.0247
1481.73	1381.35	1.08	1376.70	4.64	0.00	0.00	1376.70	1376.70	0.00	0.00	6.72	33554430	0.0243
1651.99	1561.55	1.08	1557.99	3.55	0.00	0.00	1557.99	1557.99	0.00	0.00	0.86	33554430	0.0215
1471.39	1395.68	0.86	1385.30	10.36	0.00	0.00	1385.30	1385.30	0.00	0.00	0.86	33554430	0.0240
1753.06	1677.06	0.95	1660.65	16.39	0.00	0.00	1660.65	1660.65	0.00	0.00	0.86	33554430	0.0200
1433.98	1357.98	0.92	1340.40	17.56	0.00	0.00	1340.40	1340.40	0.00	0.00	0.87	33554430	0.0247
1556.11	1437.10	0.96	1424.24	12.85	0.00	0.00	1424.24	1424.24	0.00	0.00	0.95	33554430	0.0233
1920.87	1829.83	1.12	1818.97	10.85	0.00	0.00	1818.97	1818.97	0.00	0.00	0.86	33554430	0.0183
1401.91	1313.48	0.90	1299.63	13.83	0.00	0.00	1299.63	1299.63	0.00	0.00	0.88	33554430	0.0255
1680.89	1590.63	0.89	1570.64	19.97	0.00	0.00	1570.64	1570.64	0.00	0.00	0.95	33554430	0.0211
1428.78	1347.68	4.39	1338.59	9.07	0.00	0.00	1338.59	1338.59	0.00	0.00	0.93	33554430	0.0249
1499.58	1392.26	2.04	1390.15	2.09	0.00	0.00	1390.15	1390.15	0.00	0.00	0.87	33554430	0.0241
1478.45	1402.40	0.88	1385.18	17.20	0.00	0.00	1385.18	1385.18	0.00	0.00	0.87	33554430	0.0239
1489.13	1392.55	6.03	1375.81	16.72	0.00	0.00	1375.81	1375.81	0.00	0.00	0.87	33554430	0.0241
1471.08	1400.33	0.86	1389.01	11.30	0.00	0.00	1389.01	1389.01	0.00	0.00	0.79	33554430	0.0240
1415.08	1338.27	0.47	1335.32	2.93	0.00	0.00	1335.32	1335.32	0.00	0.00	0.95	33554430	0.0251
1413.51	1335.81	1.10	1332.71	3.08	0.00	0.00	1332.71	1332.71	0.00	0.00	0.95	33554430	0.0251
1494.05	1380.55	1.08	1377.69	2.84	0.00	0.00	1377.69	1377.69	0.00	0.00	0.86	33554430	0.0243
1469.11	1387.42	0.85	1354.55	32.85	0.00	0.00	1354.55	1354.55	0.00	0.00	0.86	33554430	0.0242
2164.91	2074.27	0.87	2056.62	17.63	0.00	0.00	2056.62	2056.62	0.00	0.00	0.88	33554430	0.0162
1515.02	1433.83	0.90	1425.46	8.35	0.00	0.00	1425.46	1425.46	0.00	0.00	0.85	33554430	0.0234
1532.97	1453.72	0.90	1442.23	11.48	0.00	0.00	1442.23	1442.23	0.00	0.00	0.98	33554430	0.0231
1687.23	1611.57	0.88	1587.37	24.19	0.00	0.00	1587.37	1587.37	0.00	0.00	0.87	33554430	0.0208
1540.52	1465.18	0.80	1461.63	3.54	0.00	0.00	1461.63	1461.63	0.00	0.00	0.86	33554430	0.0229
1469.90	1397.09	10.46	1388.27	8.81	0.00	0.00	1388.27	1388.27	0.00	0.00	0.88	33554430	0.0240
1675.51	1562.99	1.42	1547.05	15.90	0.00	0.00	1547.05	1547.05	0.00	0.00	0.87	33554430	0.0215
1374.44	1283.90	0.90	1277.21	6.67	0.00	0.00	1277.21	1277.21	0.00	0.00	0.86	33554430	0.0261
1339.90	1263.73	0.90	1251.79	11.92	0.00	0.00	1251.79	1251.79	0.00	0.00	0.86	33554430	0.0266
1463.49	1355.92	0.88	1344.87	11.03	0.00	0.00	1344.87	1344.87	0.00	0.00	0.86	33554430	0.0247
1554.09	1491.77	0.83	1483.90	7.85	0.00	0.00	1483.90	1483.90	0.00	0.00	0.80	33554430	0.0225
1415.67	1325.44	0.61	1314.99	10.44	0.00	0.00	1314.99	1314.99	0.00	0.00	0.88	33554430	0.0253
1846.57	1782.47	0.95	1759.30	23.15	0.00	0.00	1759.30	1759.30	0.00	0.00	0.80	33554430	0.0188
1442.26	1351.42	0.91	1333.05	18.36	0.00	0.00	1333.05	1333.05	0.00	0.00	0.87	33554430	0.0248
1483.74	1418.86	0.88	1416.57	2.27	0.00	0.00	1416.57	1416.57	0.00	0.00	0.86	33554430	0.0236
1657.37	1562.96	0.93	1538.93	24.02	0.00	0.00	1538.93	1538.93	0.00	0.00	0.87	33554430	0.0215
1460.45	1395.98	0.90	1393.74	2.22	0.00	0.00	1393.74	1393.74	0.00	0.00	0.86	33554430	0.0240
1402.00	1312.68	1.02	1310.54	2.12	0.00	0.00	1310.54	1310.54	0.00	0.00	7.23	33554430	0.0256
1484.66	1379.40	0.85	1377.17	2.21	0.00	0.00	1377.17	1377.17	0.00	0.00	5.00	33554430	0.0243
1362.14	1271.68	0.87	1251.08	20.58	0.00	0.00	1251.08	1251.08	0.00	0.00	0.87	33554430	0.0264
1738.81	1633.52	0.86	1608.43	25.06	0.00	0.00	1608.43	1608.43	0.00	0.00	0.86	33554430	0.0205
1335.41	1259.66	0.94	1248.56	11.08	0.00	0.00	1248.56	1248.56	0.00	0.00	0.86	33554430	0.0266
1432.81	1357.04	0.82	1343.37	13.65	0.00	0.00	1343.37	1343.37	0.00	0.00	0.86	33554430	0.0247
1473.67	1375.44	0.89	1367.37	8.05	0.00	0.00	1367.37	1367.37	0.00	0.00	0.78	33554430	0.0244
1537.86	1442.85	3.13	1434.35	8.48	0.00	0.00	1434.35	1434.35	0.00	0.00	0.86	33554430	0.0233
1850.54	1711.52	8.34	1705.71	5.79	0.00	0.00	1705.71	1705.71	0.00	0.00	0.86	33554430	0.0196
1564.78	1457.99	17.92	1435.60	22.37	0.00	0.00	1435.60	1435.60	0.00	0.00	0.86	33554430	0.0230
1371.56	1294.56	1.06	1290.79	3.75	0.00	0.00	1290.79	1290.79	0.00	0.00	0.94	33554430	0.0259
1507.52	1383.13	13.07	1374.92	8.19	0.00	0.00	1374.92	1374.92	0.00	0.00	0.86	33554430	0.0243
1597.18	1498.65	0.91	1476.56	22.08	0.00	0.00	1476.56	1476.56	0.00	0.00	0.93	33554430	0.0224
2002.52	1926.46	1.10	1914.78	11.65	0.00	0.00	1914.78	1914.78	0.00	0.00	0.86	33554430	0.0174
1446.19	1370.33	0.88	1362.68	7.64	0.00	0.00	1362.68	1362.68	0.00	0.00	0.86	33554430	0.0245
1477.20	1401.40	0.87	1381.92	19.45	0.00	0.00	1381.92	1381.92	0.00	0.00	0.86	33554430	0.0239
1491.02	1383.46	0.89	1379.04	4.41	0.00	0.00	1379.04	1379.04	0.00	0.00	0.87	33554430	0.0243
1429.96	1331.78	0.94	1313.56	18.21	0.00	0.00	1313.56	1313.56	0.00	0.00	0.87	33554430	0.0252
1355.63	1299.81	0.91	1283.05	16.74	0.00	0.00	1283.05	1283.05	0.00	0.00	0.75	33554430	0.0258
1402.23	1315.60	0.66	1294.16	21.42	0.00	0.00	1294.16	1294.16	0.00	0.00	7.26	33554430	0.0255
1464.52	1388.33	0.88	1380.51	7.80	0.00	0.00	1380.51	1380.51	0.00	0.00	0.84	33554430	0.0242
1471.94	1396.13	0.93	1393.96	2.15	0.00	0.00	1393.96	1393.96	0.00	0.00	0.87	33554430	0.0240
1639.90	1555.91	0.86	1543.73	12.16	0.00	0.00	1543.73	1543.73	0.00	0.00	0.93	33554430	0.0216
1417.18	1346.03	1.09	1338.25	7.76	0.00	0.00	1338.25	1338.25	0.00	0.00	7.06	33554430	0.0249
1453.04	1367.60	10.60	1365.22	2.36	0.00	0.00	1365.22	1365.22	0.00	0.00	0.86	33554430	0.0245
1499.88	1409.04	0.89	1402.21	6.81	0.00	0.00	1402.21	1402.21	0.00	0.00	0.86	33554430	0.0238
1935.86	1854.98	0.87	1843.12	11.84	0.00	0.00	1843.12	1843.12	0.00	0.00	0.86	33554430	0.0181
1352.63	1270.87	0.87	1268.35	2.50	0.01	0.00	1268.35	1268.35	0.00	0.00	0.75	33554430	0.0264
1588.95	1509.61	0.39	1501.87	7.73	0.00	0.00	1501.87	1501.87	0.00	0.00	0.79	33554430	0.0222
1343.01	1270.31	1.11	1260.02	10.28	0.00	0.00	1260.02	1260.02	0.00	0.00	0.74	33554430	0.0264
1312.63	1242.96	0.38	1238.87	4.08	0.00	0.00	1238.87	1238.87	0.00	0.00	0.74	33554430	0.0270
1329.12	1253.93	0.36	1237.33	16.59	0.00	0.00	1237.33	1237.33	0.00	0.00	0.72	33554430	0.0268
1323.32	1253.12	0.46	1252.16	0.96	0.00	0.00	1252.16	1252.16	0.00	0.00	0.74	33554430	0.0268
1337.26	1260.22	0.37	1230.76	29.43	0.00	0.00	1230.76	1230.76	0.00	0.00	0.85	33554430	0.0266
1320.94	1244.76	0.44	1235.12	9.64	0.00	0.00	1235.12	1235.12	0.00	0.00	0.74	33554430	0.0270
1504.90	1435.01	0.40	1430.37	4.64	0.00	0.00	1430.37	1430.37	0.00	0.00	0.74	33554430	0.0234
1459.32	1389.53	0.38	1387.96	1.56	0.00	0.00	1387.96	1387.96	0.00	0.00	0.73	33554430	0.0241
1416.31	1348.39	0.34	1332.12	16.27	0.00	0.00	1332.12	1332.12	0.00	0.00	0.75	33554430	0.0249
1372.83	1293.39	0.38	1275.22	18.16	0.00	0.00	1275.22	1275.22	0.00	0.00	0.82	33554430	0.0259
1333.12	1264.30	0.76	1263.06	1.23	0.00	0.00	1263.06	1263.06	0.00	0.00	0.72	33554430	0.0265
1360.11	1283.02	0.37	1271.67	11.34	0.00	0.00	1271.67	1271.67	0.00	0.00	0.79	33554430	0.0262
1334.86	1260.61	0.37	1251.72	8.88	0.00	0.00	1251.72	1251.72	0.00	0.00	0.73	33554430	0.0266
1330.74	1262.56	0.51	1244.07	18.48	0.00	0.00	1244.07	1244.07	0.00	0.00	0.75	33554430	0.0266
1396.77	1318.91	0.35	1299.96	18.94	0.00	0.00	1299.96	1299.96	0.00	0.00	0.74	33554430	0.0254
1414.39	1338.62	0.42	1329.50	9.11	0.00	0.00	1329.50	1329.50	0.00	0.00	0.74	33554430	0.0251
1381.91	1310.95	0.35	1297.96	12.98	0.00	0.00	1297.96	1297.96	0.00	0.00	0.75	33554430	0.0256
1400.01	1316.47	0.35	1304.96	11.50	0.00	0.00	1304.96	1304.96	0.00	0.00	0.75	33554430	0.0255
1309.38	1240.16	0.39	1230.78	9.38	0.00	0.00	1230.78	1230.78	0.00	0.00	0.73	33554430	0.0271
1424.68	1354.17	0.65	1351.61	2.55	0.00	0.00	1351.61	1351.61	0.00	0.00	0.74	33554430	0.0248
1384.72	1308.92	0.37	1303.68	5.23	0.00	0.00	1303.68	1303.68	0.00	0.00	0.74	33554430	0.0256
1349.05	1272.91	0.61	1271.11	1.79	0.00	0.00	1271.11	1271.11	0.00	0.00	0.74	33554430	0.0264
1416.99	1347.16	0.38	1340.16	6.99	0.00	0.00	1340.16	1340.16	0.00	0.00	0.73	33554430	0.0249
1364.41	1295.18	0.34	1286.11	9.07	0.00	0.00	1286.11	1286.11	0.00	0.00	0.74	33554430	0.0259
1336.29	1260.42	0.37	1243.60	16.82	0.00	0.00	1243.60	1243.60	0.00	0.00	0.79	33554430	0.0266
1346.15	1277.76	0.36	1262.94	14.81	0.00	0.00	1262.94	1262.94	0.00	0.00	0.74	33554430	0.0263
1352.08	1284.88	0.45	1275.77	9.10	0.00	0.00	1275.77	1275.77	0.00	0.00	0.75	33554430	0.0261
1448.01	1348.82	0.52	1345.31	3.50	0.00	0.00	1345.31	1345.31	0.00	0.00	0.75	33554430	0.0249
1492.75	1423.38	0.63	1419.78	3.57	0.00	0.00	1419.78	1419.78	0.00	0.00	0.86	33554430	0.0236
1655.89	1570.83	0.45	1533.95	36.87	0.00	0.00	1533.95	1533.95	0.00	0.00	0.80	33554430	0.0214
1490.70	1411.03	0.69	1406.06	4.96	0.00	0.00	1406.06	1406.06	0.00	0.00	0.83	33554430	0.0238
SCALE: 20
nvtx: 1048576
edgefactor: 16
terasize: 2.68435455999999995e-04
A: 5.69999999999999951e-01
B: 1.90000000000000002e-01
C: 1.90000000000000002e-01
D: 5.00000000000000444e-02
generation_time: 0.00000000000000000e+00
construction_time: 1.29427903299999993e+01
nbfs: 100
min_time: 1.24055400002002725e+00
firstquartile_time: 1.31190499997138987e+00
median_time: 1.37950550001859673e+00
thirdquartile_time: 1.44400075000524519e+00
max_time: 2.07513899993896489e+00
mean_time: 1.41377553999662431e+00
stddev_time: 1.64182966560489307e-01
min_nedge: 1.67770120000000000e+07
firstquartile_nedge: 1.67770120000000000e+07
median_nedge: 1.67770120000000000e+07
thirdquartile_nedge: 1.67770120000000000e+07
max_nedge: 1.67770120000000000e+07
mean_nedge: 1.67770120000000000e+07
stddev_nedge: 0.00000000000000000e+00
min_TEPS: 8.08476540631420538e+06
firstquartile_TEPS: 1.16893308331250437e+07
median_TEPS: 1.21814160649820380e+07
thirdquartile_TEPS: 1.28771585955985039e+07
max_TEPS: 1.35238062992253099e+07
harmonic_mean_TEPS: 1.18668144449861310e+07
harmonic_stddev_TEPS: 1.38504597395986988e+05
