[BASH] Running the GPU only graph500 for scale 14
file:/dev/null	benchmark:GRAPH500	vertices:16384	edges:524286	partitioning:RANDOM	platform:GPU	alpha:50	repeat:1	gpu_count:1	thread_count:4	thread_sched:GUIDED	thread_bind:false	gpu_graph_mem:DEVICE	gpu_par_randomized:false	sorted:false	edge_sort_key:id	edge_order:asc	separate_singletons:false	lambda:0	time_init:388.61	time_par:5.48	rmt_vertex:0	rmt_edge:0	beta:0	pid0:100,100,0,0	
total	exec	init	comp	comm	finalize	cpu_comp	gpu_comp	gpu_total_comp	scatter	gather	aggr	trv_edges	exec_rate
119.15	114.70	0.70	111.52	3.17	0.00	0.00	111.52	111.52	0.00	0.00	0.12	524286	0.0046
57.18	52.73	0.64	51.52	1.20	0.00	0.00	51.52	51.52	0.00	0.00	0.12	524286	0.0099
71.01	66.66	0.67	64.95	1.70	0.00	0.00	64.95	64.95	0.00	0.00	0.12	524286	0.0079
42.39	37.97	0.68	36.89	1.07	0.00	0.00	36.89	36.89	0.00	0.00	0.12	524286	0.0138
32.24	27.57	0.96	26.41	1.15	0.00	0.00	26.41	26.41	0.00	0.00	0.13	524286	0.0190
31.95	27.62	0.66	26.00	1.61	0.00	0.00	26.00	26.00	0.00	0.00	0.12	524286	0.0190
39.94	35.47	0.65	34.22	1.24	0.00	0.00	34.22	34.22	0.00	0.00	0.12	524286	0.0148
36.44	31.79	0.97	30.66	1.12	0.00	0.00	30.66	30.66	0.00	0.00	0.11	524286	0.0165
37.11	34.26	0.63	32.83	1.41	0.00	0.00	32.83	32.83	0.00	0.00	0.11	524286	0.0153
26.74	24.44	0.54	23.37	1.06	0.00	0.00	23.37	23.37	0.00	0.00	0.10	524286	0.0215
27.09	24.82	0.51	23.28	1.53	0.00	0.00	23.28	23.28	0.00	0.00	0.10	524286	0.0211
33.26	30.73	0.71	29.62	1.10	0.00	0.00	29.62	29.62	0.00	0.00	0.10	524286	0.0171
30.96	28.63	0.55	27.37	1.25	0.00	0.00	27.37	27.37	0.00	0.00	0.11	524286	0.0183
35.24	32.82	0.59	31.56	1.26	0.00	0.00	31.56	31.56	0.00	0.00	0.11	524286	0.0160
29.91	27.54	0.54	26.54	0.98	0.00	0.00	26.54	26.54	0.00	0.00	0.10	524286	0.0190
29.04	26.74	0.55	25.79	0.94	0.00	0.00	25.79	25.79	0.00	0.00	0.10	524286	0.0196
26.75	24.42	0.57	23.50	0.92	0.00	0.00	23.50	23.50	0.00	0.00	0.10	524286	0.0215
31.40	29.03	0.54	27.71	1.31	0.00	0.00	27.71	27.71	0.00	0.00	0.11	524286	0.0181
26.56	24.23	0.56	23.13	1.02	0.00	0.00	23.13	23.13	0.00	0.00	0.10	524286	0.0216
31.94	29.51	0.59	28.25	1.24	0.00	0.00	28.25	28.25	0.00	0.00	0.11	524286	0.0178
27.56	25.22	0.56	24.27	0.94	0.00	0.00	24.27	24.27	0.00	0.00	0.10	524286	0.0208
32.05	29.63	0.57	28.37	1.24	0.00	0.00	28.37	28.37	0.00	0.00	0.10	524286	0.0177
26.05	23.26	0.52	22.33	0.92	0.00	0.00	22.33	22.33	0.00	0.00	0.10	524286	0.0225
30.63	28.29	0.52	27.02	1.27	0.00	0.00	27.02	27.02	0.00	0.00	0.10	524286	0.0185
31.61	29.32	0.54	28.39	0.92	0.00	0.00	28.39	28.39	0.00	0.00	0.11	524286	0.0179
28.39	26.17	0.53	25.05	1.11	0.00	0.00	25.05	25.05	0.00	0.00	0.08	524286	0.0200
25.62	23.07	0.44	22.25	0.81	0.00	0.00	22.25	22.25	0.00	0.00	0.08	524286	0.0227
27.12	24.39	0.67	23.64	0.74	0.00	0.00	23.64	23.64	0.00	0.00	0.08	524286	0.0215
27.67	25.13	0.45	24.19	0.93	0.00	0.00	24.19	24.19	0.00	0.00	0.09	524286	0.0209
24.44	22.34	0.43	21.60	0.73	0.00	0.00	21.60	21.60	0.00	0.00	0.08	524286	0.0235
39.78	37.76	0.47	21.93	15.82	0.00	0.00	21.93	21.93	0.00	0.00	0.07	524286	0.0139
37.87	35.91	0.40	24.52	11.37	0.00	0.00	24.52	24.52	0.00	0.00	0.08	524286	0.0146
29.50	27.52	0.43	22.15	5.36	0.00	0.00	22.15	22.15	0.00	0.00	0.07	524286	0.0190
41.57	39.64	0.39	25.87	13.77	0.00	0.00	25.87	25.87	0.00	0.00	0.07	524286	0.0132
38.97	36.64	0.38	25.62	11.01	0.00	0.00	25.62	25.62	0.00	0.00	0.07	524286	0.0143
37.22	27.34	7.92	24.70	2.63	0.00	0.00	24.70	24.70	0.00	0.00	0.07	524286	0.0192
38.16	35.80	0.41	26.60	9.19	0.00	0.00	26.60	26.60	0.00	0.00	0.08	524286	0.0146
38.77	36.34	0.47	34.13	2.20	0.00	0.00	34.13	34.13	0.00	0.00	0.07	524286	0.0144
37.43	35.45	0.43	25.73	9.72	0.00	0.00	25.73	25.73	0.00	0.00	0.07	524286	0.0148
29.62	27.24	0.41	22.24	5.00	0.00	0.00	22.24	22.24	0.00	0.00	0.08	524286	0.0192
42.29	38.60	0.40	25.10	13.49	0.00	0.00	25.10	25.10	0.00	0.00	0.07	524286	0.0136
30.73	27.02	0.40	24.48	2.54	0.00	0.00	24.48	24.48	0.00	0.00	0.07	524286	0.0194
34.84	31.01	0.43	25.65	5.35	0.00	0.00	25.65	25.65	0.00	0.00	0.07	524286	0.0169
35.64	31.88	0.44	26.55	5.32	0.00	0.00	26.55	26.55	0.00	0.00	0.08	524286	0.0164
46.86	43.11	0.44	28.82	14.27	0.00	0.00	28.82	28.82	0.00	0.00	0.08	524286	0.0122
40.63	35.25	0.71	27.16	8.08	0.00	0.00	27.16	27.16	0.00	0.00	0.08	524286	0.0149
34.11	30.36	0.46	26.36	3.99	0.00	0.00	26.36	26.36	0.00	0.00	0.08	524286	0.0173
42.35	34.34	0.51	33.50	0.84	0.00	0.00	33.50	33.50	0.00	0.00	4.27	524286	0.0153
27.48	22.40	0.43	21.70	0.70	0.00	0.00	21.70	21.70	0.00	0.00	0.07	524286	0.0234
30.48	25.89	0.37	24.16	1.72	0.00	0.00	24.16	24.16	0.00	0.00	0.07	524286	0.0203
35.92	32.23	0.36	24.17	8.05	0.00	0.00	24.17	24.17	0.00	0.00	0.07	524286	0.0163
32.83	29.12	0.40	28.25	0.87	0.00	0.00	28.25	28.25	0.00	0.00	0.08	524286	0.0180
42.66	38.99	0.36	28.55	10.43	0.00	0.00	28.55	28.55	0.00	0.00	0.07	524286	0.0134
29.59	25.74	0.40	21.24	4.49	0.00	0.00	21.24	21.24	0.00	0.00	0.10	524286	0.0204
35.64	31.90	0.44	23.43	8.46	0.00	0.00	23.43	23.43	0.00	0.00	0.07	524286	0.0164
30.33	26.57	0.45	25.85	0.72	0.00	0.00	25.85	25.85	0.00	0.00	0.07	524286	0.0197
42.00	38.26	0.43	37.61	0.64	0.00	0.00	37.61	37.61	0.00	0.00	0.08	524286	0.0137
39.96	34.68	1.93	24.39	10.28	0.00	0.00	24.39	24.39	0.00	0.00	0.08	524286	0.0151
44.44	42.43	0.44	23.10	19.32	0.00	0.00	23.10	23.10	0.00	0.00	0.08	524286	0.0124
26.26	24.28	0.42	22.46	1.81	0.00	0.00	22.46	22.46	0.00	0.00	0.07	524286	0.0216
39.20	37.24	0.39	28.72	8.51	0.00	0.00	28.72	28.72	0.00	0.00	0.09	524286	0.0141
38.10	36.16	0.39	28.30	7.85	0.00	0.00	28.30	28.30	0.00	0.00	0.07	524286	0.0145
39.56	37.58	0.40	28.17	9.40	0.00	0.00	28.17	28.17	0.00	0.00	0.08	524286	0.0140
44.99	43.04	0.41	40.18	2.84	0.00	0.00	40.18	40.18	0.00	0.00	0.08	524286	0.0122
39.50	37.53	0.40	30.43	7.09	0.00	0.00	30.43	30.43	0.00	0.00	0.07	524286	0.0140
28.85	26.91	0.38	26.03	0.86	0.00	0.00	26.03	26.03	0.00	0.00	0.07	524286	0.0195
52.34	50.40	0.40	38.35	12.03	0.00	0.00	38.35	38.35	0.00	0.00	0.08	524286	0.0104
43.17	40.78	0.42	34.70	6.07	0.00	0.00	34.70	34.70	0.00	0.00	0.08	524286	0.0129
37.50	35.55	0.41	20.90	14.64	0.00	0.00	20.90	20.90	0.00	0.00	0.08	524286	0.0147
45.24	43.26	0.41	37.07	6.19	0.00	0.00	37.07	37.07	0.00	0.00	0.08	524286	0.0121
29.47	27.51	0.40	25.82	1.68	0.00	0.00	25.82	25.82	0.00	0.00	0.08	524286	0.0191
30.97	29.04	0.39	21.99	7.04	0.00	0.00	21.99	21.99	0.00	0.00	0.07	524286	0.0181
28.41	26.03	0.39	25.09	0.93	0.00	0.00	25.09	25.09	0.00	0.00	0.10	524286	0.0201
27.53	25.05	0.38	24.32	0.72	0.00	0.00	24.32	24.32	0.00	0.00	0.09	524286	0.0209
26.93	24.54	0.37	23.57	0.96	0.00	0.00	23.57	23.57	0.00	0.00	0.09	524286	0.0214
30.49	28.13	0.38	27.35	0.77	0.00	0.00	27.35	27.35	0.00	0.00	0.09	524286	0.0186
28.57	26.03	0.38	24.95	1.07	0.00	0.00	24.95	24.95	0.00	0.00	0.13	524286	0.0201
29.00	26.50	0.41	25.59	0.90	0.00	0.00	25.59	25.59	0.00	0.00	0.10	524286	0.0198
28.96	26.42	0.45	25.37	1.04	0.00	0.00	25.37	25.37	0.00	0.00	0.12	524286	0.0198
27.37	24.74	0.45	23.74	0.99	0.00	0.00	23.74	23.74	0.00	0.00	0.12	524286	0.0212
26.01	23.51	0.49	22.56	0.94	0.00	0.00	22.56	22.56	0.00	0.00	0.08	524286	0.0223
25.30	22.41	0.44	21.69	0.71	0.00	0.00	21.69	21.69	0.00	0.00	0.31	524286	0.0234
27.43	25.30	0.35	24.51	0.78	0.00	0.00	24.51	24.51	0.00	0.00	0.07	524286	0.0207
26.60	24.46	0.37	23.81	0.65	0.00	0.00	23.81	23.81	0.00	0.00	0.07	524286	0.0214
29.73	27.58	0.39	26.74	0.83	0.00	0.00	26.74	26.74	0.00	0.00	0.08	524286	0.0190
26.94	24.50	0.41	23.82	0.67	0.00	0.00	23.82	23.82	0.00	0.00	0.11	524286	0.0214
27.30	24.92	0.41	23.98	0.93	0.00	0.00	23.98	23.98	0.00	0.00	0.08	524286	0.0210
25.60	23.19	0.43	22.43	0.75	0.00	0.00	22.43	22.43	0.00	0.00	0.07	524286	0.0226
28.57	26.16	0.44	25.45	0.70	0.00	0.00	25.45	25.45	0.00	0.00	0.07	524286	0.0200
29.97	27.56	0.43	26.69	0.86	0.00	0.00	26.69	26.69	0.00	0.00	0.08	524286	0.0190
27.12	24.68	0.43	23.74	0.93	0.00	0.00	23.74	23.74	0.00	0.00	0.10	524286	0.0212
34.40	30.34	0.45	29.42	0.91	0.00	0.00	29.42	29.42	0.00	0.00	0.32	524286	0.0173
27.78	24.00	0.47	23.02	0.97	0.00	0.00	23.02	23.02	0.00	0.00	0.10	524286	0.0218
30.47	26.64	0.46	25.72	0.91	0.00	0.00	25.72	25.72	0.00	0.00	0.10	524286	0.0197
28.88	25.11	0.45	24.15	0.95	0.00	0.00	24.15	24.15	0.00	0.00	0.10	524286	0.0209
29.05	25.27	0.46	24.31	0.95	0.00	0.00	24.31	24.31	0.00	0.00	0.10	524286	0.0207
30.43	26.68	0.45	25.78	0.89	0.00	0.00	25.78	25.78	0.00	0.00	0.10	524286	0.0197
28.43	24.49	0.45	23.45	1.03	0.00	0.00	23.45	23.45	0.00	0.00	0.10	524286	0.0214
28.43	24.64	0.46	23.70	0.94	0.00	0.00	23.70	23.70	0.00	0.00	0.10	524286	0.0213
27.99	24.17	0.45	23.32	0.85	0.00	0.00	23.32	23.32	0.00	0.00	0.10	524286	0.0217
SCALE: 14
nvtx: 16384
edgefactor: 16
terasize: 4.19430399999999992e-06
A: 5.69999999999999951e-01
B: 1.90000000000000002e-01
C: 1.90000000000000002e-01
D: 5.00000000000000444e-02
generation_time: 0.00000000000000000e+00
construction_time: 4.47221333000000054e-01
nbfs: 100
min_time: 2.27660000324249254e-02
firstquartile_time: 2.55932500064373000e-02
median_time: 2.85160000324249270e-02
thirdquartile_time: 3.61855000108480471e-02
max_time: 1.15401999950408937e-01
mean_time: 3.18692599964141912e-02
stddev_time: 1.11767168251450059e-02
min_nedge: 2.62140000000000000e+05
firstquartile_nedge: 2.62140000000000000e+05
median_nedge: 2.62140000000000000e+05
thirdquartile_nedge: 2.62140000000000000e+05
max_nedge: 2.62140000000000000e+05
mean_nedge: 2.62140000000000000e+05
stddev_nedge: 0.00000000000000000e+00
min_TEPS: 2.27153775595438527e+06
firstquartile_TEPS: 7.28885429208294675e+06
median_TEPS: 9.30378701204768568e+06
thirdquartile_TEPS: 1.02967073200623691e+07
max_TEPS: 1.15145392087605167e+07
harmonic_mean_TEPS: 8.22548123268299922e+06
harmonic_stddev_TEPS: 2.89925214373895375e+05
