[BASH] Running the GPU only graph500 for scale 18
file:/dev/null	benchmark:GRAPH500	vertices:262143	edges:8388606	partitioning:RANDOM	platform:GPU	alpha:50	repeat:1	gpu_count:1	thread_count:4	thread_sched:GUIDED	thread_bind:false	gpu_graph_mem:DEVICE	gpu_par_randomized:false	sorted:false	edge_sort_key:id	edge_order:asc	separate_singletons:false	lambda:0	time_init:3652.11	time_par:61.45	rmt_vertex:0	rmt_edge:0	beta:0	pid0:100,100,0,0	
total	exec	init	comp	comm	finalize	cpu_comp	gpu_comp	gpu_total_comp	scatter	gather	aggr	trv_edges	exec_rate
696.32	675.42	0.80	308.85	366.56	0.00	0.00	308.85	308.85	0.00	0.00	0.31	8388606	0.0124
493.64	468.08	1.19	456.83	11.25	0.00	0.00	456.83	456.83	0.00	0.00	0.32	8388606	0.0179
2046.00	2026.71	0.90	2008.36	18.33	0.00	0.00	2008.36	2008.36	0.00	0.00	0.28	8388606	0.0041
385.91	358.91	0.48	333.25	25.65	0.00	0.00	333.25	333.25	0.00	0.00	0.25	8388606	0.0234
363.38	338.09	0.97	337.16	0.92	0.00	0.00	337.16	337.16	0.00	0.00	0.26	8388606	0.0248
639.51	613.83	0.63	595.64	18.16	0.00	0.00	595.64	595.64	0.00	0.00	1.81	8388606	0.0137
419.62	395.80	0.56	394.14	1.65	0.00	0.00	394.14	394.14	0.00	0.00	0.26	8388606	0.0212
536.89	512.04	0.96	494.93	17.10	0.00	0.00	494.93	494.93	0.00	0.00	0.23	8388606	0.0164
377.71	359.00	0.38	356.67	2.32	0.00	0.00	356.67	356.67	0.00	0.00	0.23	8388606	0.0234
688.40	651.33	0.63	359.09	292.22	0.00	0.00	359.09	359.09	0.00	0.00	0.25	8388606	0.0129
364.30	343.24	0.93	312.77	30.46	0.00	0.00	312.77	312.77	0.00	0.00	0.30	8388606	0.0244
680.21	661.65	0.65	332.05	329.59	0.00	0.00	332.05	332.05	0.00	0.00	1.13	8388606	0.0127
340.63	322.31	1.20	321.00	1.30	0.00	0.00	321.00	321.00	0.00	0.00	0.25	8388606	0.0260
368.30	346.94	0.97	315.62	31.31	0.00	0.00	315.62	315.62	0.00	0.00	0.30	8388606	0.0242
612.60	592.07	0.62	319.75	272.32	0.00	0.00	319.75	319.75	0.00	0.00	0.27	8388606	0.0142
410.15	373.43	9.99	318.68	54.74	0.00	0.00	318.68	318.68	0.00	0.00	5.62	8388606	0.0225
592.96	567.10	0.95	365.94	201.15	0.00	0.00	365.94	365.94	0.00	0.00	0.29	8388606	0.0148
783.05	744.86	0.66	329.19	415.67	0.00	0.00	329.19	329.19	0.00	0.00	0.30	8388606	0.0113
473.00	440.34	0.69	362.96	77.38	0.00	0.00	362.96	362.96	0.00	0.00	0.30	8388606	0.0191
1646.37	1626.15	0.94	1608.06	18.07	0.00	0.00	1608.06	1608.06	0.00	0.00	5.69	8388606	0.0052
359.33	328.59	0.41	317.32	11.26	0.00	0.00	317.32	317.32	0.00	0.00	0.53	8388606	0.0255
345.08	325.70	0.68	318.16	7.53	0.00	0.00	318.16	318.16	0.00	0.00	0.23	8388606	0.0258
341.54	324.38	0.68	323.37	1.00	0.00	0.00	323.37	323.37	0.00	0.00	0.23	8388606	0.0259
348.23	326.19	0.76	324.64	1.54	0.00	0.00	324.64	324.64	0.00	0.00	0.24	8388606	0.0257
325.75	305.84	0.79	303.30	2.53	0.00	0.00	303.30	303.30	0.00	0.00	0.24	8388606	0.0274
326.37	309.02	0.72	307.94	1.07	0.00	0.00	307.94	307.94	0.00	0.00	0.25	8388606	0.0271
347.79	314.70	0.55	312.20	2.49	0.00	0.00	312.20	312.20	0.00	0.00	0.25	8388606	0.0267
328.64	308.66	0.69	306.57	2.08	0.00	0.00	306.57	306.57	0.00	0.00	0.23	8388606	0.0272
350.50	327.38	0.71	325.82	1.54	0.00	0.00	325.82	325.82	0.00	0.00	0.26	8388606	0.0256
367.25	334.60	0.80	331.29	3.29	0.00	0.00	331.29	331.29	0.00	0.00	0.25	8388606	0.0251
349.50	310.10	0.70	308.77	1.31	0.00	0.00	308.77	308.77	0.00	0.00	0.25	8388606	0.0271
334.91	314.87	0.44	313.82	1.04	0.00	0.00	313.82	313.82	0.00	0.00	0.24	8388606	0.0266
361.94	334.72	0.85	333.58	1.14	0.00	0.00	333.58	333.58	0.00	0.00	0.24	8388606	0.0251
356.84	333.12	0.65	331.98	1.13	0.00	0.00	331.98	331.98	0.00	0.00	0.27	8388606	0.0252
331.54	306.57	0.69	305.04	1.52	0.00	0.00	305.04	305.04	0.00	0.00	0.23	8388606	0.0274
336.97	311.11	0.71	309.98	1.12	0.00	0.00	309.98	309.98	0.00	0.00	0.26	8388606	0.0270
347.37	315.01	2.22	313.49	1.51	0.00	0.00	313.49	313.49	0.00	0.00	0.29	8388606	0.0266
379.88	320.47	0.64	317.32	3.13	0.00	0.00	317.32	317.32	0.00	0.00	0.32	8388606	0.0262
332.00	311.72	1.76	310.67	1.04	0.00	0.00	310.67	310.67	0.00	0.00	0.23	8388606	0.0269
330.35	305.92	0.68	303.86	2.05	0.00	0.00	303.86	303.86	0.00	0.00	0.23	8388606	0.0274
366.48	334.90	0.52	331.43	3.46	0.00	0.00	331.43	331.43	0.00	0.00	0.32	8388606	0.0250
377.41	341.06	1.94	339.02	2.03	0.00	0.00	339.02	339.02	0.00	0.00	0.30	8388606	0.0246
379.56	348.58	2.59	336.85	11.71	0.00	0.00	336.85	336.85	0.00	0.00	5.89	8388606	0.0241
515.12	495.02	0.69	476.06	18.95	0.00	0.00	476.06	476.06	0.00	0.00	0.32	8388606	0.0169
360.35	328.13	1.18	319.63	8.48	0.00	0.00	319.63	319.63	0.00	0.00	0.32	8388606	0.0256
348.52	327.41	1.52	311.40	15.99	0.00	0.00	311.40	311.40	0.00	0.00	0.32	8388606	0.0256
388.83	346.82	11.29	342.23	4.57	0.00	0.00	342.23	342.23	0.00	0.00	0.32	8388606	0.0242
380.48	358.62	2.52	337.72	20.88	0.00	0.00	337.72	337.72	0.00	0.00	0.39	8388606	0.0234
386.72	349.00	6.90	338.91	10.07	0.00	0.00	338.91	338.91	0.00	0.00	0.32	8388606	0.0240
353.23	331.14	2.32	317.13	14.00	0.00	0.00	317.13	317.13	0.00	0.00	0.38	8388606	0.0253
346.28	328.88	1.71	327.48	1.39	0.00	0.00	327.48	327.48	0.00	0.00	0.23	8388606	0.0255
334.98	314.68	0.70	304.87	9.79	0.00	0.00	304.87	304.87	0.00	0.00	0.31	8388606	0.0267
378.87	328.35	10.62	317.31	11.02	0.00	0.00	317.31	317.31	0.00	0.00	0.32	8388606	0.0255
382.79	362.19	0.85	339.46	22.71	0.00	0.00	339.46	339.46	0.00	0.00	0.32	8388606	0.0232
339.64	318.31	1.16	310.37	7.93	0.00	0.00	310.37	310.37	0.00	0.00	0.38	8388606	0.0264
373.31	345.65	3.08	312.55	33.09	0.00	0.00	312.55	312.55	0.00	0.00	0.32	8388606	0.0243
417.84	387.73	10.58	385.96	1.76	0.00	0.00	385.96	385.96	0.00	0.00	0.31	8388606	0.0216
339.43	310.74	9.76	306.79	3.94	0.00	0.00	306.79	306.79	0.00	0.00	0.32	8388606	0.0270
367.82	338.27	9.94	326.51	11.74	0.00	0.00	326.51	326.51	0.00	0.00	0.36	8388606	0.0248
357.10	325.04	1.42	308.94	16.08	0.02	0.00	308.94	308.94	0.00	0.00	0.31	8388606	0.0258
363.39	337.97	5.20	335.25	2.70	0.00	0.00	335.25	335.25	0.00	0.00	0.38	8388606	0.0248
358.16	329.23	9.53	306.35	22.86	0.00	0.00	306.35	306.35	0.00	0.00	0.31	8388606	0.0255
488.66	457.40	0.90	426.48	30.90	0.00	0.00	426.48	426.48	0.00	0.00	0.32	8388606	0.0183
371.25	340.21	0.85	330.09	10.10	0.00	0.00	330.09	330.09	0.00	0.00	0.32	8388606	0.0247
351.14	322.36	1.47	313.50	8.85	0.00	0.00	313.50	313.50	0.00	0.00	0.32	8388606	0.0260
379.75	351.68	9.10	334.96	16.69	0.00	0.00	334.96	334.96	0.00	0.00	0.32	8388606	0.0239
339.46	326.01	2.91	308.13	17.86	0.00	0.00	308.13	308.13	0.00	0.00	0.27	8388606	0.0257
343.66	323.07	1.08	317.12	5.94	0.00	0.00	317.12	317.12	0.00	0.00	0.26	8388606	0.0260
352.94	334.30	9.97	315.43	18.85	0.00	0.00	315.43	315.43	0.00	0.00	0.32	8388606	0.0251
387.46	357.11	0.86	333.43	23.66	0.00	0.00	333.43	333.43	0.00	0.00	0.31	8388606	0.0235
366.99	335.76	0.92	326.21	9.53	0.00	0.00	326.21	326.21	0.00	0.00	0.31	8388606	0.0250
347.85	316.16	1.21	305.17	10.98	0.00	0.00	305.17	305.17	0.00	0.00	0.32	8388606	0.0265
346.58	328.89	1.53	319.43	9.45	0.00	0.00	319.43	319.43	0.00	0.00	0.31	8388606	0.0255
344.71	312.67	1.18	304.04	8.62	0.00	0.00	304.04	304.04	0.00	0.00	0.32	8388606	0.0268
349.96	328.30	1.72	313.86	14.41	0.00	0.00	313.86	313.86	0.00	0.00	0.38	8388606	0.0256
347.60	328.35	1.56	326.64	1.70	0.00	0.00	326.64	326.64	0.00	0.00	0.24	8388606	0.0255
373.37	342.88	1.04	334.94	7.93	0.00	0.00	334.94	334.94	0.00	0.00	0.32	8388606	0.0245
349.45	329.18	0.89	314.91	14.25	0.00	0.00	314.91	314.91	0.00	0.00	0.32	8388606	0.0255
344.03	318.05	6.20	309.18	8.84	0.00	0.00	309.18	309.18	0.00	0.00	0.31	8388606	0.0264
369.02	348.14	1.14	332.98	15.11	0.00	0.00	332.98	332.98	0.00	0.00	0.32	8388606	0.0241
350.63	327.38	1.17	306.74	20.62	0.00	0.00	306.74	306.74	0.00	0.00	0.80	8388606	0.0256
576.11	545.37	0.88	521.41	23.94	0.00	0.00	521.41	521.41	0.00	0.00	0.31	8388606	0.0154
359.30	339.43	0.87	324.91	14.51	0.00	0.00	324.91	324.91	0.00	0.00	0.32	8388606	0.0247
329.97	311.31	1.24	308.69	2.61	0.00	0.00	308.69	308.69	0.00	0.00	0.31	8388606	0.0269
329.39	305.53	1.05	303.27	2.24	0.00	0.00	303.27	303.27	0.00	0.00	0.30	8388606	0.0275
373.03	328.57	3.17	312.36	16.20	0.00	0.00	312.36	312.36	0.00	0.00	0.32	8388606	0.0255
391.10	360.76	0.90	335.56	25.18	0.00	0.00	335.56	335.56	0.00	0.00	0.32	8388606	0.0233
339.68	319.14	0.88	305.22	13.90	0.00	0.00	305.22	305.22	0.00	0.00	0.31	8388606	0.0263
388.88	346.25	2.71	322.47	23.76	0.00	0.00	322.47	322.47	0.00	0.00	0.31	8388606	0.0242
392.31	357.48	0.95	336.21	21.25	0.00	0.00	336.21	336.21	0.00	0.00	6.52	8388606	0.0235
379.09	351.70	8.14	338.76	12.92	0.00	0.00	338.76	338.76	0.00	0.00	0.32	8388606	0.0239
420.94	402.62	0.89	400.41	2.20	0.00	0.00	400.41	400.41	0.00	0.00	0.25	8388606	0.0208
320.93	311.42	0.88	305.08	6.32	0.00	0.00	305.08	305.08	0.00	0.00	0.31	8388606	0.0269
379.76	348.02	1.15	337.67	10.34	0.00	0.00	337.67	337.67	0.00	0.00	0.38	8388606	0.0241
343.71	311.76	1.48	309.27	2.47	0.00	0.00	309.27	309.27	0.00	0.00	0.38	8388606	0.0269
362.18	322.63	8.78	319.88	2.74	0.00	0.00	319.88	319.88	0.00	0.00	0.38	8388606	0.0260
359.23	322.31	1.19	319.63	2.67	0.00	0.00	319.63	319.63	0.00	0.00	0.41	8388606	0.0260
333.38	311.97	1.19	303.89	8.07	0.00	0.00	303.89	303.89	0.00	0.00	0.32	8388606	0.0269
350.02	322.47	7.28	309.11	13.34	0.00	0.00	309.11	309.11	0.00	0.00	0.38	8388606	0.0260
374.72	340.20	3.36	331.64	8.55	0.00	0.00	331.64	331.64	0.00	0.00	0.38	8388606	0.0247
SCALE: 18
nvtx: 262144
edgefactor: 16
terasize: 6.71088639999999987e-05
A: 5.69999999999999951e-01
B: 1.90000000000000002e-01
C: 1.90000000000000002e-01
D: 5.00000000000000444e-02
generation_time: 0.00000000000000000e+00
construction_time: 4.92695183200000031e+00
nbfs: 100
min_time: 3.06576000034809115e-01
firstquartile_time: 3.23908999994397151e-01
median_time: 3.36128500074148184e-01
thirdquartile_time: 3.59728749990463337e-01
max_time: 2.02761000001430514e+00
mean_time: 3.95904320004582366e-01
stddev_time: 2.25572658582567531e-01
min_nedge: 4.19425900000000000e+06
firstquartile_nedge: 4.19425900000000000e+06
median_nedge: 4.19425900000000000e+06
thirdquartile_nedge: 4.19425900000000000e+06
max_nedge: 4.19425900000000000e+06
mean_nedge: 4.19425900000000000e+06
stddev_nedge: 0.00000000000000000e+00
min_TEPS: 2.06857285176656698e+06
firstquartile_TEPS: 1.16785363476961609e+07
median_TEPS: 1.25049089450710863e+07
thirdquartile_TEPS: 1.29651617654603664e+07
max_TEPS: 1.36809763305796199e+07
harmonic_mean_TEPS: 1.05941228424874246e+07
harmonic_stddev_TEPS: 6.06657574734991533e+05
