[BASH] Running the GPU only graph500 for scale 17
file:/dev/null	benchmark:GRAPH500	vertices:131072	edges:4194302	partitioning:RANDOM	platform:HYBRID	alpha:50	repeat:1	gpu_count:1	thread_count:1	thread_sched:GUIDED	thread_bind:false	gpu_graph_mem:DEVICE	gpu_par_randomized:false	sorted:false	edge_sort_key:id	edge_order:asc	separate_singletons:true	lambda:0Initializing the shares for Hybrid platform.
	time_init:533.69	time_par:16.91	rmt_vertex:59	rmt_edge:50	beta:2	pid0:50,50,30,25	pid1:0,0,0,0	pid2:50,50,29,25	
total	exec	init	comp	comm	finalize	cpu_comp	gpu_comp	gpu_total_comp	scatter	gather	aggr	trv_edges	exec_rate
84.98	75.98	0.81	61.54	14.43	0.00	23.25	61.21	61.21	1.26	2.56	0.13	4194302	0.0552
40.48	31.21	1.13	19.70	11.51	0.00	13.80	18.34	18.34	3.51	2.06	0.13	4194302	0.1344
54.52	45.64	0.82	30.61	15.02	0.00	12.84	30.30	30.30	6.34	1.99	0.14	4194302	0.0919
57.78	48.70	0.82	34.83	13.86	0.00	14.20	34.56	34.56	3.93	1.97	0.17	4194302	0.0861
100.30	91.38	0.81	80.68	10.69	0.00	31.62	78.55	78.55	1.70	2.19	0.14	4194302	0.0459
66.17	57.25	0.82	48.34	8.91	0.00	26.47	47.83	47.83	1.29	2.62	0.13	4194302	0.0733
76.59	67.70	0.80	54.75	12.94	0.00	18.38	54.67	54.67	10.63	2.22	0.13	4194302	0.0620
51.73	42.74	0.91	28.48	14.26	0.00	12.77	26.46	26.46	6.43	2.44	0.14	4194302	0.0981
48.72	39.74	0.91	26.40	13.33	0.00	14.29	26.16	26.16	4.72	2.06	0.15	4194302	0.1056
61.41	52.10	1.00	38.42	13.67	0.00	12.00	36.00	36.00	6.67	2.07	0.14	4194302	0.0805
69.10	60.08	0.81	48.24	11.83	0.00	20.36	48.14	48.14	12.07	1.79	0.13	4194302	0.0698
50.29	41.07	1.00	31.62	9.44	0.00	24.48	30.56	30.56	1.06	2.15	0.14	4194302	0.1021
54.83	45.83	0.92	33.34	12.48	0.00	14.69	33.12	33.12	3.28	2.11	0.16	4194302	0.0915
86.60	77.70	0.81	62.27	15.42	0.00	16.21	62.15	62.15	8.72	1.89	0.16	4194302	0.0540
66.58	57.66	0.91	44.16	13.50	0.00	12.38	42.36	42.36	6.68	2.06	0.13	4194302	0.0727
49.99	41.14	0.82	28.56	12.57	0.00	12.37	25.03	25.03	6.54	2.06	0.13	4194302	0.1020
46.65	37.80	0.82	24.12	13.67	0.00	13.77	19.54	19.54	5.83	2.01	0.15	4194302	0.1109
64.45	55.49	0.88	38.62	16.86	0.00	13.36	38.30	38.30	5.17	2.29	0.19	4194302	0.0756
125.21	116.27	0.92	102.02	14.24	0.00	14.00	101.95	101.95	7.53	2.00	0.14	4194302	0.0361
73.87	64.83	0.92	51.67	13.14	0.00	17.57	51.39	51.39	1.65	2.50	0.19	4194302	0.0647
54.12	45.04	0.90	33.79	11.25	0.00	14.19	33.25	33.25	1.03	2.03	0.17	4194302	0.0931
67.52	58.52	0.91	43.58	14.93	0.00	12.91	43.52	43.52	7.53	1.97	0.17	4194302	0.0717
170.25	161.30	0.82	149.15	12.15	0.00	35.88	148.10	148.10	1.78	2.38	0.13	4194302	0.0260
60.10	51.20	0.81	38.69	12.50	0.00	16.35	37.94	37.94	8.86	1.91	0.13	4194302	0.0819
47.54	38.55	0.82	23.58	14.96	0.00	13.14	19.93	19.93	6.00	2.58	0.14	4194302	0.1088
71.03	62.20	0.71	45.80	16.39	0.00	14.97	45.47	45.47	4.40	2.27	0.19	4194302	0.0674
77.62	68.73	0.81	55.52	13.21	0.00	13.99	54.76	54.76	7.44	2.08	0.14	4194302	0.0610
54.43	45.44	0.87	36.52	8.91	0.00	24.61	34.02	34.02	1.28	2.19	0.13	4194302	0.0923
41.93	33.08	0.73	19.64	13.44	0.00	12.89	15.90	15.90	6.25	2.12	0.13	4194302	0.1268
58.50	49.60	0.72	36.55	13.04	0.00	16.02	35.70	35.70	8.56	1.94	0.13	4194302	0.0846
36.77	27.88	0.72	20.05	7.82	0.00	17.69	18.05	18.05	0.88	2.05	0.12	4194302	0.1504
53.88	45.04	0.83	30.89	14.15	0.00	12.92	29.33	29.33	6.79	2.03	0.13	4194302	0.0931
46.11	37.09	0.92	28.33	8.75	0.00	18.17	27.96	27.96	0.93	2.03	0.12	4194302	0.1131
66.13	56.93	0.74	44.98	11.94	0.00	20.09	44.87	44.87	11.85	1.82	0.41	4194302	0.0737
56.61	47.63	0.73	37.18	10.44	0.00	27.99	36.63	36.63	1.63	2.88	0.14	4194302	0.0881
62.50	53.67	0.72	39.33	14.34	0.00	13.23	37.19	37.19	6.90	2.03	0.13	4194302	0.0782
45.15	36.12	0.88	23.30	12.81	0.00	14.60	20.39	20.39	3.57	1.94	0.14	4194302	0.1161
66.21	57.29	0.72	43.47	13.81	0.00	13.89	42.23	42.23	7.67	1.98	0.13	4194302	0.0732
70.55	61.80	0.74	48.13	13.67	0.00	18.00	48.07	48.07	10.68	1.80	0.13	4194302	0.0679
53.40	44.55	0.73	29.82	14.72	0.00	12.54	29.75	29.75	6.34	2.04	0.13	4194302	0.0942
44.91	35.98	0.80	27.42	8.56	0.00	17.66	27.28	27.28	1.54	2.04	0.12	4194302	0.1166
59.38	50.07	0.81	38.87	11.20	0.00	15.57	38.63	38.63	1.00	1.99	0.19	4194302	0.0838
45.02	36.22	0.74	22.58	13.63	0.00	12.85	20.75	20.75	6.38	2.00	0.13	4194302	0.1158
52.54	43.69	0.82	30.43	13.26	0.00	13.56	30.19	30.19	7.30	1.97	0.13	4194302	0.0960
106.91	97.68	0.95	84.63	13.04	0.00	20.26	84.54	84.54	12.21	1.76	0.29	4194302	0.0429
48.26	39.40	0.83	24.40	14.99	0.00	13.24	21.50	21.50	5.93	2.50	0.14	4194302	0.1065
47.51	38.79	0.71	27.67	11.11	0.00	15.70	27.51	27.51	3.09	2.03	0.12	4194302	0.1081
38.16	29.16	0.79	17.84	11.31	0.00	13.81	14.95	14.95	3.62	1.95	0.12	4194302	0.1438
40.38	31.26	1.10	19.13	12.13	0.00	13.54	17.55	17.55	4.89	2.31	0.13	4194302	0.1342
41.34	32.46	0.82	20.80	11.66	0.00	14.31	20.65	20.65	3.97	2.01	0.13	4194302	0.1292
82.09	73.29	0.73	58.88	14.41	0.00	18.11	58.76	58.76	10.62	1.84	0.14	4194302	0.0572
50.27	41.32	0.83	31.09	10.22	0.00	15.61	30.43	30.43	0.77	1.99	0.13	4194302	0.1015
54.00	45.09	0.84	32.52	12.56	0.00	15.66	32.33	32.33	8.87	1.96	0.13	4194302	0.0930
41.96	33.06	0.82	26.23	6.83	0.00	24.33	24.09	24.09	0.88	2.28	0.13	4194302	0.1269
65.23	56.03	1.03	43.98	12.05	0.00	20.36	43.86	43.86	12.36	2.01	0.30	4194302	0.0749
46.36	37.62	0.72	24.29	13.32	0.00	12.33	20.57	20.57	6.67	2.09	0.13	4194302	0.1115
61.58	52.82	0.71	44.28	8.53	0.00	33.50	41.41	41.41	1.45	2.21	0.13	4194302	0.0794
45.83	36.94	0.82	23.44	13.49	0.00	15.12	22.96	22.96	8.28	1.93	0.14	4194302	0.1135
41.60	32.64	0.83	20.35	12.28	0.00	14.12	17.85	17.85	5.32	1.98	0.14	4194302	0.1285
57.91	49.11	0.73	35.07	14.03	0.00	12.43	33.76	33.76	6.72	2.08	0.13	4194302	0.0854
50.32	41.52	0.72	26.54	14.98	0.00	11.90	23.98	23.98	6.87	2.50	0.13	4194302	0.1010
42.59	33.53	0.83	20.02	13.50	0.00	13.68	18.62	18.62	5.25	2.06	0.13	4194302	0.1251
47.25	38.36	0.72	28.87	9.49	0.00	17.52	28.73	28.73	1.49	2.05	0.13	4194302	0.1093
45.53	36.68	0.74	23.13	13.54	0.00	11.73	20.00	20.00	6.84	2.00	0.13	4194302	0.1144
72.22	63.44	0.74	54.73	8.70	0.00	33.62	51.53	51.53	1.54	2.19	0.14	4194302	0.0661
55.54	46.69	0.72	38.30	8.38	0.00	31.48	36.00	36.00	1.52	2.57	0.12	4194302	0.0898
38.69	29.88	0.74	22.33	7.54	0.00	18.74	21.88	21.88	0.93	2.16	0.13	4194302	0.1404
38.87	29.96	0.84	19.62	10.34	0.00	15.15	19.40	19.40	2.79	2.00	0.13	4194302	0.1400
36.62	27.64	0.83	19.04	8.60	0.00	15.26	16.36	16.36	0.94	2.52	0.17	4194302	0.1517
41.07	32.19	0.82	21.16	11.02	0.00	15.08	21.02	21.02	4.49	2.02	0.12	4194302	0.1303
59.91	51.07	0.82	35.74	15.32	0.00	13.66	35.74	35.74	7.88	1.96	0.15	4194302	0.0821
84.00	74.82	0.85	62.65	12.16	0.00	20.70	62.62	62.62	12.32	1.85	0.30	4194302	0.0561
63.38	54.41	0.83	45.10	9.30	0.00	32.80	44.50	44.50	1.61	2.94	0.13	4194302	0.0771
59.68	50.87	0.70	34.12	16.73	0.00	12.74	33.82	33.82	6.34	2.10	0.16	4194302	0.0825
53.49	44.24	1.19	30.12	14.11	0.00	11.70	28.13	28.13	6.99	2.00	0.13	4194302	0.0948
61.70	52.80	0.83	39.25	13.54	0.00	16.34	39.15	39.15	9.05	1.86	0.13	4194302	0.0794
41.34	32.44	0.81	22.49	9.94	0.00	13.95	21.67	21.67	1.13	1.98	0.14	4194302	0.1293
51.61	42.67	0.83	29.25	13.41	0.00	12.04	26.47	26.47	7.00	2.02	0.13	4194302	0.0983
42.47	33.68	0.77	21.38	12.30	0.00	13.91	21.16	21.16	4.79	1.96	0.13	4194302	0.1245
71.35	62.40	0.84	52.25	10.14	0.00	22.73	51.91	51.91	1.04	2.19	0.13	4194302	0.0672
37.55	28.82	0.73	18.14	10.67	0.00	14.26	15.43	15.43	2.97	1.99	0.12	4194302	0.1455
76.67	67.83	0.79	58.11	9.72	0.00	29.94	55.67	55.67	1.53	2.15	0.13	4194302	0.0618
47.33	38.44	0.71	23.58	14.85	0.00	13.91	19.79	19.79	5.77	2.19	0.15	4194302	0.1091
72.03	63.21	0.71	46.01	17.19	0.00	13.71	45.72	45.72	6.79	2.03	0.17	4194302	0.0664
58.04	49.09	0.72	35.75	13.33	0.00	16.07	35.70	35.70	8.78	2.00	0.13	4194302	0.0854
43.36	34.49	0.75	23.16	11.33	0.00	15.11	23.03	23.03	4.31	1.97	0.13	4194302	0.1216
73.92	65.04	0.82	48.58	16.46	0.00	14.38	48.37	48.37	7.67	1.97	0.16	4194302	0.0645
56.56	47.73	0.73	36.23	11.50	0.00	16.64	36.07	36.07	2.58	1.98	0.13	4194302	0.0879
47.47	38.65	0.74	24.25	14.39	0.00	13.20	22.80	22.80	6.00	2.29	0.16	4194302	0.1085
50.32	41.59	0.72	27.47	14.11	0.00	13.55	27.26	27.26	4.88	1.99	0.13	4194302	0.1009
37.23	28.18	0.88	20.13	8.04	0.00	15.43	19.83	19.83	0.87	2.04	0.13	4194302	0.1489
37.69	28.60	0.84	17.41	11.18	0.00	13.96	13.26	13.26	5.11	2.02	0.14	4194302	0.1466
58.37	49.48	0.79	35.09	14.39	0.00	11.90	33.36	33.36	6.84	2.03	0.13	4194302	0.0848
119.25	109.72	1.18	96.81	12.90	0.00	22.06	96.73	96.73	12.86	1.81	0.30	4194302	0.0382
47.24	38.25	0.82	24.62	13.62	0.00	12.28	20.88	20.88	6.77	2.06	0.13	4194302	0.1097
45.41	36.44	0.70	22.90	13.53	0.00	13.55	21.48	21.48	5.48	2.36	0.14	4194302	0.1151
58.54	49.68	0.71	34.01	15.66	0.00	12.58	33.77	33.77	6.07	2.05	0.16	4194302	0.0844
70.52	61.33	0.90	43.73	17.60	0.00	13.07	43.43	43.43	5.59	2.15	0.19	4194302	0.0684
109.27	100.29	0.84	86.83	13.45	0.00	15.78	86.77	86.77	8.58	1.87	0.18	4194302	0.0418
70.42	61.45	0.78	43.64	17.80	0.00	13.04	43.33	43.33	6.22	1.96	0.19	4194302	0.0683
SCALE: 17
nvtx: 131072
edgefactor: 16
terasize: 3.35544319999999993e-05
A: 5.69999999999999951e-01
B: 1.90000000000000002e-01
C: 1.90000000000000002e-01
D: 5.00000000000000444e-02
generation_time: 0.00000000000000000e+00
construction_time: 1.56796599900000011e+00
nbfs: 100
min_time: 2.84789999723434432e-02
firstquartile_time: 3.80904999822378187e-02
median_time: 4.66030000150203655e-02
thirdquartile_time: 5.92152499556541437e-02
max_time: 1.62121999919414533e-01
mean_time: 5.12414499986171834e-02
stddev_time: 2.07760351355174670e-02
min_nedge: 2.09713500000000000e+06
firstquartile_nedge: 2.09713500000000000e+06
median_nedge: 2.09713500000000000e+06
thirdquartile_nedge: 2.09713500000000000e+06
max_nedge: 2.09713500000000000e+06
mean_nedge: 2.09713500000000000e+06
stddev_nedge: 0.00000000000000000e+00
min_TEPS: 1.29355362075623069e+07
firstquartile_TEPS: 3.61210752117327228e+07
median_TEPS: 4.54650624628232419e+07
thirdquartile_TEPS: 5.59214755602488667e+07
max_TEPS: 7.36379438195362240e+07
harmonic_mean_TEPS: 4.09265350620756224e+07
harmonic_stddev_TEPS: 1.66774113550525741e+06
