[BASH] Running the GPU only graph500 for scale 18
file:/dev/null	benchmark:GRAPH500	vertices:262143	edges:8388606	partitioning:RANDOM	platform:HYBRID	alpha:50	repeat:1	gpu_count:1	thread_count:1	thread_sched:GUIDED	thread_bind:false	gpu_graph_mem:DEVICE	gpu_par_randomized:false	sorted:false	edge_sort_key:id	edge_order:asc	separate_singletons:true	lambda:0Initializing the shares for Hybrid platform.
	time_init:1123.84	time_par:34.10	rmt_vertex:57	rmt_edge:50	beta:2	pid0:50,49,28,25	pid1:0,0,0,0	pid2:50,51,28,25	
total	exec	init	comp	comm	finalize	cpu_comp	gpu_comp	gpu_total_comp	scatter	gather	aggr	trv_edges	exec_rate
103.75	85.96	1.01	59.03	26.93	0.00	28.46	55.49	55.49	1.34	4.03	0.19	8388606	0.0976
83.21	66.00	1.15	42.55	23.45	0.00	28.76	36.37	36.37	13.08	3.78	0.19	8388606	0.1271
83.03	65.90	1.04	45.13	20.77	0.00	28.20	43.97	43.97	6.85	3.55	0.18	8388606	0.1273
110.70	93.44	1.12	64.91	28.53	0.00	25.98	64.21	64.21	11.97	4.05	0.19	8388606	0.0898
112.94	95.59	1.19	67.48	28.10	0.00	26.53	66.82	66.82	11.15	3.59	0.18	8388606	0.0878
105.90	88.82	1.03	63.00	25.81	0.00	26.83	61.86	61.86	9.25	3.64	0.18	8388606	0.0944
208.40	191.29	1.03	173.54	17.74	0.00	46.93	170.98	170.98	2.30	3.83	0.20	8388606	0.0439
213.17	195.50	1.42	179.31	16.18	0.00	61.37	172.30	172.30	3.02	4.42	0.18	8388606	0.0429
86.88	69.07	1.61	53.40	15.66	0.00	37.05	52.15	52.15	4.96	4.13	0.18	8388606	0.1215
101.39	84.19	1.11	55.08	29.10	0.00	26.60	54.29	54.29	11.38	3.61	0.19	8388606	0.0996
68.26	50.90	1.12	39.87	11.02	0.00	31.51	37.58	37.58	1.50	3.99	0.19	8388606	0.1648
173.89	156.61	1.04	135.43	21.18	0.00	44.33	133.78	133.78	22.81	3.32	0.20	8388606	0.0536
67.86	50.72	1.13	32.44	18.27	0.00	27.30	22.21	22.21	8.45	3.64	0.19	8388606	0.1654
94.13	76.80	1.13	51.80	25.00	0.00	28.12	47.78	47.78	10.03	3.64	0.25	8388606	0.1092
82.30	64.87	1.23	49.79	15.07	0.00	31.68	48.34	48.34	1.78	3.56	0.18	8388606	0.1293
97.53	80.38	1.06	59.67	20.70	0.00	30.58	58.15	58.15	5.39	4.43	0.18	8388606	0.1044
184.87	167.50	1.08	152.41	15.08	0.00	81.55	145.57	145.57	4.38	4.15	0.18	8388606	0.0501
90.51	73.27	1.16	49.80	23.47	0.00	25.33	44.93	44.93	11.95	3.79	0.19	8388606	0.1145
140.95	123.86	0.95	111.21	12.65	0.00	64.30	103.70	103.70	3.18	4.37	0.18	8388606	0.0677
111.69	94.39	1.03	68.33	26.05	0.00	36.31	67.29	67.29	17.24	3.74	0.19	8388606	0.0889
103.46	86.03	1.15	59.80	26.22	0.00	28.05	59.15	59.15	10.11	3.59	0.20	8388606	0.0975
107.46	90.36	1.05	62.29	28.06	0.00	26.31	61.53	61.53	12.15	3.89	0.19	8388606	0.0928
107.96	89.51	2.11	59.55	29.96	0.00	26.68	58.88	58.88	12.48	3.60	0.19	8388606	0.0937
96.23	78.84	1.10	64.65	14.18	0.00	43.91	60.43	60.43	3.14	4.06	0.19	8388606	0.1064
74.01	56.77	0.96	38.58	18.18	0.00	32.28	36.69	36.69	8.32	3.87	0.18	8388606	0.1478
102.05	84.67	0.96	58.99	25.67	0.00	36.59	57.81	57.81	17.42	3.44	0.36	8388606	0.0991
85.86	68.46	1.03	52.01	16.44	0.00	38.71	47.14	47.14	1.99	3.66	0.22	8388606	0.1225
75.85	58.05	1.29	40.91	17.13	0.00	28.39	39.01	39.01	4.49	4.00	0.18	8388606	0.1445
94.23	76.45	1.22	54.46	21.98	0.00	24.92	46.98	46.98	12.55	3.66	0.36	8388606	0.1097
223.31	206.26	0.94	189.68	16.57	0.00	87.40	182.75	182.75	5.03	4.55	0.18	8388606	0.0407
70.44	53.06	1.25	36.47	16.59	0.00	28.82	32.21	32.21	4.69	4.02	0.18	8388606	0.1581
88.31	70.74	0.97	46.00	24.73	0.00	24.71	42.86	42.86	12.66	3.59	0.38	8388606	0.1186
137.11	119.96	0.97	107.31	12.65	0.00	66.82	99.42	99.42	3.24	4.13	0.18	8388606	0.0699
82.35	65.09	1.03	42.46	22.62	0.00	25.86	36.86	36.86	12.16	3.81	0.19	8388606	0.1289
70.05	52.88	1.07	36.74	16.13	0.00	32.23	31.18	31.18	4.82	3.70	0.19	8388606	0.1586
69.94	52.89	0.97	41.77	11.11	0.00	36.95	37.65	37.65	1.62	3.94	0.18	8388606	0.1586
97.00	79.79	1.03	63.45	16.33	0.00	35.34	62.04	62.04	2.71	3.64	0.18	8388606	0.1051
80.93	63.72	0.95	46.54	17.17	0.00	27.27	41.49	41.49	1.36	3.71	0.19	8388606	0.1317
71.18	53.86	1.06	42.70	11.16	0.00	36.94	38.53	38.53	1.62	3.93	0.18	8388606	0.1558
89.88	72.74	1.03	51.61	21.13	0.00	28.77	50.77	50.77	7.86	3.55	0.19	8388606	0.1153
191.56	174.27	0.94	159.46	14.80	0.00	79.79	153.10	153.10	4.51	4.18	0.19	8388606	0.0481
145.44	128.38	0.95	115.73	12.64	0.00	66.74	107.35	107.35	3.37	4.44	0.18	8388606	0.0653
100.35	83.21	0.95	56.46	26.75	0.00	30.51	55.05	55.05	14.56	3.61	0.19	8388606	0.1008
82.66	65.39	1.03	42.69	22.69	0.00	27.47	35.74	35.74	11.09	3.56	0.24	8388606	0.1283
76.15	59.12	0.96	37.47	21.64	0.00	26.88	32.47	32.47	11.06	3.76	0.19	8388606	0.1419
97.04	79.90	0.96	52.75	27.14	0.00	26.00	51.55	51.55	12.68	3.51	0.18	8388606	0.1050
78.87	61.57	1.04	39.62	21.94	0.00	29.20	31.93	31.93	13.13	3.72	0.19	8388606	0.1362
193.10	175.95	0.98	161.37	14.57	0.00	86.36	155.11	155.11	4.63	4.17	0.19	8388606	0.0477
96.33	79.00	1.26	55.41	23.58	0.00	26.56	49.15	49.15	13.00	3.76	0.19	8388606	0.1062
94.40	77.12	1.05	52.94	24.18	0.00	25.90	52.22	52.22	12.02	3.57	0.19	8388606	0.1088
94.75	77.65	0.96	51.80	25.84	0.00	25.23	50.66	50.66	12.18	4.05	0.18	8388606	0.1080
95.61	78.54	0.97	53.62	24.91	0.00	27.02	52.48	52.48	11.31	3.59	0.18	8388606	0.1068
91.07	73.61	1.09	54.96	18.64	0.00	36.60	54.19	54.19	4.90	4.19	0.22	8388606	0.1140
103.57	85.97	0.93	60.76	25.21	0.00	27.82	57.65	57.65	13.20	3.67	0.43	8388606	0.0976
68.94	51.77	1.12	38.27	13.48	0.00	32.98	36.04	36.04	1.88	3.64	0.18	8388606	0.1620
88.18	70.79	1.02	47.54	23.23	0.00	30.75	38.49	38.49	9.76	3.57	0.21	8388606	0.1185
86.27	69.01	1.03	46.02	22.98	0.00	26.15	45.35	45.35	11.43	3.85	0.19	8388606	0.1216
97.52	80.21	1.05	57.57	22.62	0.00	28.88	56.92	56.92	8.27	3.55	0.18	8388606	0.1046
104.38	87.18	1.04	63.31	23.87	0.00	25.70	62.61	62.61	11.82	4.03	0.19	8388606	0.0962
102.54	85.40	0.93	65.96	19.42	0.00	32.39	64.75	64.75	4.82	3.59	0.18	8388606	0.0982
162.99	145.68	1.05	123.18	22.49	0.00	34.78	122.59	122.59	16.04	3.52	0.37	8388606	0.0576
77.54	60.12	1.33	45.33	14.77	0.00	32.74	42.61	42.61	1.78	3.57	0.18	8388606	0.1395
81.66	64.17	1.06	40.61	23.55	0.00	25.88	38.99	38.99	12.11	3.57	0.19	8388606	0.1307
99.06	81.86	1.10	66.95	14.90	0.00	46.00	61.30	61.30	3.58	4.29	0.19	8388606	0.1025
94.12	77.09	0.94	58.52	18.56	0.00	33.33	57.28	57.28	5.08	3.66	0.18	8388606	0.1088
123.25	106.18	0.95	93.30	12.86	0.00	60.19	84.97	84.97	3.01	4.14	0.18	8388606	0.0790
77.75	60.63	1.03	39.45	21.18	0.00	27.88	30.56	30.56	10.72	3.63	0.19	8388606	0.1384
80.18	62.92	1.04	40.80	22.11	0.00	25.58	35.02	35.02	12.13	3.61	0.20	8388606	0.1333
76.87	59.55	1.06	41.78	17.76	0.00	29.93	36.29	36.29	4.95	3.58	0.19	8388606	0.1409
80.01	62.98	0.96	47.75	15.22	0.00	37.24	46.26	46.26	4.85	4.01	0.18	8388606	0.1332
95.05	77.71	0.95	63.99	13.65	0.00	47.85	61.45	61.45	2.47	4.54	0.20	8388606	0.1080
69.57	52.34	1.04	36.33	16.00	0.00	31.12	34.24	34.24	6.16	3.86	0.18	8388606	0.1603
117.69	100.47	1.04	74.14	26.33	0.00	34.46	73.31	73.31	16.47	3.57	0.22	8388606	0.0835
133.54	116.46	0.95	94.42	22.03	0.00	38.45	93.32	93.32	19.60	3.32	0.19	8388606	0.0720
103.97	86.76	0.95	59.29	27.46	0.00	27.87	57.48	57.48	10.85	3.56	0.18	8388606	0.0967
103.59	86.42	1.05	58.57	27.84	0.00	26.11	57.91	57.91	11.85	3.79	0.19	8388606	0.0971
144.80	127.53	1.08	114.90	12.63	0.00	66.30	107.11	107.11	3.29	4.13	0.18	8388606	0.0658
72.81	55.57	1.06	41.15	14.41	0.00	32.63	33.51	33.51	1.99	4.30	0.18	8388606	0.1509
87.94	70.65	1.18	54.49	16.15	0.00	32.55	53.52	53.52	3.42	4.23	0.18	8388606	0.1187
202.49	185.41	0.94	170.79	14.61	0.00	86.81	163.98	163.98	4.64	4.16	0.19	8388606	0.0452
75.09	57.87	1.04	38.07	19.79	0.00	31.56	34.07	34.07	8.85	3.59	0.18	8388606	0.1450
87.50	69.93	1.04	45.09	24.83	0.00	26.38	44.03	44.03	12.00	3.59	0.20	8388606	0.1200
74.22	57.10	0.98	42.94	14.16	0.00	31.45	40.18	40.18	1.87	4.00	0.19	8388606	0.1469
85.22	67.44	0.92	46.94	20.50	0.00	28.45	45.84	45.84	6.57	3.56	0.18	8388606	0.1244
87.43	70.28	1.06	48.64	21.63	0.00	32.36	46.09	46.09	8.02	3.64	0.22	8388606	0.1194
88.81	71.68	0.94	55.13	16.55	0.00	35.17	52.77	52.77	5.12	3.73	0.18	8388606	0.1170
127.78	110.61	0.95	97.32	13.27	0.00	62.41	89.60	89.60	3.38	4.35	0.18	8388606	0.0758
79.68	62.48	0.96	47.12	15.35	0.00	32.17	42.14	42.14	1.95	3.61	0.22	8388606	0.1343
75.61	58.47	1.04	39.91	18.55	0.00	27.37	36.50	36.50	4.91	3.62	0.18	8388606	0.1435
126.40	109.23	0.95	94.60	14.62	0.00	64.95	85.97	85.97	3.43	4.19	0.18	8388606	0.0768
101.86	84.75	1.03	57.82	26.93	0.00	30.00	57.01	57.01	14.47	3.64	0.20	8388606	0.0990
89.23	71.61	1.02	47.92	23.69	0.00	25.89	44.90	44.90	12.50	3.64	0.19	8388606	0.1171
73.18	55.84	1.12	37.47	18.36	0.00	31.33	36.55	36.55	8.64	3.95	0.18	8388606	0.1502
80.89	63.69	0.95	45.79	17.89	0.00	30.27	35.50	35.50	4.59	3.67	0.21	8388606	0.1317
141.67	124.61	0.95	103.76	20.85	0.00	43.48	102.72	102.72	22.85	3.55	0.19	8388606	0.0673
71.51	54.44	0.94	39.50	14.93	0.00	37.19	35.61	35.61	5.01	4.16	0.18	8388606	0.1541
96.40	79.19	0.94	64.38	14.80	0.00	36.80	62.29	62.29	1.94	3.75	0.19	8388606	0.1059
95.70	78.63	0.95	56.94	21.68	0.00	30.31	55.71	55.71	7.51	3.56	0.18	8388606	0.1067
68.20	51.03	1.03	33.91	17.12	0.00	30.61	30.71	30.71	8.16	3.74	0.18	8388606	0.1644
87.18	70.01	0.95	57.31	12.69	0.00	47.22	55.55	55.55	2.07	4.51	0.18	8388606	0.1198
SCALE: 18
nvtx: 262144
edgefactor: 16
terasize: 6.71088639999999987e-05
A: 5.69999999999999951e-01
B: 1.90000000000000002e-01
C: 1.90000000000000002e-01
D: 5.00000000000000444e-02
generation_time: 0.00000000000000000e+00
construction_time: 3.61961266600000009e+00
nbfs: 100
min_time: 5.18489999771118149e-02
firstquartile_time: 6.46495000123977620e-02
median_time: 7.81045000255107813e-02
thirdquartile_time: 9.10202500075101839e-02
max_time: 2.07204999864101402e-01
mean_time: 8.61418600004911772e-02
stddev_time: 3.46828210941790491e-02
min_nedge: 4.19425900000000000e+06
firstquartile_nedge: 4.19425900000000000e+06
median_nedge: 4.19425900000000000e+06
thirdquartile_nedge: 4.19425900000000000e+06
max_nedge: 4.19425900000000000e+06
mean_nedge: 4.19425900000000000e+06
stddev_nedge: 0.00000000000000000e+00
min_TEPS: 2.02420742875455208e+07
firstquartile_TEPS: 4.76112064974994808e+07
median_TEPS: 5.39123251758330464e+07
thirdquartile_TEPS: 6.55906401388804987e+07
max_TEPS: 8.08937299051382095e+07
harmonic_mean_TEPS: 4.86901374079464525e+07
harmonic_stddev_TEPS: 1.97026015045584063e+06
