[BASH] Running the GPU only graph500 for scale 15
file:/dev/null	benchmark:GRAPH500	vertices:32768	edges:1048574	partitioning:RANDOM	platform:HYBRID	alpha:50	repeat:1	gpu_count:1	thread_count:1	thread_sched:GUIDED	thread_bind:false	gpu_graph_mem:DEVICE	gpu_par_randomized:false	sorted:false	edge_sort_key:id	edge_order:asc	separate_singletons:true	lambda:0Initializing the shares for Hybrid platform.
	time_init:177.66	time_par:4.07	rmt_vertex:64	rmt_edge:50	beta:2	pid0:50,48,32,25	pid1:0,0,0,0	pid2:50,52,33,25	
total	exec	init	comp	comm	finalize	cpu_comp	gpu_comp	gpu_total_comp	scatter	gather	aggr	trv_edges	exec_rate
46.41	43.50	0.75	37.78	5.72	0.00	3.10	37.78	37.78	1.74	0.71	0.09	1048574	0.0241
18.84	16.04	0.73	11.30	4.73	0.00	4.94	11.30	11.30	0.60	0.79	0.08	1048574	0.0654
17.19	14.49	0.62	8.67	5.81	0.00	3.17	8.67	8.67	1.75	0.64	0.09	1048574	0.0724
21.52	18.57	0.87	12.53	6.04	0.00	3.88	12.53	12.53	1.07	0.67	0.10	1048574	0.0565
20.08	17.17	0.74	11.61	5.56	0.00	3.75	11.61	11.61	0.22	0.66	0.10	1048574	0.0611
37.00	34.15	0.75	27.93	6.21	0.00	5.94	27.93	27.93	0.31	0.90	0.10	1048574	0.0307
26.95	24.25	0.62	17.51	6.74	0.00	4.45	17.51	17.51	0.23	0.68	0.08	1048574	0.0432
27.64	24.95	0.62	20.93	4.01	0.00	8.29	20.93	20.93	0.36	0.75	0.08	1048574	0.0420
20.37	17.60	0.72	9.14	8.45	0.00	4.45	9.14	9.14	0.24	0.88	0.09	1048574	0.0596
20.94	18.09	0.77	13.20	4.88	0.00	4.61	13.20	13.20	0.58	0.68	0.09	1048574	0.0580
35.02	32.34	0.61	27.11	5.23	0.00	9.42	27.01	27.01	0.43	0.72	0.08	1048574	0.0324
15.80	13.11	0.62	9.43	3.67	0.00	5.51	9.43	9.43	0.24	0.72	0.08	1048574	0.0800
16.07	13.39	0.61	9.30	4.08	0.00	5.61	9.30	9.30	0.28	0.73	0.09	1048574	0.0783
17.65	14.85	0.72	9.32	5.53	0.00	3.07	9.32	9.32	1.69	0.66	0.09	1048574	0.0706
31.77	29.00	0.62	24.65	4.34	0.00	7.99	24.65	24.65	0.38	0.71	0.09	1048574	0.0362
26.33	23.63	0.63	19.19	4.43	0.00	6.66	19.19	19.19	0.27	0.93	0.09	1048574	0.0444
21.54	18.69	0.73	12.94	5.74	0.00	3.30	12.94	12.94	1.58	0.67	0.09	1048574	0.0561
20.33	17.64	0.61	11.49	6.14	0.00	2.80	11.49	11.49	1.64	0.73	0.10	1048574	0.0594
27.26	24.40	0.73	18.39	6.00	0.00	3.23	18.39	18.39	1.75	0.67	0.10	1048574	0.0430
21.48	18.66	0.73	12.06	6.59	0.00	3.01	12.06	12.06	1.54	0.66	0.11	1048574	0.0562
24.47	21.58	0.73	14.85	6.72	0.00	3.65	14.85	14.85	0.25	0.74	0.11	1048574	0.0486
90.41	87.67	0.63	81.92	5.74	0.00	12.43	81.92	81.92	0.45	0.73	0.09	1048574	0.0120
65.72	63.03	0.63	58.37	4.65	0.00	18.34	57.88	57.88	0.63	0.72	0.08	1048574	0.0166
32.73	30.06	0.60	25.90	4.15	0.00	13.88	25.37	25.37	0.72	0.71	0.09	1048574	0.0349
14.68	11.79	0.80	6.72	5.07	0.00	3.09	5.93	5.93	1.66	0.68	0.09	1048574	0.0889
14.10	11.42	0.61	6.58	4.83	0.00	3.82	6.49	6.49	0.90	0.76	0.08	1048574	0.0918
15.74	12.93	0.73	7.74	5.19	0.00	2.69	7.36	7.36	1.75	0.66	0.08	1048574	0.0811
14.36	11.55	0.73	7.20	4.34	0.00	4.01	7.20	7.20	0.27	0.68	0.09	1048574	0.0908
16.62	13.81	0.62	8.45	5.35	0.00	2.79	8.45	8.45	1.64	0.65	0.09	1048574	0.0759
18.78	15.93	0.74	10.72	5.20	0.00	3.03	10.72	10.72	1.65	0.66	0.09	1048574	0.0658
21.10	18.35	0.72	12.70	5.64	0.00	2.99	12.70	12.70	1.93	0.66	0.09	1048574	0.0571
40.70	37.79	0.81	31.77	6.02	0.00	8.87	31.77	31.77	0.45	0.87	0.11	1048574	0.0277
22.67	19.79	0.74	13.25	6.53	0.00	3.11	13.25	13.25	1.22	0.67	0.11	1048574	0.0530
38.85	36.01	0.74	30.57	5.43	0.00	3.47	30.57	30.57	2.03	0.67	0.09	1048574	0.0291
25.85	23.17	0.60	19.09	4.07	0.00	7.82	19.09	19.09	0.35	0.74	0.09	1048574	0.0453
12.59	9.79	0.73	5.59	4.20	0.00	3.07	5.23	5.23	0.17	0.74	0.09	1048574	0.1071
32.17	29.10	0.95	24.31	4.78	0.00	7.70	24.31	24.31	0.49	0.71	0.09	1048574	0.0360
23.81	21.08	0.61	14.94	6.14	0.00	4.06	14.94	14.94	2.53	0.63	0.10	1048574	0.0497
19.75	16.96	0.73	11.75	5.21	0.00	3.80	11.75	11.75	0.28	0.68	0.10	1048574	0.0618
19.25	16.53	0.65	10.64	5.88	0.00	3.57	10.64	10.64	0.22	0.66	0.10	1048574	0.0634
37.28	34.45	0.74	27.14	7.30	0.00	3.39	27.14	27.14	1.79	0.67	0.11	1048574	0.0304
30.09	27.26	0.74	20.60	6.66	0.00	2.94	20.60	20.60	1.69	0.67	0.10	1048574	0.0385
21.81	18.98	0.74	12.73	6.24	0.00	2.89	12.73	12.73	1.70	0.66	0.10	1048574	0.0553
39.07	36.36	0.63	31.20	5.16	0.00	8.56	31.20	31.20	0.38	0.72	0.09	1048574	0.0288
23.69	20.93	0.62	16.99	3.93	0.00	8.54	16.99	16.99	0.31	0.80	0.08	1048574	0.0501
14.65	11.79	0.79	6.65	5.13	0.00	2.92	6.48	6.48	1.52	0.66	0.08	1048574	0.0890
16.69	13.96	0.61	7.94	6.02	0.00	3.22	7.94	7.94	0.93	0.66	0.09	1048574	0.0751
42.64	39.89	0.69	34.88	5.00	0.00	10.23	34.88	34.88	0.37	0.73	0.08	1048574	0.0263
14.47	11.67	0.73	6.87	4.80	0.00	3.11	6.64	6.64	1.63	0.67	0.08	1048574	0.0898
19.04	16.24	0.73	11.14	5.10	0.00	2.97	10.91	10.91	1.90	0.71	0.09	1048574	0.0646
15.84	13.05	0.72	7.82	5.22	0.00	4.39	7.82	7.82	1.13	0.69	0.09	1048574	0.0804
32.82	30.02	0.73	24.44	5.57	0.00	5.01	24.44	24.44	3.26	0.58	0.09	1048574	0.0349
20.80	17.94	0.79	12.08	5.86	0.00	3.08	12.08	12.08	1.77	0.72	0.09	1048574	0.0585
24.24	21.43	0.74	15.97	5.45	0.00	2.93	15.97	15.97	1.75	0.67	0.10	1048574	0.0489
26.08	23.39	0.63	18.30	5.09	0.00	6.41	18.30	18.30	0.33	0.72	0.08	1048574	0.0448
66.83	64.14	0.61	59.52	4.61	0.00	13.24	59.16	59.16	0.50	0.74	0.08	1048574	0.0163
17.24	14.42	0.75	9.55	4.86	0.00	3.31	9.12	9.12	1.82	0.68	0.09	1048574	0.0727
22.80	19.95	0.78	14.94	5.00	0.00	5.17	14.94	14.94	3.22	0.59	0.08	1048574	0.0526
19.97	17.02	0.87	13.16	3.85	0.00	7.27	13.09	13.09	0.28	0.72	0.08	1048574	0.0616
13.23	10.31	0.85	5.39	4.92	0.00	3.16	5.08	5.08	1.25	0.73	0.09	1048574	0.1017
16.07	13.39	0.62	7.21	6.17	0.00	3.21	6.85	6.85	1.68	0.69	0.08	1048574	0.0783
14.67	11.51	1.08	7.08	4.43	0.00	3.33	7.08	7.08	0.19	0.73	0.09	1048574	0.0911
13.47	10.66	0.73	6.27	4.38	0.00	3.08	5.93	5.93	0.19	0.94	0.09	1048574	0.0983
23.70	20.97	0.61	16.10	4.86	0.00	6.48	16.10	16.10	0.38	0.70	0.09	1048574	0.0500
25.11	22.29	0.70	17.28	5.00	0.00	6.22	17.28	17.28	0.33	0.73	0.09	1048574	0.0471
23.76	20.87	0.78	15.32	5.54	0.00	2.85	15.32	15.32	1.80	0.66	0.10	1048574	0.0503
18.89	16.02	0.74	10.23	5.78	0.00	2.99	10.23	10.23	1.45	0.66	0.10	1048574	0.0655
17.92	14.99	0.70	8.82	6.17	0.00	3.24	8.69	8.69	0.21	0.65	0.10	1048574	0.0699
27.76	24.91	0.72	18.86	6.04	0.00	3.00	18.86	18.86	1.76	0.66	0.10	1048574	0.0421
46.42	43.72	0.63	38.56	5.15	0.00	10.09	38.45	38.45	0.42	0.73	0.08	1048574	0.0240
19.45	16.59	0.74	11.80	4.78	0.00	3.60	11.80	11.80	1.99	0.69	0.09	1048574	0.0632
17.17	14.48	0.62	10.81	3.66	0.00	5.86	10.81	10.81	0.21	0.80	0.09	1048574	0.0724
16.53	13.80	0.62	8.66	5.12	0.00	4.06	8.66	8.66	0.51	0.72	0.09	1048574	0.0760
15.36	12.68	0.61	7.94	4.73	0.00	3.93	7.94	7.94	0.25	0.66	0.09	1048574	0.0827
21.05	18.39	0.63	13.66	4.72	0.00	5.71	13.66	13.66	0.60	0.69	0.09	1048574	0.0570
18.45	15.44	0.94	10.17	5.26	0.00	3.41	10.17	10.17	1.83	0.69	0.09	1048574	0.0679
15.43	12.57	0.80	8.10	4.46	0.00	3.97	8.10	8.10	0.48	0.76	0.09	1048574	0.0834
14.14	11.33	0.79	6.26	5.06	0.00	3.17	6.26	6.26	1.41	0.66	0.09	1048574	0.0926
32.10	29.12	0.93	23.31	5.81	0.00	4.14	23.31	23.31	2.61	0.61	0.09	1048574	0.0360
14.87	12.05	0.74	7.44	4.60	0.00	3.14	7.12	7.12	0.16	0.67	0.09	1048574	0.0871
18.46	15.64	0.72	10.19	5.44	0.00	3.25	10.19	10.19	0.97	0.65	0.10	1048574	0.0671
23.30	20.48	0.74	14.37	6.10	0.00	2.69	14.37	14.37	1.77	0.65	0.10	1048574	0.0512
28.17	25.46	0.63	21.09	4.37	0.00	6.25	21.09	21.09	0.22	0.72	0.09	1048574	0.0412
23.75	21.04	0.61	16.54	4.49	0.00	8.78	16.54	16.54	0.44	0.72	0.08	1048574	0.0498
21.01	18.35	0.62	12.77	5.57	0.00	4.22	12.77	12.77	2.87	0.60	0.09	1048574	0.0571
17.19	14.50	0.62	8.26	6.23	0.00	2.94	8.26	8.26	1.66	0.71	0.09	1048574	0.0723
37.87	35.15	0.63	30.64	4.50	0.00	9.78	30.40	30.40	0.40	0.73	0.09	1048574	0.0298
14.59	11.92	0.61	6.57	5.34	0.00	3.56	6.22	6.22	1.59	0.66	0.09	1048574	0.0880
17.25	14.57	0.62	9.36	5.20	0.00	3.76	9.36	9.36	2.30	0.63	0.08	1048574	0.0720
15.68	12.87	0.73	6.99	5.88	0.00	3.15	6.41	6.41	1.69	0.66	0.09	1048574	0.0815
20.79	17.99	0.73	12.84	5.14	0.00	3.15	12.84	12.84	1.77	0.65	0.09	1048574	0.0583
16.40	13.72	0.61	8.29	5.42	0.00	2.89	8.29	8.29	1.59	0.66	0.09	1048574	0.0764
19.72	17.02	0.62	12.00	5.01	0.00	4.56	12.00	12.00	0.27	0.73	0.09	1048574	0.0616
20.09	17.29	0.73	12.38	4.90	0.00	4.58	12.38	12.38	0.25	0.69	0.09	1048574	0.0607
26.00	23.18	0.73	17.06	6.11	0.00	3.25	17.06	17.06	1.79	0.68	0.10	1048574	0.0452
19.71	17.05	0.62	11.20	5.84	0.00	3.68	11.20	11.20	0.21	0.65	0.10	1048574	0.0615
21.45	18.68	0.63	12.36	6.32	0.00	3.78	12.36	12.36	1.18	0.76	0.11	1048574	0.0561
26.33	23.61	0.63	15.65	7.95	0.00	3.35	15.65	15.65	1.56	0.65	0.11	1048574	0.0444
33.54	30.87	0.63	24.02	6.84	0.00	4.00	24.02	24.02	2.57	0.62	0.10	1048574	0.0340
23.24	20.39	0.73	14.16	6.22	0.00	2.87	14.16	14.16	1.65	0.66	0.10	1048574	0.0514
SCALE: 15
nvtx: 32768
edgefactor: 16
terasize: 8.38860799999999983e-06
A: 5.69999999999999951e-01
B: 1.90000000000000002e-01
C: 1.90000000000000002e-01
D: 5.00000000000000444e-02
generation_time: 0.00000000000000000e+00
construction_time: 4.04648750000000001e-01
nbfs: 100
min_time: 1.05200000405311581e-02
firstquartile_time: 1.51137500107288367e-02
median_time: 1.89970000088214887e-02
thirdquartile_time: 2.50620000362396268e-02
max_time: 8.82990000247955292e-02
mean_time: 2.22183700013160595e-02
stddev_time: 1.18677710065260116e-02
min_nedge: 5.24282000000000000e+05
firstquartile_nedge: 5.24282000000000000e+05
median_nedge: 5.24282000000000000e+05
thirdquartile_nedge: 5.24282000000000000e+05
max_nedge: 5.24282000000000000e+05
mean_nedge: 5.24282000000000000e+05
stddev_nedge: 0.00000000000000000e+00
min_TEPS: 5.93757573531721346e+06
firstquartile_TEPS: 2.16172024445781037e+07
median_TEPS: 2.78995669992976934e+07
thirdquartile_TEPS: 3.56526558928525746e+07
max_TEPS: 4.98366918231997266e+07
harmonic_mean_TEPS: 2.35967805005022883e+07
harmonic_stddev_TEPS: 1.26675351622103085e+06
