[BASH] Running the GPU only graph500 for scale 19
file:/dev/null	benchmark:GRAPH500	vertices:524288	edges:16777214	partitioning:RANDOM	platform:HYBRID	alpha:50	repeat:1	gpu_count:1	thread_count:4	thread_sched:GUIDED	thread_bind:false	gpu_graph_mem:DEVICE	gpu_par_randomized:false	sorted:false	edge_sort_key:id	edge_order:asc	separate_singletons:true	lambda:0Initializing the shares for Hybrid platform.
	time_init:1269.11	time_par:119.31	rmt_vertex:54	rmt_edge:50	beta:2	pid0:50,50,27,25	pid1:0,0,0,0	pid2:50,50,27,25	
total	exec	init	comp	comm	finalize	cpu_comp	gpu_comp	gpu_total_comp	scatter	gather	aggr	trv_edges	exec_rate
380.08	362.80	2.04	108.35	254.44	0.00	63.14	81.94	81.94	21.29	4.84	0.62	16777214	0.0462
289.93	263.03	4.58	212.36	50.66	0.00	61.00	202.31	202.31	8.60	6.67	3.12	16777214	0.0638
260.27	229.70	3.08	66.09	163.59	0.00	57.57	48.30	48.30	9.18	6.59	0.42	16777214	0.0730
163.77	146.58	3.00	68.21	78.36	0.00	56.61	52.48	52.48	3.69	4.66	1.52	16777214	0.1145
179.09	159.11	2.68	97.39	61.72	0.00	59.86	83.72	83.72	11.16	10.96	0.86	16777214	0.1054
181.40	164.31	2.42	116.46	47.83	0.00	53.30	110.02	110.02	17.97	6.87	0.24	16777214	0.1021
280.25	260.22	2.27	75.72	184.49	0.00	54.85	59.67	59.67	12.42	16.36	0.57	16777214	0.0645
193.66	176.28	2.84	132.67	43.60	0.00	75.12	106.59	106.59	20.91	6.88	0.28	16777214	0.0952
107.47	94.63	2.37	59.87	34.76	0.00	47.05	46.51	46.51	10.06	7.83	0.26	16777214	0.1773
140.93	124.41	2.88	88.59	35.81	0.00	61.79	62.96	62.96	15.90	8.63	0.56	16777214	0.1349
286.69	265.13	4.20	137.88	127.24	0.00	93.55	106.75	106.75	8.39	8.16	0.56	16777214	0.0633
139.39	122.90	2.78	82.96	39.92	0.00	54.73	71.67	71.67	10.88	7.22	0.28	16777214	0.1365
364.72	343.32	2.42	164.03	179.28	0.00	85.59	149.56	149.56	31.12	6.27	0.40	16777214	0.0489
120.24	106.60	2.71	79.57	27.02	0.00	60.05	67.86	67.86	5.72	7.02	2.02	16777214	0.1574
138.89	113.62	0.89	81.14	32.47	0.00	51.58	62.86	62.86	14.24	6.88	5.15	16777214	0.1477
120.52	99.31	2.15	66.28	33.02	0.00	58.31	44.42	44.42	10.64	5.88	0.28	16777214	0.1689
181.26	165.14	3.09	112.13	53.00	0.00	58.36	91.40	91.40	15.83	4.95	0.53	16777214	0.1016
201.52	178.69	2.61	144.64	34.05	0.00	77.59	131.78	131.78	6.39	8.75	0.27	16777214	0.0939
137.09	116.73	2.66	64.80	51.91	0.00	56.37	46.18	46.18	11.09	6.17	0.29	16777214	0.1437
168.61	148.46	1.84	107.87	40.57	0.00	72.07	88.75	88.75	19.77	8.88	0.26	16777214	0.1130
180.16	163.15	4.63	125.53	37.62	0.00	68.36	109.27	109.27	5.42	8.16	0.57	16777214	0.1028
173.16	150.57	5.55	107.47	43.09	0.00	64.97	98.25	98.25	12.61	7.54	0.56	16777214	0.1114
447.30	419.40	6.23	373.45	45.94	0.00	127.28	353.47	353.47	8.14	6.84	0.26	16777214	0.0400
136.06	124.18	1.98	80.01	44.15	0.00	56.18	68.14	68.14	10.51	6.54	0.58	16777214	0.1351
111.90	89.28	2.79	67.53	21.74	0.00	58.50	49.05	49.05	6.70	6.44	0.27	16777214	0.1879
167.87	145.40	2.40	103.09	42.29	0.00	82.14	70.11	70.11	11.37	9.83	0.99	16777214	0.1154
195.38	171.50	3.99	138.31	33.17	0.00	99.31	99.02	99.02	6.16	9.91	1.05	16777214	0.0978
148.14	136.89	2.12	90.16	46.71	0.00	83.58	65.69	65.69	15.00	18.99	0.27	16777214	0.1226
197.19	164.71	7.13	109.34	55.35	0.00	96.69	80.21	80.21	16.53	17.28	1.06	16777214	0.1019
210.00	192.83	1.81	133.60	59.22	0.00	95.63	113.73	113.73	21.80	13.27	0.38	16777214	0.0870
336.52	316.40	0.99	271.67	44.71	0.00	100.66	245.47	245.47	4.22	12.03	0.28	16777214	0.0530
193.25	155.18	3.24	126.61	28.56	0.00	100.05	94.45	94.45	7.14	8.01	0.31	16777214	0.1081
192.35	170.35	2.88	125.62	44.72	0.00	114.51	93.88	93.88	12.76	13.17	0.33	16777214	0.0985
3581.88	3567.44	5.17	3546.91	20.52	0.00	291.14	3526.30	3526.30	2.28	12.10	0.44	16777214	0.0047
182.73	161.30	2.58	113.65	47.64	0.00	101.45	68.02	68.02	23.77	13.52	0.53	16777214	0.1040
190.97	169.92	2.29	121.15	48.76	0.00	99.91	99.15	99.15	18.59	15.44	0.50	16777214	0.0987
264.29	234.96	3.58	180.74	54.21	0.00	103.42	147.08	147.08	25.09	6.96	0.63	16777214	0.0714
213.72	191.95	1.21	155.55	36.39	0.00	73.98	131.41	131.41	13.47	8.86	1.22	16777214	0.0874
276.14	251.58	2.17	202.88	48.35	0.00	128.21	169.87	169.87	27.45	9.72	0.50	16777214	0.0667
192.82	179.52	4.13	130.24	49.26	0.00	99.15	103.19	103.19	9.00	14.93	0.26	16777214	0.0935
155.10	126.82	1.22	98.01	28.78	0.00	81.21	85.49	85.49	7.19	7.85	0.47	16777214	0.1323
230.26	196.33	14.02	159.30	37.02	0.00	64.49	146.50	146.50	7.46	12.01	0.68	16777214	0.0855
280.83	259.93	2.78	211.25	48.66	0.00	98.75	187.29	187.29	3.71	4.10	0.30	16777214	0.0645
164.71	151.19	4.29	107.07	44.10	0.00	87.53	86.59	86.59	8.98	7.50	0.30	16777214	0.1110
277.15	246.94	4.28	206.92	40.01	0.00	128.01	155.65	155.65	11.17	12.60	1.56	16777214	0.0679
194.67	170.29	2.68	126.19	44.08	0.00	101.56	107.07	107.07	12.75	14.56	0.53	16777214	0.0985
189.07	168.73	1.11	109.02	59.70	0.00	48.88	92.78	92.78	8.82	8.32	0.56	16777214	0.0994
255.75	218.87	2.81	172.20	46.65	0.00	116.58	135.98	135.98	14.53	9.61	0.61	16777214	0.0767
178.62	160.09	3.97	125.51	34.57	0.00	100.40	108.78	108.78	3.00	9.92	0.26	16777214	0.1048
216.68	198.94	3.47	147.28	51.64	0.00	86.56	106.07	106.07	21.33	15.86	0.51	16777214	0.0843
207.79	191.81	2.38	127.93	63.86	0.00	102.72	89.67	89.67	23.54	8.53	0.58	16777214	0.0875
150.91	128.85	3.37	102.17	26.67	0.00	42.34	91.13	91.13	10.65	5.83	0.46	16777214	0.1302
140.75	118.68	3.55	82.09	36.58	0.00	62.04	65.48	65.48	15.37	7.28	1.18	16777214	0.1414
124.28	105.18	2.04	75.48	29.69	0.00	47.28	66.04	66.04	12.25	5.83	0.43	16777214	0.1595
127.79	116.06	2.67	69.76	46.28	0.00	56.41	49.45	49.45	6.81	21.70	0.28	16777214	0.1446
174.57	145.48	9.41	97.29	48.17	0.00	76.18	84.29	84.29	9.86	5.77	0.62	16777214	0.1153
276.16	242.59	3.46	180.53	62.04	0.00	88.56	143.44	143.44	19.97	3.11	0.52	16777214	0.0692
187.63	157.71	12.47	118.51	39.18	0.00	110.70	91.85	91.85	9.83	13.85	0.50	16777214	0.1064
257.40	225.91	7.14	187.89	38.00	0.00	97.10	143.52	143.52	5.81	12.59	6.99	16777214	0.0743
181.31	141.45	21.96	105.69	35.75	0.00	52.46	95.27	95.27	11.05	7.72	0.26	16777214	0.1186
119.60	82.65	1.02	65.40	17.24	0.00	49.76	53.56	53.56	4.36	5.96	2.33	16777214	0.2030
271.87	250.33	4.07	180.87	69.44	0.00	96.47	155.35	155.35	30.81	13.35	0.45	16777214	0.0670
226.81	194.25	4.62	163.12	31.12	0.00	73.58	136.91	136.91	12.55	6.63	0.46	16777214	0.0864
268.25	242.82	13.21	208.51	34.30	0.96	89.34	194.80	194.80	5.65	7.27	0.84	16777214	0.0691
206.98	185.69	1.78	154.25	31.43	0.00	63.38	149.60	149.60	5.62	5.75	1.08	16777214	0.0904
180.21	155.35	2.00	116.29	39.04	0.00	52.29	93.53	93.53	11.50	7.39	0.60	16777214	0.1080
131.09	116.09	4.82	59.83	56.25	0.00	52.53	50.68	50.68	4.55	7.58	0.26	16777214	0.1445
188.02	172.13	2.91	73.71	98.41	0.00	60.91	56.78	56.78	8.96	6.29	0.58	16777214	0.0975
167.49	155.54	0.90	73.68	81.85	0.00	56.26	59.84	59.84	13.95	7.79	1.63	16777214	0.1079
323.60	296.08	8.43	252.80	43.27	0.00	38.34	246.58	246.58	11.99	5.12	1.38	16777214	0.0567
455.89	434.83	1.85	94.57	340.21	0.00	77.31	59.91	59.91	11.13	23.41	0.84	16777214	0.0386
279.08	257.18	1.93	218.07	39.10	0.00	75.74	203.43	203.43	7.39	6.40	0.25	16777214	0.0652
304.42	281.46	3.77	239.55	41.89	0.00	104.13	203.62	203.62	5.47	5.63	0.83	16777214	0.0596
170.63	150.82	2.30	83.45	67.36	0.00	73.10	68.85	68.85	5.33	6.48	0.60	16777214	0.1112
219.61	197.61	2.40	123.89	73.71	0.00	61.35	101.67	101.67	12.44	6.04	0.26	16777214	0.0849
211.18	191.94	2.24	139.33	52.57	0.00	67.20	123.02	123.02	14.98	10.03	0.29	16777214	0.0874
279.70	256.58	4.24	226.57	30.00	0.00	61.55	209.30	209.30	4.85	6.15	0.32	16777214	0.0654
170.90	153.08	3.35	68.54	84.52	0.00	59.84	51.57	51.57	4.26	6.86	0.29	16777214	0.1096
640.82	621.05	5.18	96.45	524.59	0.00	75.54	69.95	69.95	27.81	7.07	1.53	16777214	0.0270
519.51	502.13	1.97	162.36	339.76	0.00	89.40	129.64	129.64	21.94	14.44	5.05	16777214	0.0334
186.85	160.55	6.51	66.36	94.18	0.00	57.74	50.98	50.98	8.17	6.97	0.90	16777214	0.1045
147.07	134.21	2.20	75.57	58.62	0.00	47.93	65.24	65.24	11.33	7.86	0.26	16777214	0.1250
163.69	150.34	2.45	102.91	47.42	0.00	59.42	90.48	90.48	17.39	7.47	0.29	16777214	0.1116
480.28	462.76	3.36	199.71	263.04	0.00	66.92	191.01	191.01	31.05	6.51	0.26	16777214	0.0363
217.28	205.27	2.88	91.42	113.84	0.00	69.32	67.69	67.69	10.64	6.44	0.26	16777214	0.0817
254.47	232.04	3.54	193.79	38.20	0.00	81.31	176.98	176.98	8.42	5.93	0.94	16777214	0.0723
173.73	160.40	2.36	106.59	51.51	0.00	29.57	104.02	104.02	8.82	2.78	0.28	16777214	0.1046
620.06	589.16	2.62	103.50	485.66	0.00	83.34	65.98	65.98	10.44	6.45	1.24	16777214	0.0285
376.89	353.89	4.34	330.13	23.75	0.00	96.77	305.45	305.45	16.73	6.38	0.34	16777214	0.0474
200.67	181.51	3.02	124.41	57.09	0.00	72.10	95.50	95.50	15.79	6.44	0.31	16777214	0.0924
744.81	723.76	2.44	147.52	576.23	0.00	92.56	125.02	125.02	26.42	6.86	0.57	16777214	0.0232
219.70	206.79	2.66	148.92	57.86	0.00	77.08	135.32	135.32	17.61	6.52	0.30	16777214	0.0811
173.92	138.29	4.33	69.30	68.98	0.00	60.62	51.24	51.24	7.73	5.69	0.26	16777214	0.1213
201.58	181.62	0.90	64.09	117.52	0.00	55.03	45.75	45.75	5.39	6.18	0.29	16777214	0.0924
386.47	369.62	2.47	148.13	221.48	0.00	103.74	107.06	107.06	7.86	7.43	0.54	16777214	0.0454
322.99	311.41	2.47	155.15	156.25	0.00	64.37	150.47	150.47	32.20	5.28	0.28	16777214	0.0539
169.66	146.35	1.45	79.96	65.93	0.00	65.36	56.64	56.64	10.92	6.96	0.28	16777214	0.1146
547.75	514.58	4.62	73.92	440.65	0.00	63.15	62.34	62.34	11.77	10.25	0.26	16777214	0.0326
604.29	571.75	16.91	79.54	492.20	0.00	67.83	47.97	47.97	14.12	18.16	0.27	16777214	0.0293
150.45	136.47	1.06	106.33	30.13	0.00	37.28	104.94	104.94	7.39	5.78	0.26	16777214	0.1229
SCALE: 19
nvtx: 524288
edgefactor: 16
terasize: 1.34217727999999997e-04
A: 5.69999999999999951e-01
B: 1.90000000000000002e-01
C: 1.90000000000000002e-01
D: 5.00000000000000444e-02
generation_time: 0.00000000000000000e+00
construction_time: 4.11572599900000036e+00
nbfs: 100
min_time: 8.36669999957084659e-02
firstquartile_time: 1.53562999919056892e-01
median_time: 1.80212499946355825e-01
thirdquartile_time: 2.58339249968528750e-01
max_time: 3.57260400003194789e+00
mean_time: 2.54727039999961824e-01
stddev_time: 3.56542419111334830e-01
min_nedge: 1.00000000000000000e+00
firstquartile_nedge: 8.38851300000000000e+06
median_nedge: 8.38851300000000000e+06
thirdquartile_nedge: 8.38851300000000000e+06
max_nedge: 8.38851300000000000e+06
mean_nedge: 8.30462787999999989e+06
stddev_nedge: 8.38851200000000070e+05
min_TEPS: 2.79907876717110982e-01
firstquartile_TEPS: 3.29949275099062920e+07
median_TEPS: 4.78629199062412530e+07
thirdquartile_TEPS: 5.55847752242544442e+07
max_TEPS: 1.00260712113859370e+08
harmonic_mean_TEPS: 2.79907672171088606e+01
harmonic_stddev_TEPS: 2.81317587660257011e+01
