[BASH] Running the GPU only graph500 for scale 16
file:/dev/null	benchmark:GRAPH500	vertices:65536	edges:2097150	partitioning:RANDOM	platform:HYBRID	alpha:50	repeat:1	gpu_count:1	thread_count:1	thread_sched:GUIDED	thread_bind:false	gpu_graph_mem:DEVICE	gpu_par_randomized:false	sorted:false	edge_sort_key:id	edge_order:asc	separate_singletons:true	lambda:0Initializing the shares for Hybrid platform.
	time_init:291.49	time_par:8.26	rmt_vertex:62	rmt_edge:50	beta:2	pid0:50,52,31,25	pid1:0,0,0,0	pid2:50,48,31,25	
total	exec	init	comp	comm	finalize	cpu_comp	gpu_comp	gpu_total_comp	scatter	gather	aggr	trv_edges	exec_rate
71.21	66.42	0.69	50.35	16.05	0.00	6.86	50.35	50.35	3.14	1.17	0.10	2097150	0.0316
34.44	29.51	0.80	20.56	8.94	0.00	6.08	20.56	20.56	3.87	1.19	0.10	2097150	0.0711
52.76	47.62	1.06	38.61	9.00	0.00	7.82	38.61	38.61	4.83	1.04	0.11	2097150	0.0440
52.05	47.07	0.91	40.57	6.49	0.00	18.80	40.57	40.57	0.89	1.29	0.10	2097150	0.0446
29.19	23.88	1.20	15.86	8.01	0.00	6.57	15.31	15.31	4.13	1.17	0.10	2097150	0.0878
22.67	17.77	0.81	10.28	7.49	0.00	7.25	8.52	8.52	2.49	1.13	0.10	2097150	0.1180
39.46	34.15	1.22	24.50	9.65	0.00	5.80	24.50	24.50	3.66	1.20	0.11	2097150	0.0614
53.70	48.76	0.78	40.99	7.77	0.00	8.60	40.99	40.99	5.84	1.02	0.10	2097150	0.0430
22.44	17.69	0.69	12.13	5.55	0.00	9.54	12.13	12.13	0.49	1.18	0.10	2097150	0.1186
24.17	19.01	0.87	10.83	8.17	0.00	6.74	9.58	9.58	3.13	1.14	0.10	2097150	0.1103
50.88	46.04	0.70	38.43	7.60	0.00	10.16	38.43	38.43	6.51	1.00	0.10	2097150	0.0456
32.00	27.21	0.73	21.67	5.53	0.00	18.56	20.41	20.41	0.90	1.25	0.10	2097150	0.0771
24.83	19.88	0.80	11.70	8.17	0.00	6.27	10.07	10.07	3.40	1.14	0.11	2097150	0.1055
20.41	15.66	0.69	10.27	5.38	0.00	8.32	8.20	8.20	0.46	1.18	0.10	2097150	0.1339
30.91	26.16	0.68	16.50	9.65	0.00	5.55	16.23	16.23	3.80	1.15	0.10	2097150	0.0802
80.38	75.64	0.67	69.16	6.47	0.00	27.78	67.92	67.92	1.02	1.25	0.10	2097150	0.0277
27.48	22.52	0.81	14.34	8.17	0.00	5.76	12.91	12.91	3.72	1.24	0.10	2097150	0.0931
28.31	23.47	0.73	14.75	8.71	0.00	5.88	13.75	13.75	3.68	1.13	0.10	2097150	0.0894
39.69	34.69	0.80	27.20	7.49	0.00	8.82	27.20	27.20	5.76	1.31	0.10	2097150	0.0604
321.69	316.86	0.79	313.43	3.42	0.00	65.44	313.43	313.43	0.30	0.83	0.11	2097150	0.0066
35.41	30.58	0.80	22.91	7.67	0.00	9.30	22.91	22.91	6.50	1.08	0.10	2097150	0.0686
47.59	42.80	0.70	36.99	5.81	0.00	24.36	36.05	36.05	1.07	1.49	0.10	2097150	0.0490
21.07	16.20	0.81	10.27	5.93	0.00	7.21	8.37	8.37	0.52	1.12	0.10	2097150	0.1294
22.72	17.97	0.68	10.92	7.05	0.00	7.49	9.76	9.76	2.01	1.12	0.10	2097150	0.1167
24.16	19.30	0.80	11.42	7.87	0.00	6.66	10.28	10.28	3.16	1.24	0.10	2097150	0.1087
27.59	22.72	0.81	14.30	8.41	0.00	6.65	13.65	13.65	3.43	1.15	0.10	2097150	0.0923
31.89	27.07	0.69	18.34	8.73	0.00	6.25	17.92	17.92	3.74	1.15	0.10	2097150	0.0775
25.84	20.88	0.81	12.34	8.53	0.00	6.90	11.12	11.12	3.25	1.15	0.10	2097150	0.1005
29.28	24.47	0.69	15.76	8.70	0.00	6.91	15.71	15.71	4.08	1.14	0.10	2097150	0.0857
30.65	25.77	0.80	17.36	8.40	0.00	6.14	16.66	16.66	3.47	1.15	0.10	2097150	0.0814
38.10	33.15	0.86	24.41	8.73	0.00	7.73	24.41	24.41	4.69	1.07	0.10	2097150	0.0633
29.80	25.04	0.69	15.92	9.11	0.00	6.33	15.45	15.45	3.56	1.14	0.11	2097150	0.0837
35.73	30.88	0.80	22.71	8.17	0.00	5.99	22.71	22.71	3.61	1.16	0.10	2097150	0.0679
31.63	26.68	0.89	17.65	9.02	0.00	5.66	17.38	17.38	3.70	1.18	0.11	2097150	0.0786
97.92	93.11	0.67	86.82	6.28	0.00	35.88	85.13	85.13	1.49	1.63	0.10	2097150	0.0225
32.22	27.17	0.80	19.83	7.33	0.00	8.68	19.83	19.83	5.70	1.05	0.10	2097150	0.0772
22.96	18.21	0.69	10.37	7.83	0.00	6.73	8.49	8.49	3.31	1.14	0.10	2097150	0.1152
22.24	17.36	0.80	11.60	5.75	0.00	9.35	9.93	9.93	0.92	1.16	0.10	2097150	0.1208
23.51	18.67	0.69	10.77	7.90	0.00	7.12	9.79	9.79	2.72	1.12	0.13	2097150	0.1123
25.55	20.63	0.79	12.45	8.17	0.00	6.23	11.38	11.38	3.46	1.13	0.10	2097150	0.1017
43.23	38.34	0.81	30.42	7.91	0.00	8.85	30.42	30.42	6.07	1.01	0.11	2097150	0.0547
53.32	48.51	0.68	42.39	6.11	0.00	26.10	41.55	41.55	1.10	1.47	0.10	2097150	0.0432
22.95	18.08	0.81	12.60	5.47	0.00	9.96	12.45	12.45	0.50	1.20	0.10	2097150	0.1160
24.37	19.08	1.10	11.88	7.20	0.00	7.07	11.88	11.88	1.32	1.16	0.10	2097150	0.1099
38.26	33.43	0.81	25.60	7.82	0.00	6.51	25.60	25.60	3.92	1.66	0.10	2097150	0.0627
60.08	55.08	0.79	47.53	7.54	0.00	10.59	47.53	47.53	6.74	1.00	0.10	2097150	0.0381
25.06	20.22	0.70	15.27	4.94	0.00	13.58	13.41	13.41	0.47	1.20	0.09	2097150	0.1037
27.86	22.99	0.81	14.33	8.65	0.00	6.21	13.54	13.54	3.72	1.14	0.10	2097150	0.0912
23.00	18.11	0.81	10.49	7.61	0.00	6.97	9.06	9.06	2.89	1.14	0.10	2097150	0.1158
43.63	38.70	0.79	30.76	7.94	0.00	9.35	30.76	30.76	6.30	1.03	0.10	2097150	0.0542
22.96	18.18	0.70	11.30	6.87	0.00	7.87	10.73	10.73	1.48	1.15	0.11	2097150	0.1153
25.46	20.21	1.20	12.98	7.22	0.00	7.45	12.98	12.98	2.55	1.30	0.10	2097150	0.1038
31.88	26.82	0.86	17.80	9.01	0.00	6.00	17.52	17.52	3.68	1.14	0.11	2097150	0.0782
36.70	31.81	0.81	22.90	8.90	0.00	5.70	22.90	22.90	3.78	1.19	0.11	2097150	0.0659
25.96	21.11	0.80	15.20	5.91	0.00	9.56	15.20	15.20	0.54	1.20	0.10	2097150	0.0993
26.16	21.15	0.85	12.85	8.29	0.00	6.83	12.80	12.80	3.20	1.12	0.10	2097150	0.0992
25.55	20.23	1.19	13.19	7.03	0.00	7.31	13.19	13.19	1.83	1.19	0.12	2097150	0.1037
27.66	22.89	0.68	15.83	7.06	0.00	8.67	15.83	15.83	1.71	1.14	0.11	2097150	0.0916
29.08	24.22	0.78	15.59	8.63	0.00	6.59	15.59	15.59	3.00	1.12	0.11	2097150	0.0866
32.00	27.09	0.79	17.86	9.23	0.00	6.59	17.86	17.86	3.05	1.16	0.12	2097150	0.0774
45.33	40.50	0.70	29.83	10.65	0.00	5.61	29.83	29.83	3.75	1.13	0.11	2097150	0.0518
28.23	23.43	0.69	16.48	6.93	0.00	8.02	16.35	16.35	0.46	1.17	0.11	2097150	0.0895
60.13	55.27	0.79	48.33	6.93	0.00	19.23	48.33	48.33	1.00	1.48	0.11	2097150	0.0379
28.89	24.04	0.68	14.82	9.21	0.00	6.64	14.82	14.82	3.16	1.20	0.11	2097150	0.0873
53.50	48.75	0.68	40.68	8.06	0.00	8.51	40.68	40.68	5.75	1.03	0.10	2097150	0.0430
28.53	23.64	0.80	15.19	8.45	0.00	5.83	14.12	14.12	3.63	1.15	0.10	2097150	0.0887
25.71	20.87	0.72	14.15	6.71	0.00	8.10	14.08	14.08	0.50	1.16	0.10	2097150	0.1005
38.93	33.95	0.86	25.94	8.01	0.00	5.84	25.94	25.94	3.72	1.64	0.10	2097150	0.0618
23.02	18.02	0.73	10.22	7.79	0.00	7.00	8.86	8.86	2.52	1.24	0.10	2097150	0.1164
33.26	28.48	0.71	22.38	6.09	0.00	13.35	22.38	22.38	0.61	1.23	0.10	2097150	0.0736
34.10	29.34	0.59	19.94	9.40	0.00	5.69	19.94	19.94	3.79	1.18	0.13	2097150	0.0715
30.73	25.79	0.86	16.59	9.19	0.00	5.93	16.28	16.28	3.52	1.13	0.10	2097150	0.0813
33.82	28.91	0.73	19.70	9.20	0.00	6.41	19.70	19.70	4.02	1.43	0.11	2097150	0.0725
28.81	23.99	0.71	16.82	7.16	0.00	7.90	16.82	16.82	1.48	3.22	0.11	2097150	0.0874
28.34	23.52	0.70	14.79	8.72	0.00	6.92	14.79	14.79	3.15	1.12	0.11	2097150	0.0892
27.31	22.44	0.71	14.54	7.90	0.00	7.45	14.54	14.54	2.60	1.12	0.10	2097150	0.0935
49.94	44.78	0.92	37.18	7.59	0.00	12.86	37.18	37.18	0.55	1.20	0.12	2097150	0.0468
29.00	24.22	0.65	15.34	8.87	0.00	6.92	15.34	15.34	2.70	1.11	0.11	2097150	0.0866
28.61	23.77	0.71	16.91	6.85	0.00	8.08	16.79	16.79	0.44	1.13	0.11	2097150	0.0882
23.38	18.55	0.70	12.40	6.13	0.00	7.41	12.03	12.03	0.46	1.17	0.10	2097150	0.1131
51.46	46.73	0.60	38.57	8.16	0.00	8.89	38.57	38.57	6.12	1.05	0.11	2097150	0.0449
22.08	17.45	0.61	10.64	6.79	0.00	7.77	9.27	9.27	1.62	1.14	0.10	2097150	0.1202
59.63	54.89	0.61	48.98	5.90	0.00	28.35	47.35	47.35	1.11	1.47	0.10	2097150	0.0382
37.15	32.30	0.72	24.19	8.10	0.00	8.31	24.19	24.19	5.29	1.05	0.10	2097150	0.0649
24.98	20.23	0.60	11.63	8.60	0.00	6.65	10.44	10.44	3.27	1.18	0.10	2097150	0.1037
34.81	30.14	0.60	20.44	9.69	0.00	5.78	20.23	20.23	3.77	1.14	0.10	2097150	0.0696
23.67	18.80	0.69	11.56	7.22	0.00	7.35	11.10	11.10	1.63	1.13	0.10	2097150	0.1116
29.39	24.60	0.71	17.51	7.08	0.00	9.23	17.51	17.51	1.59	1.17	0.10	2097150	0.0853
28.48	23.78	0.60	17.06	6.71	0.00	9.54	17.06	17.06	0.51	1.21	0.10	2097150	0.0882
21.16	16.54	0.60	10.75	5.77	0.00	8.33	9.21	9.21	0.44	1.12	0.10	2097150	0.1268
42.43	37.55	0.74	28.47	9.07	0.00	9.14	28.47	28.47	6.30	1.00	0.11	2097150	0.0559
39.89	35.03	0.74	26.04	8.98	0.00	6.07	25.76	25.76	3.87	1.16	0.10	2097150	0.0599
35.75	31.06	0.62	22.85	8.21	0.00	7.77	22.85	22.85	4.74	1.18	0.10	2097150	0.0675
26.04	21.15	0.72	13.14	8.00	0.00	7.23	13.14	13.14	2.83	1.15	0.10	2097150	0.0992
32.38	27.69	0.62	17.89	9.79	0.00	5.62	17.56	17.56	3.81	1.13	0.10	2097150	0.0757
21.30	16.65	0.58	10.39	6.26	0.00	7.26	9.40	9.40	0.47	1.14	0.10	2097150	0.1259
25.39	20.63	0.71	14.14	6.47	0.00	9.44	14.14	14.14	1.59	1.15	0.10	2097150	0.1017
33.84	29.08	0.58	19.77	9.30	0.00	5.99	19.77	19.77	3.65	1.17	0.10	2097150	0.0721
44.02	39.27	0.69	30.51	8.75	0.00	5.83	29.49	29.49	3.91	1.13	0.10	2097150	0.0534
23.83	18.90	0.71	10.80	8.09	0.00	6.74	9.21	9.21	3.16	1.13	0.14	2097150	0.1110
SCALE: 16
nvtx: 65536
edgefactor: 16
terasize: 1.67772159999999997e-05
A: 5.69999999999999951e-01
B: 1.90000000000000002e-01
C: 1.90000000000000002e-01
D: 5.00000000000000444e-02
generation_time: 0.00000000000000000e+00
construction_time: 8.13631916999999927e-01
nbfs: 100
min_time: 1.63540000319480905e-02
firstquartile_time: 2.14095000177621855e-02
median_time: 2.55175000131130231e-02
thirdquartile_time: 3.52342499643564233e-02
max_time: 3.17653999984264357e-01
mean_time: 3.28576400005817504e-02
stddev_time: 3.16620032080980954e-02
min_nedge: 1.00000000000000000e+00
firstquartile_nedge: 1.04856600000000000e+06
median_nedge: 1.04856600000000000e+06
thirdquartile_nedge: 1.04856600000000000e+06
max_nedge: 1.04856600000000000e+06
mean_nedge: 1.03808034999999998e+06
stddev_nedge: 1.04856500000000000e+05
min_TEPS: 3.14807935694037244e+00
firstquartile_TEPS: 3.06771331983436756e+07
median_TEPS: 4.17390818788743913e+07
thirdquartile_TEPS: 4.98682753392784521e+07
max_TEPS: 6.41167908738896251e+07
harmonic_mean_TEPS: 3.14805130443245105e+02
harmonic_stddev_TEPS: 3.16388212696727862e+02
