[BASH] Running the GPU only graph500 for scale 14
file:/dev/null	benchmark:GRAPH500	vertices:16384	edges:524286	partitioning:RANDOM	platform:HYBRID	alpha:50	repeat:1	gpu_count:1	thread_count:1	thread_sched:GUIDED	thread_bind:false	gpu_graph_mem:DEVICE	gpu_par_randomized:false	sorted:false	edge_sort_key:id	edge_order:asc	separate_singletons:true	lambda:0Initializing the shares for Hybrid platform.
	time_init:141.21	time_par:1.97	rmt_vertex:67	rmt_edge:50	beta:2	pid0:50,52,34,25	pid1:0,0,0,0	pid2:50,48,33,25	
total	exec	init	comp	comm	finalize	cpu_comp	gpu_comp	gpu_total_comp	scatter	gather	aggr	trv_edges	exec_rate
61.11	59.26	0.72	55.00	4.25	0.00	1.46	55.00	55.00	1.19	0.46	0.08	524286	0.0088
17.56	15.87	0.60	11.80	4.06	0.00	2.13	11.80	11.80	1.77	0.39	0.08	524286	0.0330
12.20	10.42	0.70	6.76	3.65	0.00	2.18	6.76	6.76	0.18	0.43	0.08	524286	0.0503
14.23	12.44	0.70	8.00	4.44	0.00	1.35	8.00	8.00	0.98	0.44	0.09	524286	0.0421
25.22	23.44	0.70	19.08	4.35	0.00	1.57	19.08	19.08	1.23	0.42	0.09	524286	0.0224
28.18	26.49	0.57	21.12	5.36	0.00	1.74	21.12	21.12	1.44	0.40	0.09	524286	0.0198
34.86	33.16	0.59	27.90	5.25	0.00	1.49	27.90	27.90	1.23	0.42	0.09	524286	0.0158
17.55	15.88	0.58	10.92	4.96	0.00	1.48	10.92	10.92	0.94	0.44	0.10	524286	0.0330
22.10	20.33	0.64	15.45	4.87	0.00	2.63	15.45	15.45	0.19	0.44	0.10	524286	0.0258
14.49	12.65	0.79	8.41	4.23	0.00	2.04	8.41	8.41	0.18	0.49	0.09	524286	0.0414
14.16	12.47	0.58	7.86	4.60	0.00	1.63	7.86	7.86	0.83	0.43	0.09	524286	0.0420
46.36	44.71	0.57	39.95	4.75	0.00	7.21	39.95	39.95	0.51	0.46	0.08	524286	0.0117
10.31	8.65	0.58	4.94	3.71	0.00	1.24	4.94	4.94	0.95	0.42	0.08	524286	0.0606
13.29	11.53	0.69	7.92	3.60	0.00	1.36	7.92	7.92	1.10	0.42	0.08	524286	0.0455
12.28	10.57	0.56	7.64	2.92	0.00	2.80	7.64	7.64	0.14	0.48	0.08	524286	0.0496
28.74	27.10	0.57	23.57	3.52	0.00	4.59	23.57	23.57	0.30	0.89	0.08	524286	0.0193
24.24	22.48	0.68	18.87	3.60	0.00	2.24	18.87	18.87	1.82	0.30	0.08	524286	0.0233
16.23	14.42	0.70	10.66	3.76	0.00	3.41	10.66	10.66	0.37	0.46	0.08	524286	0.0364
16.51	14.69	0.71	10.82	3.87	0.00	1.89	10.82	10.82	1.61	0.40	0.12	524286	0.0357
17.01	15.35	0.58	12.11	3.24	0.00	3.68	12.11	12.11	0.22	0.46	0.09	524286	0.0342
11.37	9.56	0.74	5.88	3.67	0.00	1.42	5.88	5.88	0.85	0.42	0.08	524286	0.0549
23.50	21.81	0.58	17.79	4.01	0.00	3.43	17.79	17.79	0.25	0.46	0.11	524286	0.0240
10.01	8.26	0.70	4.75	3.51	0.00	1.55	4.75	4.75	0.12	0.42	0.08	524286	0.0634
21.58	19.80	0.68	14.55	5.24	0.00	1.35	14.55	14.55	1.12	0.43	0.09	524286	0.0265
21.43	19.75	0.58	15.28	4.47	0.00	2.71	15.28	15.28	0.16	0.44	0.10	524286	0.0265
22.52	20.86	0.59	15.64	5.21	0.00	1.22	15.64	15.64	1.12	0.44	0.09	524286	0.0251
13.83	12.12	0.63	7.28	4.83	0.00	1.58	7.28	7.28	0.93	0.43	0.08	524286	0.0432
12.46	10.81	0.57	6.65	4.16	0.00	1.45	6.65	6.65	0.78	0.43	0.09	524286	0.0485
11.99	10.33	0.57	6.47	3.85	0.00	1.67	6.47	6.47	0.12	0.43	0.09	524286	0.0508
11.85	10.17	0.57	6.07	4.10	0.00	1.57	6.07	6.07	0.11	0.47	0.10	524286	0.0515
16.06	14.27	0.70	9.05	5.21	0.00	1.53	9.05	9.05	0.83	0.43	0.09	524286	0.0367
21.10	19.43	0.58	14.94	4.48	0.00	2.99	14.94	14.94	0.17	0.46	0.09	524286	0.0270
15.70	14.03	0.59	9.16	4.86	0.00	1.77	9.16	9.16	0.62	0.43	0.08	524286	0.0374
24.66	22.86	0.69	18.53	4.32	0.00	1.20	18.53	18.53	1.14	0.44	0.09	524286	0.0229
18.13	16.48	0.59	12.62	3.85	0.00	2.65	12.62	12.62	0.16	0.44	0.09	524286	0.0318
24.52	22.86	0.58	18.37	4.49	0.00	4.51	18.37	18.37	0.24	0.46	0.08	524286	0.0229
12.97	11.19	0.69	7.55	3.63	0.00	1.46	7.55	7.55	1.01	0.43	0.08	524286	0.0469
21.91	20.10	0.69	16.34	3.75	0.00	2.47	16.34	16.34	2.03	0.30	0.08	524286	0.0261
16.85	15.19	0.57	11.58	3.61	0.00	3.78	11.58	11.58	0.32	0.47	0.09	524286	0.0345
11.49	9.72	0.69	6.02	3.69	0.00	1.84	6.02	6.02	0.65	0.43	0.08	524286	0.0540
27.67	26.03	0.57	22.60	3.42	0.00	5.12	22.60	22.60	0.32	0.47	0.09	524286	0.0201
22.12	20.35	0.65	17.04	3.31	0.00	4.44	17.04	17.04	0.28	0.46	0.08	524286	0.0258
14.28	12.64	0.56	8.89	3.74	0.00	1.12	8.89	8.89	1.07	0.46	0.08	524286	0.0415
11.19	9.45	0.69	5.98	3.47	0.00	2.02	5.98	5.98	0.43	0.43	0.09	524286	0.0555
10.51	8.74	0.69	5.31	3.42	0.00	1.74	5.31	5.31	0.22	0.43	0.08	524286	0.0600
11.43	9.74	0.56	5.50	4.24	0.00	1.53	5.50	5.50	0.98	0.43	0.08	524286	0.0538
13.01	11.23	0.69	7.40	3.82	0.00	1.23	7.40	7.40	1.02	0.43	0.08	524286	0.0467
16.69	14.84	0.77	10.90	3.93	0.00	1.33	10.90	10.90	1.06	0.43	0.08	524286	0.0353
12.44	10.74	0.61	6.71	4.03	0.00	1.74	6.71	6.71	0.69	0.44	0.08	524286	0.0488
25.37	23.58	0.68	19.19	4.39	0.00	1.43	19.19	19.19	1.24	0.42	0.09	524286	0.0222
38.32	36.67	0.58	32.70	3.96	0.00	5.97	32.70	32.70	0.28	0.47	0.08	524286	0.0143
11.81	10.17	0.56	7.26	2.90	0.00	2.74	7.26	7.26	0.18	0.47	0.08	524286	0.0515
14.61	12.85	0.69	9.18	3.66	0.00	1.27	9.18	9.18	1.10	0.45	0.08	524286	0.0408
10.30	8.67	0.56	4.76	3.91	0.00	1.61	4.76	4.76	0.87	0.46	0.08	524286	0.0605
28.08	26.45	0.56	22.62	3.82	0.00	2.54	22.62	22.62	1.98	0.31	0.08	524286	0.0198
11.35	9.68	0.59	5.77	3.90	0.00	1.76	5.77	5.77	0.15	0.43	0.08	524286	0.0542
16.66	14.80	0.72	11.02	3.77	0.00	1.36	11.02	11.02	1.06	0.43	0.09	524286	0.0354
21.05	19.32	0.59	14.63	4.68	0.00	1.36	14.63	14.63	1.12	0.44	0.09	524286	0.0271
14.94	13.27	0.59	8.56	4.70	0.00	1.40	8.56	8.56	0.99	0.43	0.09	524286	0.0395
13.02	11.36	0.58	7.12	4.24	0.00	1.33	7.12	7.12	0.91	0.43	0.09	524286	0.0462
19.01	17.15	0.70	12.98	4.17	0.00	1.31	12.98	12.98	1.06	0.44	0.09	524286	0.0306
13.97	12.25	0.59	7.80	4.45	0.00	1.80	7.80	7.80	0.16	0.43	0.09	524286	0.0428
16.96	15.18	0.70	9.89	5.28	0.00	1.64	9.89	9.89	0.85	0.44	0.09	524286	0.0345
17.74	15.93	0.71	11.06	4.86	0.00	1.84	11.06	11.06	0.67	0.42	0.09	524286	0.0329
37.03	35.36	0.60	31.18	4.17	0.00	4.06	31.18	31.18	0.22	0.57	0.08	524286	0.0148
10.70	8.95	0.68	5.20	3.74	0.00	1.39	5.20	5.20	0.94	0.46	0.08	524286	0.0586
15.47	13.82	0.56	10.63	3.19	0.00	3.53	10.63	10.63	0.21	0.48	0.08	524286	0.0379
11.73	9.98	0.67	6.48	3.49	0.00	1.33	6.48	6.48	0.97	0.45	0.08	524286	0.0525
12.27	10.51	0.69	6.39	4.11	0.00	1.63	6.39	6.39	0.84	0.43	0.08	524286	0.0499
22.91	21.04	0.75	16.74	4.30	0.00	1.39	16.74	16.74	1.19	0.44	0.09	524286	0.0249
12.98	11.19	0.70	7.00	4.19	0.00	1.68	7.00	7.00	0.85	0.42	0.08	524286	0.0468
14.68	12.85	0.69	8.76	4.08	0.00	1.27	8.76	8.76	0.99	0.42	0.09	524286	0.0408
31.19	29.51	0.57	25.56	3.94	0.00	4.47	25.56	25.56	0.25	0.46	0.09	524286	0.0178
14.98	13.33	0.57	9.30	4.02	0.00	1.28	9.30	9.30	1.02	0.42	0.08	524286	0.0393
9.94	8.25	0.62	4.24	4.00	0.00	1.61	4.24	4.24	0.66	0.43	0.08	524286	0.0636
29.66	28.00	0.59	24.69	3.30	0.00	7.71	24.69	24.69	0.41	0.46	0.08	524286	0.0187
9.89	8.22	0.60	4.35	3.86	0.00	1.50	4.10	4.10	0.90	0.42	0.08	524286	0.0638
13.73	11.95	0.67	8.49	3.45	0.00	1.49	8.49	8.49	1.21	0.43	0.08	524286	0.0439
17.29	15.64	0.57	12.17	3.47	0.00	6.02	11.99	11.99	0.36	0.48	0.08	524286	0.0335
10.15	8.23	0.85	4.37	3.85	0.00	1.65	4.18	4.18	0.83	0.45	0.07	524286	0.0637
9.45	7.35	1.03	3.87	3.47	0.00	1.49	3.85	3.85	0.77	0.42	0.08	524286	0.0713
9.93	8.13	0.69	4.54	3.59	0.00	1.43	4.51	4.51	0.95	0.43	0.08	524286	0.0645
15.12	13.47	0.58	10.19	3.27	0.00	4.70	10.19	10.19	0.34	0.47	0.08	524286	0.0389
9.81	8.16	0.58	4.54	3.61	0.00	1.29	4.50	4.50	0.95	0.42	0.08	524286	0.0643
11.29	9.64	0.57	6.58	3.05	0.00	2.67	6.58	6.58	0.22	0.90	0.09	524286	0.0544
9.88	8.24	0.57	5.07	3.16	0.00	1.72	5.07	5.07	0.10	0.43	0.08	524286	0.0636
10.44	8.66	0.70	5.08	3.58	0.00	1.39	5.08	5.08	0.92	0.46	0.08	524286	0.0605
10.47	8.67	0.69	5.13	3.52	0.00	1.81	5.13	5.13	0.15	0.42	0.12	524286	0.0605
13.64	11.68	0.69	7.39	4.29	0.00	1.22	7.39	7.39	1.13	0.46	0.22	524286	0.0449
23.51	21.81	0.57	17.57	4.24	0.00	1.40	17.57	17.57	1.25	0.43	0.12	524286	0.0240
11.68	9.91	0.69	5.97	3.93	0.00	1.73	5.97	5.97	0.48	0.42	0.08	524286	0.0529
18.50	16.69	0.70	12.38	4.30	0.00	1.22	12.38	12.38	1.10	0.43	0.09	524286	0.0314
15.16	13.49	0.58	9.11	4.38	0.00	2.03	9.11	9.11	0.61	0.49	0.09	524286	0.0389
26.86	25.08	0.69	20.78	4.30	0.00	1.40	20.78	20.78	1.28	0.43	0.09	524286	0.0209
14.96	13.12	0.76	9.75	3.37	0.00	1.47	9.75	9.75	0.50	0.42	0.08	524286	0.0400
12.39	10.64	0.66	6.63	4.01	0.00	1.87	6.63	6.63	0.68	0.43	0.08	524286	0.0493
18.91	17.13	0.69	8.80	8.33	0.00	1.41	8.80	8.80	0.98	0.49	0.09	524286	0.0306
30.68	28.87	0.69	24.43	4.43	0.00	2.34	24.43	24.43	1.83	0.39	0.09	524286	0.0182
14.46	12.60	0.71	8.47	4.12	0.00	1.86	8.47	8.47	0.60	0.42	0.09	524286	0.0416
32.48	30.63	0.75	26.09	4.53	0.00	2.28	26.09	26.09	1.88	0.30	0.10	524286	0.0171
SCALE: 14
nvtx: 16384
edgefactor: 16
terasize: 4.19430399999999992e-06
A: 5.69999999999999951e-01
B: 1.90000000000000002e-01
C: 1.90000000000000002e-01
D: 5.00000000000000444e-02
generation_time: 0.00000000000000000e+00
construction_time: 3.78971166000000026e-01
nbfs: 100
min_time: 8.38000005483627297e-03
firstquartile_time: 1.11207500100135789e-02
median_time: 1.40620000064373019e-02
thirdquartile_time: 2.09955000132322316e-02
max_time: 5.99720000624656691e-02
mean_time: 1.68793300056457561e-02
stddev_time: 8.52421162057363270e-03
min_nedge: 2.62140000000000000e+05
firstquartile_nedge: 2.62140000000000000e+05
median_nedge: 2.62140000000000000e+05
thirdquartile_nedge: 2.62140000000000000e+05
max_nedge: 2.62140000000000000e+05
mean_nedge: 2.62140000000000000e+05
stddev_nedge: 0.00000000000000000e+00
min_TEPS: 4.37103981402921490e+06
firstquartile_TEPS: 1.26574285133126695e+07
median_TEPS: 1.88712163238826990e+07
thirdquartile_TEPS: 2.43165468291728422e+07
max_TEPS: 3.12816227069967054e+07
harmonic_mean_TEPS: 1.55302372731808815e+07
harmonic_stddev_TEPS: 7.88241892501312890e+05
