[BASH] Running the GPU only graph500 for scale 20
file:/dev/null	benchmark:GRAPH500	vertices:1048576	edges:33554430	partitioning:RANDOM	platform:HYBRID	alpha:50	repeat:1	gpu_count:1	thread_count:2	thread_sched:GUIDED	thread_bind:false	gpu_graph_mem:DEVICE	gpu_par_randomized:false	sorted:false	edge_sort_key:id	edge_order:asc	separate_singletons:true	lambda:0Initializing the shares for Hybrid platform.
	time_init:4547.04	time_par:303.65	rmt_vertex:52	rmt_edge:50	beta:2	pid0:50,50,26,25	pid1:0,0,0,0	pid2:50,50,26,25	
total	exec	init	comp	comm	finalize	cpu_comp	gpu_comp	gpu_total_comp	scatter	gather	aggr	trv_edges	exec_rate
481.10	432.55	3.79	334.27	98.26	0.00	311.05	204.51	204.51	25.53	12.81	0.76	33554430	0.0776
408.16	373.04	1.86	294.13	78.90	0.00	77.95	289.41	289.41	14.77	7.21	0.47	33554430	0.0899
583.92	544.07	1.90	478.54	65.51	0.00	301.56	364.87	364.87	14.40	18.28	0.50	33554430	0.0617
458.60	386.39	1.62	277.33	109.05	0.00	180.07	236.22	236.22	55.71	22.71	4.59	33554430	0.0868
861.75	822.80	2.11	770.70	52.08	0.00	229.10	722.73	722.73	8.99	9.11	0.72	33554430	0.0408
557.61	498.17	1.43	417.16	80.99	0.00	233.78	332.62	332.62	5.99	17.26	0.77	33554430	0.0674
389.45	313.55	2.01	244.93	68.60	0.00	183.16	174.87	174.87	4.66	11.69	7.24	33554430	0.1070
337.19	302.45	2.11	242.79	59.65	0.00	163.83	236.94	236.94	11.88	8.72	0.62	33554430	0.1109
424.53	354.27	1.94	303.36	50.89	0.00	213.28	228.19	228.19	6.06	26.78	1.73	33554430	0.0947
343.09	260.36	2.94	187.08	73.26	0.00	134.10	168.11	168.11	28.63	12.58	8.86	33554430	0.1289
414.47	376.73	1.97	269.50	107.22	0.00	175.99	195.63	195.63	47.82	10.83	0.73	33554430	0.0891
218.14	182.45	2.49	145.12	37.31	0.00	76.64	137.38	137.38	4.09	7.62	0.63	33554430	0.1839
371.99	288.77	1.95	193.65	95.10	0.00	159.75	116.84	116.84	27.47	28.11	0.68	33554430	0.1162
363.39	287.08	14.22	204.39	82.67	0.00	159.79	193.10	193.10	43.39	8.68	0.70	33554430	0.1169
455.87	388.21	4.40	256.22	131.97	0.00	221.30	201.19	201.19	45.38	8.74	9.23	33554430	0.0864
605.56	556.55	1.73	450.59	105.94	0.00	258.91	419.48	419.48	85.41	15.55	0.72	33554430	0.0603
369.31	290.83	1.76	222.72	68.10	0.00	181.62	182.64	182.64	10.02	16.00	0.69	33554430	0.1154
417.14	338.75	1.96	243.83	94.91	0.00	173.97	240.67	240.67	24.52	13.48	0.74	33554430	0.0991
389.94	349.50	2.12	264.06	85.42	0.00	231.34	179.99	179.99	16.79	13.40	0.68	33554430	0.0960
543.71	477.50	1.75	395.31	82.18	0.00	268.07	312.80	312.80	7.30	10.69	7.19	33554430	0.0703
431.72	359.31	1.91	280.00	79.29	0.00	199.57	167.93	167.93	31.59	10.06	9.91	33554430	0.0934
429.78	341.17	4.15	259.09	82.06	0.00	192.45	243.54	243.54	14.48	8.73	0.92	33554430	0.0984
405.52	355.70	2.13	296.16	59.53	0.00	240.93	243.97	243.97	11.53	10.73	0.61	33554430	0.0943
446.04	387.15	1.99	290.71	96.42	0.00	255.90	262.32	262.32	30.63	13.11	0.72	33554430	0.0867
243.55	208.10	1.91	159.69	48.40	0.00	86.51	154.62	154.62	21.85	7.85	0.64	33554430	0.1612
221.75	180.01	2.49	132.05	47.96	0.00	84.77	128.00	128.00	21.60	12.36	0.68	33554430	0.1864
423.48	368.36	1.94	289.36	78.97	0.00	260.67	251.51	251.51	23.03	16.88	7.22	33554430	0.0911
367.13	264.16	2.07	187.18	76.97	0.00	108.70	173.80	173.80	22.08	26.92	9.68	33554430	0.1270
384.23	328.78	2.43	260.55	68.21	0.00	216.51	249.72	249.72	9.80	8.86	0.78	33554430	0.1021
473.17	413.41	2.89	299.47	113.93	0.00	254.64	260.85	260.85	79.92	18.54	0.70	33554430	0.0812
290.23	212.80	1.97	156.10	56.69	0.00	97.56	134.35	134.35	8.60	10.43	0.68	33554430	0.1577
383.50	343.56	1.89	250.30	93.24	0.00	189.69	193.68	193.68	27.20	18.45	0.67	33554430	0.0977
340.49	270.39	1.87	198.87	71.50	0.00	139.24	140.82	140.82	23.96	8.54	0.69	33554430	0.1241
340.55	302.66	1.95	213.25	89.39	0.00	152.31	209.78	209.78	43.51	8.46	0.65	33554430	0.1109
355.91	283.83	1.56	215.73	68.09	0.00	197.78	143.90	143.90	10.10	16.37	0.82	33554430	0.1182
292.99	247.85	12.35	194.79	53.05	0.00	146.86	188.20	188.20	11.67	9.50	0.62	33554430	0.1354
242.04	199.80	1.58	145.72	54.07	0.00	70.83	143.32	143.32	22.43	7.76	0.63	33554430	0.1679
457.44	380.67	4.02	280.70	99.95	0.00	244.40	221.93	221.93	32.60	20.65	7.21	33554430	0.0881
536.80	458.33	10.07	347.38	110.93	0.00	258.20	250.59	250.59	44.32	17.19	0.78	33554430	0.0732
563.23	484.76	15.10	377.69	107.05	0.00	215.01	336.91	336.91	86.62	17.29	0.74	33554430	0.0692
338.44	299.05	4.57	222.98	76.06	0.00	187.69	188.48	188.48	43.72	8.17	0.65	33554430	0.1122
460.28	372.14	1.88	289.61	82.50	0.00	216.71	236.63	236.63	9.37	17.60	8.17	33554430	0.0902
217.85	182.88	2.13	141.28	41.59	0.00	101.06	137.82	137.82	16.26	7.91	0.47	33554430	0.1835
184.25	149.18	1.72	114.67	34.50	0.00	80.58	111.35	111.35	13.09	7.68	0.47	33554430	0.2249
323.48	243.28	3.03	190.69	52.58	0.00	175.65	101.01	101.01	10.28	10.67	0.82	33554430	0.1379
378.90	327.15	4.04	249.56	77.56	0.00	167.77	245.58	245.58	43.82	8.90	0.61	33554430	0.1026
564.38	523.27	2.00	450.45	72.79	0.00	306.93	382.49	382.49	8.36	20.73	1.03	33554430	0.0641
542.42	468.00	6.17	362.81	105.17	0.00	209.86	293.82	293.82	52.93	18.61	11.13	33554430	0.0717
730.32	653.05	1.88	546.67	106.37	0.00	152.07	539.06	539.06	68.50	14.76	7.83	33554430	0.0514
275.99	235.68	3.50	185.79	49.88	0.00	84.76	182.45	182.45	24.03	8.02	0.63	33554430	0.1424
472.73	386.48	3.90	259.80	126.67	0.00	179.66	192.11	192.11	48.62	10.92	8.03	33554430	0.0868
472.02	432.29	3.75	335.79	96.49	0.00	217.09	288.86	288.86	67.86	8.78	0.72	33554430	0.0776
474.77	423.96	2.74	310.37	113.57	0.00	266.36	190.20	190.20	48.91	27.29	0.69	33554430	0.0791
315.49	231.55	1.94	167.41	64.13	0.00	111.36	153.57	153.57	24.62	19.78	9.91	33554430	0.1449
373.70	328.37	5.80	249.05	79.31	0.00	242.71	167.89	167.89	15.87	14.35	0.76	33554430	0.1022
502.09	413.11	2.80	300.08	113.00	0.00	159.27	242.15	242.15	71.11	17.98	9.18	33554430	0.0812
402.45	325.48	2.17	246.46	79.00	0.00	178.97	202.91	202.91	22.83	16.37	0.84	33554430	0.1031
447.52	404.90	3.68	318.79	86.09	0.00	234.37	214.43	214.43	25.09	10.10	0.66	33554430	0.0829
450.25	385.82	1.52	280.18	105.62	0.00	233.22	205.47	205.47	27.63	8.17	0.72	33554430	0.0870
350.44	253.75	2.14	210.84	42.90	0.00	153.50	198.02	198.02	8.97	12.05	0.69	33554430	0.1322
421.64	369.09	13.88	298.34	70.74	0.00	230.06	280.84	280.84	14.22	8.69	0.75	33554430	0.0909
598.14	556.99	4.88	476.53	80.45	0.00	285.75	397.50	397.50	20.34	17.00	0.76	33554430	0.0602
420.93	345.58	5.15	273.19	72.37	0.00	170.73	180.32	180.32	23.45	18.65	0.70	33554430	0.0971
382.97	283.29	19.38	215.54	67.73	0.00	153.24	173.46	173.46	31.24	10.78	0.70	33554430	0.1184
471.90	412.61	7.44	298.78	113.81	0.00	248.82	217.60	217.60	50.25	16.19	0.65	33554430	0.0813
422.07	363.05	2.35	273.07	89.96	0.00	249.99	216.82	216.82	33.72	21.10	0.71	33554430	0.0924
345.76	266.10	2.12	202.95	63.13	0.00	161.53	168.34	168.34	24.90	14.73	0.71	33554430	0.1261
379.01	338.94	3.72	258.43	80.48	0.00	241.27	225.94	225.94	33.22	16.37	0.67	33554430	0.0990
464.02	363.49	1.96	281.95	81.53	0.00	146.40	227.64	227.64	35.62	8.17	10.39	33554430	0.0923
354.61	284.69	1.91	216.40	68.28	0.00	168.05	203.63	203.63	27.60	8.85	0.67	33554430	0.1179
416.30	373.67	4.35	285.62	88.03	0.00	210.91	265.36	265.36	25.08	14.32	0.68	33554430	0.0898
328.21	248.32	1.99	171.63	76.67	0.00	157.53	119.62	119.62	12.04	13.02	0.67	33554430	0.1351
485.56	405.38	2.42	320.11	85.25	0.00	189.19	307.87	307.87	47.02	20.58	0.70	33554430	0.0828
433.39	392.77	4.34	305.62	87.14	0.00	223.99	251.31	251.31	42.07	15.45	0.75	33554430	0.0854
382.03	314.41	2.57	225.07	89.33	0.00	203.87	200.37	200.37	21.70	16.01	0.68	33554430	0.1067
604.82	518.22	3.66	446.73	71.46	0.00	273.35	348.74	348.74	11.82	10.83	1.35	33554430	0.0647
366.54	304.90	4.15	221.87	83.02	0.00	183.18	189.50	189.50	38.87	11.45	0.73	33554430	0.1100
727.45	655.63	2.32	598.47	57.14	0.00	225.36	565.76	565.76	12.71	8.80	0.76	33554430	0.0512
415.49	354.05	2.13	289.93	64.10	0.00	238.28	281.50	281.50	12.36	17.40	0.63	33554430	0.0948
395.08	309.38	2.15	229.56	79.80	0.00	212.28	180.24	180.24	46.34	18.24	11.39	33554430	0.1085
536.14	459.19	2.25	343.87	115.30	0.00	236.41	317.43	317.43	78.63	16.36	0.99	33554430	0.0731
323.49	243.60	2.29	180.66	62.92	0.00	143.99	137.90	137.90	33.64	11.94	0.69	33554430	0.1377
416.46	347.84	3.69	284.67	63.15	0.00	279.11	230.27	230.27	22.51	15.49	0.71	33554430	0.0965
397.20	327.47	1.71	228.92	98.53	0.00	188.84	150.62	150.62	28.96	10.73	0.70	33554430	0.1025
489.50	429.70	2.37	342.03	87.65	0.00	199.46	270.90	270.90	35.38	8.40	1.21	33554430	0.0781
485.71	405.83	4.18	325.90	79.91	0.00	212.13	301.81	301.81	8.08	12.82	0.73	33554430	0.0827
451.62	394.74	2.25	304.58	90.15	0.00	196.20	224.06	224.06	38.02	10.33	0.78	33554430	0.0850
414.44	353.09	4.39	234.71	118.37	0.00	196.50	226.01	226.01	36.94	14.52	7.66	33554430	0.0950
336.72	276.61	2.12	194.27	82.32	0.00	151.74	136.12	136.12	35.07	22.17	0.69	33554430	0.1213
425.27	385.00	4.35	310.95	74.03	0.00	190.84	292.13	292.13	17.31	15.37	0.62	33554430	0.0872
399.79	319.85	2.14	232.51	87.33	0.00	198.03	209.97	209.97	45.30	15.09	0.74	33554430	0.1049
449.37	386.81	4.39	318.42	68.37	0.00	211.43	261.47	261.47	15.56	17.60	0.68	33554430	0.0867
361.28	320.78	2.32	247.81	72.95	0.00	224.50	191.12	191.12	44.52	18.43	0.68	33554430	0.1046
351.88	266.03	1.93	182.44	83.57	0.00	144.61	142.86	142.86	29.81	13.68	9.19	33554430	0.1261
364.11	313.93	4.48	230.65	83.26	0.00	181.85	179.07	179.07	46.47	10.22	0.63	33554430	0.1069
453.57	376.92	7.60	271.92	104.98	0.00	202.26	161.19	161.19	37.41	8.13	0.69	33554430	0.0890
453.01	371.42	4.36	317.41	53.99	0.00	183.57	254.67	254.67	10.24	12.39	0.71	33554430	0.0903
441.63	365.60	4.89	272.73	92.86	0.00	217.34	166.61	166.61	40.49	10.26	0.72	33554430	0.0918
539.97	477.87	2.41	379.98	97.88	0.00	218.06	276.42	276.42	44.41	23.22	0.63	33554430	0.0702
533.96	478.44	18.00	416.40	62.00	0.00	227.41	380.64	380.64	7.23	11.59	0.70	33554430	0.0701
SCALE: 20
nvtx: 1048576
edgefactor: 16
terasize: 2.68435455999999995e-04
A: 5.69999999999999951e-01
B: 1.90000000000000002e-01
C: 1.90000000000000002e-01
D: 5.00000000000000444e-02
generation_time: 0.00000000000000000e+00
construction_time: 1.37825984140000006e+01
nbfs: 100
min_time: 1.50895999968051919e-01
firstquartile_time: 3.02910249903798112e-01
median_time: 3.57659500002861064e-01
thirdquartile_time: 4.09648749992251426e-01
max_time: 8.24905000030994429e-01
mean_time: 3.63841890002489010e-01
stddev_time: 1.06833737876453963e-01
min_nedge: 1.67770120000000000e+07
firstquartile_nedge: 1.67770120000000000e+07
median_nedge: 1.67770120000000000e+07
thirdquartile_nedge: 1.67770120000000000e+07
max_nedge: 1.67770120000000000e+07
mean_nedge: 1.67770120000000000e+07
stddev_nedge: 0.00000000000000000e+00
min_TEPS: 2.03381140851002634e+07
firstquartile_TEPS: 4.14168032588446587e+07
median_TEPS: 4.71008370925216898e+07
thirdquartile_TEPS: 5.69252221351161823e+07
max_TEPS: 1.11182615864914060e+08
harmonic_mean_TEPS: 4.61107213352624774e+07
harmonic_stddev_TEPS: 1.36075532830335200e+06
